 50
 50

    3
    2
   19
    2
   19
   16
   12
   14
   13
   19
    7
   18
    3
    1
    5
   12
   11
    8
   14
   19
   15
    6
   11
    5
   19
    2
    9
   12
    7
    6
   10
    8
   15
    1
    4
   19
    8
   19
    1
    2
    2
   16
   14
    8
   11
   13
   16
   16
   13
    9

   20
   12
    3
   20
    4
   19
   15
    8
    8
   10
   20
   15
   14
    3
    5
    7
    3
    9
    9
    3
   16
   12
    7
   19
   16
   20
   12
   15
   10
   12
    1
   20
    9
    9
    5
   18
    5
   19
    6
    7
   11
    3
    7
    7
    8
   13
   13
    2
    1
    4

   0    0     0    288 
   0    1     0    505 
   0    2     0    647 
   0    3     0    337 
   0    4     0    250 
   0    5     0    682 
   0    6     0    604 
   0    7     0    639 
   0    8     0    295 
   0    9     0    414 
   0   10     0    541 
   0   11     0    701 
   0   12     0    529 
   0   13     0    541 
   0   14     0    572 
   0   15     0    559 
   0   16     0    375 
   0   17     0    473 
   0   18     0    464 
   0   19     0    738 
   0   20     0    769 
   0   21     0    502 
   0   22     0    214 
   0   23     0    273 
   0   24     0    612 
   0   25     0    264 
   0   26     0    788 
   0   27     0    571 
   0   28     0    638 
   0   29     0    686 
   0   30     0    623 
   0   31     0    249 
   0   32     0    295 
   0   33     0    699 
   0   34     0    606 
   0   35     0    701 
   0   36     0    744 
   0   37     0    609 
   0   38     0    621 
   0   39     0    250 
   0   40     0    668 
   0   41     0    375 
   0   42     0    273 
   0   43     0    444 
   0   44     0    597 
   0   45     0    355 
   0   46     0    744 
   0   47     0    282 
   0   48     0    247 
   0   49     0    395 
   1    0     0    237 
   1    1     0    797 
   1    2     0    248 
   1    3     0    463 
   1    4     0    701 
   1    5     0    287 
   1    6     0    459 
   1    7     0    756 
   1    8     0    354 
   1    9     0    269 
   1   10     0    229 
   1   11     0    503 
   1   12     0    361 
   1   13     0    215 
   1   14     0    655 
   1   15     0    428 
   1   16     0    266 
   1   17     0    794 
   1   18     0    511 
   1   19     0    439 
   1   20     0    316 
   1   21     0    434 
   1   22     0    526 
   1   23     0    474 
   1   24     0    641 
   1   25     0    388 
   1   26     0    217 
   1   27     0    495 
   1   28     0    577 
   1   29     0    300 
   1   30     0    304 
   1   31     0    273 
   1   32     0    274 
   1   33     0    590 
   1   34     0    283 
   1   35     0    571 
   1   36     0    234 
   1   37     0    516 
   1   38     0    257 
   1   39     0    732 
   1   40     0    420 
   1   41     0    698 
   1   42     0    493 
   1   43     0    728 
   1   44     0    479 
   1   45     0    247 
   1   46     0    702 
   1   47     0    234 
   1   48     0    473 
   1   49     0    233 
   2    0     0    792 
   2    1     0    668 
   2    2     0    468 
   2    3     0    753 
   2    4     0    281 
   2    5     0    370 
   2    6     0    586 
   2    7     0    403 
   2    8     0    422 
   2    9     0    621 
   2   10     0    323 
   2   11     0    212 
   2   12     0    323 
   2   13     0    493 
   2   14     0    707 
   2   15     0    618 
   2   16     0    248 
   2   17     0    291 
   2   18     0    459 
   2   19     0    633 
   2   20     0    761 
   2   21     0    742 
   2   22     0    287 
   2   23     0    703 
   2   24     0    490 
   2   25     0    434 
   2   26     0    476 
   2   27     0    789 
   2   28     0    399 
   2   29     0    322 
   2   30     0    361 
   2   31     0    454 
   2   32     0    632 
   2   33     0    671 
   2   34     0    243 
   2   35     0    707 
   2   36     0    711 
   2   37     0    617 
   2   38     0    369 
   2   39     0    400 
   2   40     0    650 
   2   41     0    764 
   2   42     0    478 
   2   43     0    392 
   2   44     0    710 
   2   45     0    793 
   2   46     0    297 
   2   47     0    565 
   2   48     0    637 
   2   49     0    738 
   3    0     0    551 
   3    1     0    542 
   3    2     0    603 
   3    3     0    429 
   3    4     0    573 
   3    5     0    378 
   3    6     0    268 
   3    7     0    372 
   3    8     0    360 
   3    9     0    370 
   3   10     0    594 
   3   11     0    277 
   3   12     0    381 
   3   13     0    563 
   3   14     0    409 
   3   15     0    559 
   3   16     0    314 
   3   17     0    260 
   3   18     0    737 
   3   19     0    207 
   3   20     0    626 
   3   21     0    679 
   3   22     0    727 
   3   23     0    225 
   3   24     0    273 
   3   25     0    241 
   3   26     0    693 
   3   27     0    577 
   3   28     0    245 
   3   29     0    757 
   3   30     0    531 
   3   31     0    420 
   3   32     0    794 
   3   33     0    581 
   3   34     0    246 
   3   35     0    562 
   3   36     0    731 
   3   37     0    487 
   3   38     0    715 
   3   39     0    775 
   3   40     0    356 
   3   41     0    435 
   3   42     0    384 
   3   43     0    262 
   3   44     0    421 
   3   45     0    309 
   3   46     0    679 
   3   47     0    581 
   3   48     0    630 
   3   49     0    779 
   4    0     0    246 
   4    1     0    250 
   4    2     0    568 
   4    3     0    638 
   4    4     0    401 
   4    5     0    797 
   4    6     0    359 
   4    7     0    219 
   4    8     0    699 
   4    9     0    770 
   4   10     0    353 
   4   11     0    653 
   4   12     0    424 
   4   13     0    697 
   4   14     0    228 
   4   15     0    452 
   4   16     0    751 
   4   17     0    453 
   4   18     0    331 
   4   19     0    293 
   4   20     0    699 
   4   21     0    784 
   4   22     0    680 
   4   23     0    489 
   4   24     0    325 
   4   25     0    394 
   4   26     0    484 
   4   27     0    658 
   4   28     0    326 
   4   29     0    492 
   4   30     0    784 
   4   31     0    224 
   4   32     0    585 
   4   33     0    585 
   4   34     0    699 
   4   35     0    638 
   4   36     0    435 
   4   37     0    511 
   4   38     0    458 
   4   39     0    730 
   4   40     0    555 
   4   41     0    705 
   4   42     0    227 
   4   43     0    354 
   4   44     0    648 
   4   45     0    637 
   4   46     0    231 
   4   47     0    295 
   4   48     0    512 
   4   49     0    201 
   5    0     0    236 
   5    1     0    649 
   5    2     0    789 
   5    3     0    617 
   5    4     0    223 
   5    5     0    292 
   5    6     0    427 
   5    7     0    480 
   5    8     0    637 
   5    9     0    273 
   5   10     0    245 
   5   11     0    759 
   5   12     0    333 
   5   13     0    389 
   5   14     0    461 
   5   15     0    450 
   5   16     0    723 
   5   17     0    794 
   5   18     0    602 
   5   19     0    227 
   5   20     0    800 
   5   21     0    235 
   5   22     0    737 
   5   23     0    324 
   5   24     0    710 
   5   25     0    346 
   5   26     0    488 
   5   27     0    327 
   5   28     0    599 
   5   29     0    475 
   5   30     0    615 
   5   31     0    253 
   5   32     0    455 
   5   33     0    334 
   5   34     0    219 
   5   35     0    573 
   5   36     0    239 
   5   37     0    349 
   5   38     0    380 
   5   39     0    281 
   5   40     0    777 
   5   41     0    524 
   5   42     0    544 
   5   43     0    208 
   5   44     0    541 
   5   45     0    500 
   5   46     0    358 
   5   47     0    243 
   5   48     0    695 
   5   49     0    377 
   6    0     0    772 
   6    1     0    287 
   6    2     0    319 
   6    3     0    712 
   6    4     0    466 
   6    5     0    748 
   6    6     0    670 
   6    7     0    507 
   6    8     0    615 
   6    9     0    282 
   6   10     0    771 
   6   11     0    671 
   6   12     0    337 
   6   13     0    693 
   6   14     0    201 
   6   15     0    288 
   6   16     0    754 
   6   17     0    775 
   6   18     0    714 
   6   19     0    481 
   6   20     0    216 
   6   21     0    738 
   6   22     0    210 
   6   23     0    736 
   6   24     0    310 
   6   25     0    437 
   6   26     0    800 
   6   27     0    636 
   6   28     0    781 
   6   29     0    650 
   6   30     0    473 
   6   31     0    768 
   6   32     0    426 
   6   33     0    594 
   6   34     0    368 
   6   35     0    424 
   6   36     0    530 
   6   37     0    334 
   6   38     0    558 
   6   39     0    523 
   6   40     0    338 
   6   41     0    236 
   6   42     0    725 
   6   43     0    421 
   6   44     0    212 
   6   45     0    668 
   6   46     0    290 
   6   47     0    581 
   6   48     0    764 
   6   49     0    279 
   7    0     0    679 
   7    1     0    423 
   7    2     0    223 
   7    3     0    366 
   7    4     0    214 
   7    5     0    589 
   7    6     0    591 
   7    7     0    490 
   7    8     0    466 
   7    9     0    450 
   7   10     0    433 
   7   11     0    481 
   7   12     0    320 
   7   13     0    438 
   7   14     0    374 
   7   15     0    271 
   7   16     0    633 
   7   17     0    235 
   7   18     0    486 
   7   19     0    735 
   7   20     0    284 
   7   21     0    672 
   7   22     0    323 
   7   23     0    632 
   7   24     0    653 
   7   25     0    696 
   7   26     0    717 
   7   27     0    508 
   7   28     0    690 
   7   29     0    436 
   7   30     0    209 
   7   31     0    366 
   7   32     0    273 
   7   33     0    683 
   7   34     0    771 
   7   35     0    666 
   7   36     0    561 
   7   37     0    725 
   7   38     0    783 
   7   39     0    463 
   7   40     0    314 
   7   41     0    396 
   7   42     0    418 
   7   43     0    698 
   7   44     0    533 
   7   45     0    280 
   7   46     0    405 
   7   47     0    642 
   7   48     0    218 
   7   49     0    640 
   8    0     0    543 
   8    1     0    293 
   8    2     0    478 
   8    3     0    702 
   8    4     0    215 
   8    5     0    562 
   8    6     0    712 
   8    7     0    521 
   8    8     0    318 
   8    9     0    234 
   8   10     0    569 
   8   11     0    326 
   8   12     0    484 
   8   13     0    624 
   8   14     0    484 
   8   15     0    454 
   8   16     0    367 
   8   17     0    685 
   8   18     0    280 
   8   19     0    287 
   8   20     0    440 
   8   21     0    219 
   8   22     0    740 
   8   23     0    504 
   8   24     0    402 
   8   25     0    353 
   8   26     0    640 
   8   27     0    630 
   8   28     0    753 
   8   29     0    761 
   8   30     0    531 
   8   31     0    762 
   8   32     0    570 
   8   33     0    279 
   8   34     0    602 
   8   35     0    719 
   8   36     0    391 
   8   37     0    428 
   8   38     0    675 
   8   39     0    666 
   8   40     0    716 
   8   41     0    392 
   8   42     0    699 
   8   43     0    764 
   8   44     0    396 
   8   45     0    464 
   8   46     0    743 
   8   47     0    362 
   8   48     0    265 
   8   49     0    339 
   9    0     0    551 
   9    1     0    316 
   9    2     0    498 
   9    3     0    671 
   9    4     0    295 
   9    5     0    742 
   9    6     0    285 
   9    7     0    312 
   9    8     0    517 
   9    9     0    693 
   9   10     0    628 
   9   11     0    421 
   9   12     0    487 
   9   13     0    267 
   9   14     0    484 
   9   15     0    480 
   9   16     0    263 
   9   17     0    559 
   9   18     0    204 
   9   19     0    740 
   9   20     0    564 
   9   21     0    559 
   9   22     0    661 
   9   23     0    647 
   9   24     0    690 
   9   25     0    535 
   9   26     0    712 
   9   27     0    634 
   9   28     0    385 
   9   29     0    316 
   9   30     0    224 
   9   31     0    463 
   9   32     0    241 
   9   33     0    358 
   9   34     0    535 
   9   35     0    466 
   9   36     0    469 
   9   37     0    338 
   9   38     0    643 
   9   39     0    216 
   9   40     0    759 
   9   41     0    606 
   9   42     0    259 
   9   43     0    410 
   9   44     0    761 
   9   45     0    223 
   9   46     0    203 
   9   47     0    610 
   9   48     0    306 
   9   49     0    703 
  10    0     0    681 
  10    1     0    656 
  10    2     0    592 
  10    3     0    744 
  10    4     0    417 
  10    5     0    617 
  10    6     0    293 
  10    7     0    241 
  10    8     0    287 
  10    9     0    501 
  10   10     0    539 
  10   11     0    714 
  10   12     0    632 
  10   13     0    590 
  10   14     0    712 
  10   15     0    655 
  10   16     0    594 
  10   17     0    735 
  10   18     0    541 
  10   19     0    238 
  10   20     0    223 
  10   21     0    286 
  10   22     0    535 
  10   23     0    237 
  10   24     0    397 
  10   25     0    452 
  10   26     0    788 
  10   27     0    359 
  10   28     0    529 
  10   29     0    387 
  10   30     0    492 
  10   31     0    789 
  10   32     0    571 
  10   33     0    619 
  10   34     0    359 
  10   35     0    477 
  10   36     0    243 
  10   37     0    786 
  10   38     0    472 
  10   39     0    528 
  10   40     0    512 
  10   41     0    745 
  10   42     0    694 
  10   43     0    352 
  10   44     0    330 
  10   45     0    599 
  10   46     0    382 
  10   47     0    525 
  10   48     0    563 
  10   49     0    684 
  11    0     0    693 
  11    1     0    671 
  11    2     0    487 
  11    3     0    353 
  11    4     0    280 
  11    5     0    751 
  11    6     0    404 
  11    7     0    693 
  11    8     0    481 
  11    9     0    656 
  11   10     0    516 
  11   11     0    712 
  11   12     0    329 
  11   13     0    209 
  11   14     0    324 
  11   15     0    346 
  11   16     0    286 
  11   17     0    364 
  11   18     0    398 
  11   19     0    728 
  11   20     0    557 
  11   21     0    313 
  11   22     0    238 
  11   23     0    350 
  11   24     0    328 
  11   25     0    631 
  11   26     0    331 
  11   27     0    293 
  11   28     0    505 
  11   29     0    298 
  11   30     0    508 
  11   31     0    488 
  11   32     0    383 
  11   33     0    294 
  11   34     0    517 
  11   35     0    309 
  11   36     0    517 
  11   37     0    588 
  11   38     0    715 
  11   39     0    499 
  11   40     0    629 
  11   41     0    328 
  11   42     0    387 
  11   43     0    606 
  11   44     0    358 
  11   45     0    779 
  11   46     0    200 
  11   47     0    209 
  11   48     0    414 
  11   49     0    662 
  12    0     0    280 
  12    1     0    258 
  12    2     0    202 
  12    3     0    357 
  12    4     0    591 
  12    5     0    582 
  12    6     0    339 
  12    7     0    435 
  12    8     0    413 
  12    9     0    370 
  12   10     0    568 
  12   11     0    324 
  12   12     0    652 
  12   13     0    771 
  12   14     0    232 
  12   15     0    601 
  12   16     0    598 
  12   17     0    546 
  12   18     0    685 
  12   19     0    717 
  12   20     0    427 
  12   21     0    262 
  12   22     0    752 
  12   23     0    620 
  12   24     0    394 
  12   25     0    614 
  12   26     0    556 
  12   27     0    493 
  12   28     0    385 
  12   29     0    772 
  12   30     0    715 
  12   31     0    576 
  12   32     0    770 
  12   33     0    684 
  12   34     0    668 
  12   35     0    551 
  12   36     0    733 
  12   37     0    356 
  12   38     0    330 
  12   39     0    679 
  12   40     0    696 
  12   41     0    567 
  12   42     0    463 
  12   43     0    393 
  12   44     0    460 
  12   45     0    778 
  12   46     0    795 
  12   47     0    337 
  12   48     0    722 
  12   49     0    573 
  13    0     0    260 
  13    1     0    578 
  13    2     0    598 
  13    3     0    481 
  13    4     0    277 
  13    5     0    288 
  13    6     0    209 
  13    7     0    631 
  13    8     0    728 
  13    9     0    651 
  13   10     0    247 
  13   11     0    276 
  13   12     0    207 
  13   13     0    454 
  13   14     0    660 
  13   15     0    290 
  13   16     0    298 
  13   17     0    256 
  13   18     0    612 
  13   19     0    268 
  13   20     0    492 
  13   21     0    308 
  13   22     0    382 
  13   23     0    649 
  13   24     0    484 
  13   25     0    367 
  13   26     0    491 
  13   27     0    779 
  13   28     0    755 
  13   29     0    535 
  13   30     0    595 
  13   31     0    738 
  13   32     0    349 
  13   33     0    601 
  13   34     0    637 
  13   35     0    304 
  13   36     0    392 
  13   37     0    663 
  13   38     0    679 
  13   39     0    530 
  13   40     0    429 
  13   41     0    538 
  13   42     0    281 
  13   43     0    703 
  13   44     0    560 
  13   45     0    501 
  13   46     0    255 
  13   47     0    629 
  13   48     0    221 
  13   49     0    339 
  14    0     0    614 
  14    1     0    681 
  14    2     0    609 
  14    3     0    352 
  14    4     0    501 
  14    5     0    599 
  14    6     0    362 
  14    7     0    726 
  14    8     0    517 
  14    9     0    551 
  14   10     0    218 
  14   11     0    603 
  14   12     0    521 
  14   13     0    796 
  14   14     0    320 
  14   15     0    655 
  14   16     0    422 
  14   17     0    762 
  14   18     0    731 
  14   19     0    562 
  14   20     0    301 
  14   21     0    738 
  14   22     0    220 
  14   23     0    654 
  14   24     0    794 
  14   25     0    225 
  14   26     0    630 
  14   27     0    553 
  14   28     0    800 
  14   29     0    230 
  14   30     0    735 
  14   31     0    249 
  14   32     0    395 
  14   33     0    344 
  14   34     0    710 
  14   35     0    760 
  14   36     0    591 
  14   37     0    401 
  14   38     0    571 
  14   39     0    506 
  14   40     0    207 
  14   41     0    293 
  14   42     0    453 
  14   43     0    460 
  14   44     0    228 
  14   45     0    425 
  14   46     0    206 
  14   47     0    370 
  14   48     0    586 
  14   49     0    647 
  15    0     0    203 
  15    1     0    231 
  15    2     0    571 
  15    3     0    774 
  15    4     0    723 
  15    5     0    686 
  15    6     0    789 
  15    7     0    784 
  15    8     0    463 
  15    9     0    303 
  15   10     0    793 
  15   11     0    264 
  15   12     0    457 
  15   13     0    394 
  15   14     0    366 
  15   15     0    467 
  15   16     0    471 
  15   17     0    217 
  15   18     0    478 
  15   19     0    594 
  15   20     0    420 
  15   21     0    614 
  15   22     0    272 
  15   23     0    656 
  15   24     0    229 
  15   25     0    230 
  15   26     0    356 
  15   27     0    226 
  15   28     0    469 
  15   29     0    278 
  15   30     0    718 
  15   31     0    662 
  15   32     0    426 
  15   33     0    378 
  15   34     0    556 
  15   35     0    422 
  15   36     0    588 
  15   37     0    622 
  15   38     0    308 
  15   39     0    223 
  15   40     0    299 
  15   41     0    587 
  15   42     0    299 
  15   43     0    705 
  15   44     0    468 
  15   45     0    285 
  15   46     0    205 
  15   47     0    618 
  15   48     0    390 
  15   49     0    304 
  16    0     0    323 
  16    1     0    208 
  16    2     0    537 
  16    3     0    461 
  16    4     0    689 
  16    5     0    282 
  16    6     0    680 
  16    7     0    208 
  16    8     0    344 
  16    9     0    750 
  16   10     0    406 
  16   11     0    695 
  16   12     0    271 
  16   13     0    416 
  16   14     0    491 
  16   15     0    447 
  16   16     0    286 
  16   17     0    332 
  16   18     0    592 
  16   19     0    235 
  16   20     0    439 
  16   21     0    386 
  16   22     0    336 
  16   23     0    301 
  16   24     0    532 
  16   25     0    279 
  16   26     0    711 
  16   27     0    703 
  16   28     0    345 
  16   29     0    790 
  16   30     0    582 
  16   31     0    682 
  16   32     0    288 
  16   33     0    341 
  16   34     0    412 
  16   35     0    730 
  16   36     0    391 
  16   37     0    639 
  16   38     0    757 
  16   39     0    604 
  16   40     0    226 
  16   41     0    412 
  16   42     0    347 
  16   43     0    495 
  16   44     0    372 
  16   45     0    543 
  16   46     0    676 
  16   47     0    347 
  16   48     0    366 
  16   49     0    247 
  17    0     0    739 
  17    1     0    516 
  17    2     0    361 
  17    3     0    564 
  17    4     0    392 
  17    5     0    656 
  17    6     0    377 
  17    7     0    721 
  17    8     0    646 
  17    9     0    700 
  17   10     0    462 
  17   11     0    455 
  17   12     0    549 
  17   13     0    329 
  17   14     0    244 
  17   15     0    553 
  17   16     0    538 
  17   17     0    373 
  17   18     0    265 
  17   19     0    327 
  17   20     0    257 
  17   21     0    339 
  17   22     0    692 
  17   23     0    296 
  17   24     0    369 
  17   25     0    656 
  17   26     0    472 
  17   27     0    612 
  17   28     0    541 
  17   29     0    499 
  17   30     0    222 
  17   31     0    462 
  17   32     0    209 
  17   33     0    413 
  17   34     0    296 
  17   35     0    469 
  17   36     0    218 
  17   37     0    347 
  17   38     0    469 
  17   39     0    401 
  17   40     0    709 
  17   41     0    520 
  17   42     0    724 
  17   43     0    766 
  17   44     0    561 
  17   45     0    510 
  17   46     0    377 
  17   47     0    672 
  17   48     0    270 
  17   49     0    733 
  18    0     0    782 
  18    1     0    460 
  18    2     0    400 
  18    3     0    601 
  18    4     0    285 
  18    5     0    603 
  18    6     0    667 
  18    7     0    425 
  18    8     0    203 
  18    9     0    614 
  18   10     0    232 
  18   11     0    296 
  18   12     0    483 
  18   13     0    649 
  18   14     0    649 
  18   15     0    745 
  18   16     0    620 
  18   17     0    525 
  18   18     0    414 
  18   19     0    387 
  18   20     0    605 
  18   21     0    357 
  18   22     0    225 
  18   23     0    502 
  18   24     0    228 
  18   25     0    553 
  18   26     0    586 
  18   27     0    291 
  18   28     0    553 
  18   29     0    216 
  18   30     0    256 
  18   31     0    537 
  18   32     0    737 
  18   33     0    771 
  18   34     0    536 
  18   35     0    399 
  18   36     0    290 
  18   37     0    231 
  18   38     0    270 
  18   39     0    322 
  18   40     0    557 
  18   41     0    362 
  18   42     0    373 
  18   43     0    277 
  18   44     0    310 
  18   45     0    747 
  18   46     0    505 
  18   47     0    546 
  18   48     0    378 
  18   49     0    375 
  19    0     0    309 
  19    1     0    761 
  19    2     0    269 
  19    3     0    720 
  19    4     0    673 
  19    5     0    719 
  19    6     0    656 
  19    7     0    584 
  19    8     0    472 
  19    9     0    712 
  19   10     0    694 
  19   11     0    747 
  19   12     0    344 
  19   13     0    669 
  19   14     0    309 
  19   15     0    240 
  19   16     0    263 
  19   17     0    720 
  19   18     0    504 
  19   19     0    517 
  19   20     0    442 
  19   21     0    570 
  19   22     0    587 
  19   23     0    664 
  19   24     0    691 
  19   25     0    551 
  19   26     0    641 
  19   27     0    675 
  19   28     0    401 
  19   29     0    697 
  19   30     0    569 
  19   31     0    401 
  19   32     0    342 
  19   33     0    767 
  19   34     0    742 
  19   35     0    397 
  19   36     0    355 
  19   37     0    683 
  19   38     0    525 
  19   39     0    249 
  19   40     0    629 
  19   41     0    638 
  19   42     0    689 
  19   43     0    539 
  19   44     0    446 
  19   45     0    231 
  19   46     0    720 
  19   47     0    335 
  19   48     0    626 
  19   49     0    348 
  20    0     0    718 
  20    1     0    628 
  20    2     0    418 
  20    3     0    261 
  20    4     0    392 
  20    5     0    379 
  20    6     0    475 
  20    7     0    487 
  20    8     0    348 
  20    9     0    617 
  20   10     0    766 
  20   11     0    635 
  20   12     0    260 
  20   13     0    492 
  20   14     0    336 
  20   15     0    505 
  20   16     0    642 
  20   17     0    650 
  20   18     0    355 
  20   19     0    241 
  20   20     0    627 
  20   21     0    561 
  20   22     0    510 
  20   23     0    337 
  20   24     0    769 
  20   25     0    511 
  20   26     0    278 
  20   27     0    797 
  20   28     0    368 
  20   29     0    254 
  20   30     0    461 
  20   31     0    700 
  20   32     0    751 
  20   33     0    631 
  20   34     0    700 
  20   35     0    335 
  20   36     0    252 
  20   37     0    587 
  20   38     0    205 
  20   39     0    623 
  20   40     0    705 
  20   41     0    735 
  20   42     0    287 
  20   43     0    466 
  20   44     0    762 
  20   45     0    358 
  20   46     0    308 
  20   47     0    563 
  20   48     0    360 
  20   49     0    317 
  21    0     0    305 
  21    1     0    223 
  21    2     0    703 
  21    3     0    267 
  21    4     0    390 
  21    5     0    537 
  21    6     0    560 
  21    7     0    645 
  21    8     0    218 
  21    9     0    352 
  21   10     0    499 
  21   11     0    535 
  21   12     0    679 
  21   13     0    332 
  21   14     0    392 
  21   15     0    253 
  21   16     0    675 
  21   17     0    571 
  21   18     0    287 
  21   19     0    676 
  21   20     0    552 
  21   21     0    732 
  21   22     0    266 
  21   23     0    257 
  21   24     0    747 
  21   25     0    603 
  21   26     0    562 
  21   27     0    448 
  21   28     0    208 
  21   29     0    214 
  21   30     0    626 
  21   31     0    307 
  21   32     0    239 
  21   33     0    275 
  21   34     0    365 
  21   35     0    598 
  21   36     0    764 
  21   37     0    394 
  21   38     0    290 
  21   39     0    614 
  21   40     0    735 
  21   41     0    274 
  21   42     0    737 
  21   43     0    335 
  21   44     0    609 
  21   45     0    435 
  21   46     0    397 
  21   47     0    377 
  21   48     0    452 
  21   49     0    795 
  22    0     0    775 
  22    1     0    458 
  22    2     0    372 
  22    3     0    525 
  22    4     0    354 
  22    5     0    506 
  22    6     0    700 
  22    7     0    642 
  22    8     0    395 
  22    9     0    717 
  22   10     0    261 
  22   11     0    735 
  22   12     0    365 
  22   13     0    615 
  22   14     0    309 
  22   15     0    715 
  22   16     0    581 
  22   17     0    546 
  22   18     0    599 
  22   19     0    752 
  22   20     0    522 
  22   21     0    672 
  22   22     0    299 
  22   23     0    753 
  22   24     0    520 
  22   25     0    695 
  22   26     0    715 
  22   27     0    310 
  22   28     0    577 
  22   29     0    377 
  22   30     0    775 
  22   31     0    590 
  22   32     0    683 
  22   33     0    481 
  22   34     0    203 
  22   35     0    490 
  22   36     0    462 
  22   37     0    324 
  22   38     0    307 
  22   39     0    794 
  22   40     0    259 
  22   41     0    343 
  22   42     0    569 
  22   43     0    313 
  22   44     0    329 
  22   45     0    279 
  22   46     0    416 
  22   47     0    362 
  22   48     0    384 
  22   49     0    412 
  23    0     0    542 
  23    1     0    537 
  23    2     0    277 
  23    3     0    713 
  23    4     0    445 
  23    5     0    248 
  23    6     0    410 
  23    7     0    730 
  23    8     0    794 
  23    9     0    608 
  23   10     0    797 
  23   11     0    493 
  23   12     0    700 
  23   13     0    782 
  23   14     0    598 
  23   15     0    486 
  23   16     0    257 
  23   17     0    712 
  23   18     0    681 
  23   19     0    681 
  23   20     0    705 
  23   21     0    429 
  23   22     0    310 
  23   23     0    728 
  23   24     0    621 
  23   25     0    338 
  23   26     0    669 
  23   27     0    742 
  23   28     0    238 
  23   29     0    537 
  23   30     0    737 
  23   31     0    608 
  23   32     0    628 
  23   33     0    709 
  23   34     0    457 
  23   35     0    318 
  23   36     0    399 
  23   37     0    554 
  23   38     0    468 
  23   39     0    553 
  23   40     0    574 
  23   41     0    716 
  23   42     0    292 
  23   43     0    656 
  23   44     0    265 
  23   45     0    729 
  23   46     0    687 
  23   47     0    379 
  23   48     0    650 
  23   49     0    565 
  24    0     0    553 
  24    1     0    691 
  24    2     0    404 
  24    3     0    477 
  24    4     0    571 
  24    5     0    694 
  24    6     0    414 
  24    7     0    261 
  24    8     0    331 
  24    9     0    396 
  24   10     0    456 
  24   11     0    775 
  24   12     0    410 
  24   13     0    479 
  24   14     0    795 
  24   15     0    598 
  24   16     0    706 
  24   17     0    255 
  24   18     0    673 
  24   19     0    792 
  24   20     0    652 
  24   21     0    385 
  24   22     0    632 
  24   23     0    800 
  24   24     0    749 
  24   25     0    437 
  24   26     0    798 
  24   27     0    457 
  24   28     0    384 
  24   29     0    461 
  24   30     0    545 
  24   31     0    251 
  24   32     0    793 
  24   33     0    338 
  24   34     0    723 
  24   35     0    708 
  24   36     0    618 
  24   37     0    687 
  24   38     0    477 
  24   39     0    358 
  24   40     0    690 
  24   41     0    618 
  24   42     0    641 
  24   43     0    368 
  24   44     0    678 
  24   45     0    393 
  24   46     0    631 
  24   47     0    309 
  24   48     0    719 
  24   49     0    638 
  25    0     0    672 
  25    1     0    782 
  25    2     0    761 
  25    3     0    295 
  25    4     0    277 
  25    5     0    335 
  25    6     0    513 
  25    7     0    586 
  25    8     0    683 
  25    9     0    327 
  25   10     0    766 
  25   11     0    539 
  25   12     0    551 
  25   13     0    748 
  25   14     0    337 
  25   15     0    498 
  25   16     0    324 
  25   17     0    308 
  25   18     0    472 
  25   19     0    687 
  25   20     0    385 
  25   21     0    796 
  25   22     0    715 
  25   23     0    646 
  25   24     0    739 
  25   25     0    455 
  25   26     0    331 
  25   27     0    228 
  25   28     0    256 
  25   29     0    203 
  25   30     0    793 
  25   31     0    674 
  25   32     0    462 
  25   33     0    335 
  25   34     0    772 
  25   35     0    463 
  25   36     0    238 
  25   37     0    777 
  25   38     0    381 
  25   39     0    345 
  25   40     0    515 
  25   41     0    454 
  25   42     0    377 
  25   43     0    561 
  25   44     0    299 
  25   45     0    227 
  25   46     0    238 
  25   47     0    485 
  25   48     0    391 
  25   49     0    367 
  26    0     0    646 
  26    1     0    784 
  26    2     0    248 
  26    3     0    738 
  26    4     0    314 
  26    5     0    297 
  26    6     0    473 
  26    7     0    416 
  26    8     0    379 
  26    9     0    597 
  26   10     0    609 
  26   11     0    785 
  26   12     0    618 
  26   13     0    438 
  26   14     0    200 
  26   15     0    559 
  26   16     0    796 
  26   17     0    289 
  26   18     0    577 
  26   19     0    488 
  26   20     0    547 
  26   21     0    709 
  26   22     0    375 
  26   23     0    396 
  26   24     0    603 
  26   25     0    319 
  26   26     0    553 
  26   27     0    356 
  26   28     0    658 
  26   29     0    218 
  26   30     0    682 
  26   31     0    787 
  26   32     0    582 
  26   33     0    578 
  26   34     0    394 
  26   35     0    436 
  26   36     0    256 
  26   37     0    544 
  26   38     0    544 
  26   39     0    276 
  26   40     0    500 
  26   41     0    735 
  26   42     0    763 
  26   43     0    388 
  26   44     0    226 
  26   45     0    557 
  26   46     0    762 
  26   47     0    465 
  26   48     0    234 
  26   49     0    797 
  27    0     0    716 
  27    1     0    722 
  27    2     0    604 
  27    3     0    250 
  27    4     0    723 
  27    5     0    646 
  27    6     0    324 
  27    7     0    291 
  27    8     0    519 
  27    9     0    309 
  27   10     0    555 
  27   11     0    485 
  27   12     0    732 
  27   13     0    313 
  27   14     0    504 
  27   15     0    401 
  27   16     0    484 
  27   17     0    346 
  27   18     0    761 
  27   19     0    274 
  27   20     0    282 
  27   21     0    446 
  27   22     0    236 
  27   23     0    298 
  27   24     0    664 
  27   25     0    520 
  27   26     0    507 
  27   27     0    461 
  27   28     0    654 
  27   29     0    336 
  27   30     0    705 
  27   31     0    717 
  27   32     0    294 
  27   33     0    246 
  27   34     0    770 
  27   35     0    209 
  27   36     0    277 
  27   37     0    276 
  27   38     0    663 
  27   39     0    488 
  27   40     0    228 
  27   41     0    640 
  27   42     0    688 
  27   43     0    221 
  27   44     0    478 
  27   45     0    452 
  27   46     0    764 
  27   47     0    727 
  27   48     0    454 
  27   49     0    548 
  28    0     0    240 
  28    1     0    391 
  28    2     0    253 
  28    3     0    409 
  28    4     0    489 
  28    5     0    542 
  28    6     0    763 
  28    7     0    490 
  28    8     0    312 
  28    9     0    422 
  28   10     0    590 
  28   11     0    500 
  28   12     0    433 
  28   13     0    746 
  28   14     0    664 
  28   15     0    402 
  28   16     0    346 
  28   17     0    316 
  28   18     0    277 
  28   19     0    466 
  28   20     0    784 
  28   21     0    745 
  28   22     0    557 
  28   23     0    638 
  28   24     0    378 
  28   25     0    459 
  28   26     0    209 
  28   27     0    638 
  28   28     0    720 
  28   29     0    330 
  28   30     0    430 
  28   31     0    355 
  28   32     0    714 
  28   33     0    314 
  28   34     0    226 
  28   35     0    665 
  28   36     0    225 
  28   37     0    481 
  28   38     0    219 
  28   39     0    433 
  28   40     0    269 
  28   41     0    402 
  28   42     0    200 
  28   43     0    725 
  28   44     0    774 
  28   45     0    747 
  28   46     0    756 
  28   47     0    644 
  28   48     0    488 
  28   49     0    255 
  29    0     0    538 
  29    1     0    664 
  29    2     0    343 
  29    3     0    717 
  29    4     0    798 
  29    5     0    658 
  29    6     0    382 
  29    7     0    380 
  29    8     0    643 
  29    9     0    690 
  29   10     0    462 
  29   11     0    790 
  29   12     0    790 
  29   13     0    537 
  29   14     0    332 
  29   15     0    304 
  29   16     0    662 
  29   17     0    211 
  29   18     0    655 
  29   19     0    412 
  29   20     0    293 
  29   21     0    631 
  29   22     0    740 
  29   23     0    631 
  29   24     0    350 
  29   25     0    226 
  29   26     0    548 
  29   27     0    431 
  29   28     0    613 
  29   29     0    313 
  29   30     0    519 
  29   31     0    575 
  29   32     0    648 
  29   33     0    362 
  29   34     0    330 
  29   35     0    484 
  29   36     0    207 
  29   37     0    338 
  29   38     0    330 
  29   39     0    659 
  29   40     0    732 
  29   41     0    417 
  29   42     0    518 
  29   43     0    239 
  29   44     0    637 
  29   45     0    235 
  29   46     0    219 
  29   47     0    312 
  29   48     0    280 
  29   49     0    236 
  30    0     0    768 
  30    1     0    796 
  30    2     0    607 
  30    3     0    709 
  30    4     0    572 
  30    5     0    428 
  30    6     0    221 
  30    7     0    376 
  30    8     0    532 
  30    9     0    248 
  30   10     0    495 
  30   11     0    754 
  30   12     0    390 
  30   13     0    317 
  30   14     0    289 
  30   15     0    612 
  30   16     0    397 
  30   17     0    547 
  30   18     0    634 
  30   19     0    747 
  30   20     0    714 
  30   21     0    436 
  30   22     0    460 
  30   23     0    641 
  30   24     0    426 
  30   25     0    527 
  30   26     0    528 
  30   27     0    594 
  30   28     0    639 
  30   29     0    271 
  30   30     0    608 
  30   31     0    427 
  30   32     0    281 
  30   33     0    689 
  30   34     0    774 
  30   35     0    463 
  30   36     0    439 
  30   37     0    241 
  30   38     0    547 
  30   39     0    475 
  30   40     0    773 
  30   41     0    728 
  30   42     0    337 
  30   43     0    508 
  30   44     0    650 
  30   45     0    589 
  30   46     0    720 
  30   47     0    681 
  30   48     0    381 
  30   49     0    343 
  31    0     0    312 
  31    1     0    724 
  31    2     0    273 
  31    3     0    604 
  31    4     0    763 
  31    5     0    371 
  31    6     0    425 
  31    7     0    319 
  31    8     0    322 
  31    9     0    242 
  31   10     0    651 
  31   11     0    348 
  31   12     0    260 
  31   13     0    569 
  31   14     0    611 
  31   15     0    767 
  31   16     0    310 
  31   17     0    492 
  31   18     0    698 
  31   19     0    523 
  31   20     0    688 
  31   21     0    498 
  31   22     0    267 
  31   23     0    476 
  31   24     0    578 
  31   25     0    408 
  31   26     0    671 
  31   27     0    650 
  31   28     0    598 
  31   29     0    218 
  31   30     0    532 
  31   31     0    592 
  31   32     0    383 
  31   33     0    538 
  31   34     0    438 
  31   35     0    261 
  31   36     0    575 
  31   37     0    203 
  31   38     0    675 
  31   39     0    507 
  31   40     0    467 
  31   41     0    413 
  31   42     0    514 
  31   43     0    721 
  31   44     0    315 
  31   45     0    754 
  31   46     0    612 
  31   47     0    332 
  31   48     0    469 
  31   49     0    708 
  32    0     0    559 
  32    1     0    790 
  32    2     0    355 
  32    3     0    434 
  32    4     0    572 
  32    5     0    268 
  32    6     0    679 
  32    7     0    283 
  32    8     0    738 
  32    9     0    364 
  32   10     0    734 
  32   11     0    695 
  32   12     0    711 
  32   13     0    373 
  32   14     0    407 
  32   15     0    318 
  32   16     0    230 
  32   17     0    258 
  32   18     0    411 
  32   19     0    464 
  32   20     0    552 
  32   21     0    578 
  32   22     0    376 
  32   23     0    736 
  32   24     0    224 
  32   25     0    316 
  32   26     0    454 
  32   27     0    227 
  32   28     0    204 
  32   29     0    333 
  32   30     0    659 
  32   31     0    569 
  32   32     0    715 
  32   33     0    251 
  32   34     0    265 
  32   35     0    344 
  32   36     0    709 
  32   37     0    441 
  32   38     0    373 
  32   39     0    480 
  32   40     0    532 
  32   41     0    752 
  32   42     0    567 
  32   43     0    336 
  32   44     0    302 
  32   45     0    364 
  32   46     0    792 
  32   47     0    708 
  32   48     0    215 
  32   49     0    512 
  33    0     0    272 
  33    1     0    320 
  33    2     0    498 
  33    3     0    778 
  33    4     0    649 
  33    5     0    757 
  33    6     0    666 
  33    7     0    441 
  33    8     0    421 
  33    9     0    709 
  33   10     0    643 
  33   11     0    287 
  33   12     0    800 
  33   13     0    703 
  33   14     0    658 
  33   15     0    733 
  33   16     0    307 
  33   17     0    620 
  33   18     0    454 
  33   19     0    527 
  33   20     0    212 
  33   21     0    605 
  33   22     0    336 
  33   23     0    692 
  33   24     0    488 
  33   25     0    411 
  33   26     0    650 
  33   27     0    493 
  33   28     0    705 
  33   29     0    750 
  33   30     0    352 
  33   31     0    630 
  33   32     0    540 
  33   33     0    214 
  33   34     0    539 
  33   35     0    266 
  33   36     0    305 
  33   37     0    483 
  33   38     0    342 
  33   39     0    582 
  33   40     0    679 
  33   41     0    332 
  33   42     0    672 
  33   43     0    790 
  33   44     0    766 
  33   45     0    370 
  33   46     0    505 
  33   47     0    799 
  33   48     0    752 
  33   49     0    209 
  34    0     0    342 
  34    1     0    483 
  34    2     0    686 
  34    3     0    202 
  34    4     0    454 
  34    5     0    562 
  34    6     0    375 
  34    7     0    462 
  34    8     0    303 
  34    9     0    479 
  34   10     0    419 
  34   11     0    575 
  34   12     0    600 
  34   13     0    775 
  34   14     0    483 
  34   15     0    288 
  34   16     0    514 
  34   17     0    395 
  34   18     0    383 
  34   19     0    747 
  34   20     0    760 
  34   21     0    463 
  34   22     0    550 
  34   23     0    591 
  34   24     0    391 
  34   25     0    429 
  34   26     0    629 
  34   27     0    571 
  34   28     0    685 
  34   29     0    746 
  34   30     0    753 
  34   31     0    219 
  34   32     0    772 
  34   33     0    397 
  34   34     0    382 
  34   35     0    769 
  34   36     0    617 
  34   37     0    690 
  34   38     0    798 
  34   39     0    331 
  34   40     0    601 
  34   41     0    780 
  34   42     0    429 
  34   43     0    515 
  34   44     0    344 
  34   45     0    483 
  34   46     0    345 
  34   47     0    786 
  34   48     0    471 
  34   49     0    593 
  35    0     0    684 
  35    1     0    757 
  35    2     0    420 
  35    3     0    728 
  35    4     0    650 
  35    5     0    334 
  35    6     0    658 
  35    7     0    617 
  35    8     0    445 
  35    9     0    367 
  35   10     0    422 
  35   11     0    531 
  35   12     0    787 
  35   13     0    573 
  35   14     0    211 
  35   15     0    499 
  35   16     0    282 
  35   17     0    736 
  35   18     0    238 
  35   19     0    467 
  35   20     0    328 
  35   21     0    536 
  35   22     0    688 
  35   23     0    762 
  35   24     0    613 
  35   25     0    503 
  35   26     0    479 
  35   27     0    476 
  35   28     0    491 
  35   29     0    450 
  35   30     0    585 
  35   31     0    344 
  35   32     0    312 
  35   33     0    546 
  35   34     0    277 
  35   35     0    772 
  35   36     0    454 
  35   37     0    229 
  35   38     0    368 
  35   39     0    788 
  35   40     0    464 
  35   41     0    562 
  35   42     0    771 
  35   43     0    720 
  35   44     0    449 
  35   45     0    350 
  35   46     0    258 
  35   47     0    494 
  35   48     0    359 
  35   49     0    227 
  36    0     0    534 
  36    1     0    207 
  36    2     0    288 
  36    3     0    748 
  36    4     0    753 
  36    5     0    239 
  36    6     0    732 
  36    7     0    670 
  36    8     0    386 
  36    9     0    224 
  36   10     0    718 
  36   11     0    497 
  36   12     0    614 
  36   13     0    523 
  36   14     0    733 
  36   15     0    612 
  36   16     0    659 
  36   17     0    545 
  36   18     0    757 
  36   19     0    442 
  36   20     0    715 
  36   21     0    797 
  36   22     0    296 
  36   23     0    305 
  36   24     0    377 
  36   25     0    343 
  36   26     0    367 
  36   27     0    217 
  36   28     0    290 
  36   29     0    229 
  36   30     0    545 
  36   31     0    739 
  36   32     0    680 
  36   33     0    435 
  36   34     0    316 
  36   35     0    368 
  36   36     0    252 
  36   37     0    311 
  36   38     0    218 
  36   39     0    724 
  36   40     0    382 
  36   41     0    404 
  36   42     0    628 
  36   43     0    388 
  36   44     0    443 
  36   45     0    256 
  36   46     0    318 
  36   47     0    476 
  36   48     0    399 
  36   49     0    285 
  37    0     0    614 
  37    1     0    525 
  37    2     0    616 
  37    3     0    637 
  37    4     0    370 
  37    5     0    486 
  37    6     0    604 
  37    7     0    471 
  37    8     0    632 
  37    9     0    227 
  37   10     0    439 
  37   11     0    597 
  37   12     0    676 
  37   13     0    678 
  37   14     0    400 
  37   15     0    479 
  37   16     0    687 
  37   17     0    360 
  37   18     0    309 
  37   19     0    437 
  37   20     0    210 
  37   21     0    597 
  37   22     0    785 
  37   23     0    732 
  37   24     0    539 
  37   25     0    226 
  37   26     0    453 
  37   27     0    664 
  37   28     0    714 
  37   29     0    435 
  37   30     0    762 
  37   31     0    502 
  37   32     0    400 
  37   33     0    418 
  37   34     0    662 
  37   35     0    695 
  37   36     0    762 
  37   37     0    657 
  37   38     0    409 
  37   39     0    377 
  37   40     0    248 
  37   41     0    507 
  37   42     0    708 
  37   43     0    485 
  37   44     0    265 
  37   45     0    457 
  37   46     0    353 
  37   47     0    535 
  37   48     0    332 
  37   49     0    213 
  38    0     0    375 
  38    1     0    471 
  38    2     0    295 
  38    3     0    399 
  38    4     0    707 
  38    5     0    615 
  38    6     0    492 
  38    7     0    760 
  38    8     0    552 
  38    9     0    517 
  38   10     0    758 
  38   11     0    385 
  38   12     0    319 
  38   13     0    791 
  38   14     0    210 
  38   15     0    392 
  38   16     0    420 
  38   17     0    608 
  38   18     0    567 
  38   19     0    308 
  38   20     0    289 
  38   21     0    203 
  38   22     0    660 
  38   23     0    340 
  38   24     0    650 
  38   25     0    406 
  38   26     0    531 
  38   27     0    373 
  38   28     0    628 
  38   29     0    465 
  38   30     0    593 
  38   31     0    376 
  38   32     0    686 
  38   33     0    405 
  38   34     0    305 
  38   35     0    752 
  38   36     0    490 
  38   37     0    613 
  38   38     0    673 
  38   39     0    379 
  38   40     0    229 
  38   41     0    266 
  38   42     0    447 
  38   43     0    453 
  38   44     0    330 
  38   45     0    391 
  38   46     0    598 
  38   47     0    786 
  38   48     0    476 
  38   49     0    408 
  39    0     0    614 
  39    1     0    278 
  39    2     0    428 
  39    3     0    355 
  39    4     0    426 
  39    5     0    539 
  39    6     0    263 
  39    7     0    407 
  39    8     0    224 
  39    9     0    324 
  39   10     0    393 
  39   11     0    423 
  39   12     0    240 
  39   13     0    454 
  39   14     0    741 
  39   15     0    625 
  39   16     0    290 
  39   17     0    362 
  39   18     0    784 
  39   19     0    378 
  39   20     0    727 
  39   21     0    548 
  39   22     0    329 
  39   23     0    470 
  39   24     0    313 
  39   25     0    309 
  39   26     0    590 
  39   27     0    632 
  39   28     0    639 
  39   29     0    444 
  39   30     0    709 
  39   31     0    576 
  39   32     0    204 
  39   33     0    722 
  39   34     0    717 
  39   35     0    305 
  39   36     0    282 
  39   37     0    790 
  39   38     0    326 
  39   39     0    643 
  39   40     0    429 
  39   41     0    723 
  39   42     0    330 
  39   43     0    200 
  39   44     0    535 
  39   45     0    383 
  39   46     0    772 
  39   47     0    480 
  39   48     0    237 
  39   49     0    229 
  40    0     0    724 
  40    1     0    430 
  40    2     0    653 
  40    3     0    632 
  40    4     0    652 
  40    5     0    567 
  40    6     0    220 
  40    7     0    767 
  40    8     0    294 
  40    9     0    394 
  40   10     0    438 
  40   11     0    395 
  40   12     0    551 
  40   13     0    788 
  40   14     0    321 
  40   15     0    217 
  40   16     0    474 
  40   17     0    704 
  40   18     0    741 
  40   19     0    792 
  40   20     0    287 
  40   21     0    492 
  40   22     0    703 
  40   23     0    641 
  40   24     0    548 
  40   25     0    483 
  40   26     0    687 
  40   27     0    744 
  40   28     0    301 
  40   29     0    315 
  40   30     0    664 
  40   31     0    376 
  40   32     0    698 
  40   33     0    352 
  40   34     0    592 
  40   35     0    695 
  40   36     0    264 
  40   37     0    473 
  40   38     0    253 
  40   39     0    699 
  40   40     0    721 
  40   41     0    367 
  40   42     0    451 
  40   43     0    483 
  40   44     0    480 
  40   45     0    571 
  40   46     0    704 
  40   47     0    206 
  40   48     0    503 
  40   49     0    381 
  41    0     0    631 
  41    1     0    606 
  41    2     0    606 
  41    3     0    668 
  41    4     0    482 
  41    5     0    265 
  41    6     0    235 
  41    7     0    734 
  41    8     0    309 
  41    9     0    701 
  41   10     0    783 
  41   11     0    609 
  41   12     0    535 
  41   13     0    373 
  41   14     0    464 
  41   15     0    593 
  41   16     0    720 
  41   17     0    504 
  41   18     0    476 
  41   19     0    501 
  41   20     0    742 
  41   21     0    404 
  41   22     0    514 
  41   23     0    591 
  41   24     0    651 
  41   25     0    653 
  41   26     0    264 
  41   27     0    444 
  41   28     0    743 
  41   29     0    243 
  41   30     0    744 
  41   31     0    233 
  41   32     0    617 
  41   33     0    648 
  41   34     0    754 
  41   35     0    794 
  41   36     0    679 
  41   37     0    298 
  41   38     0    436 
  41   39     0    369 
  41   40     0    621 
  41   41     0    293 
  41   42     0    251 
  41   43     0    439 
  41   44     0    548 
  41   45     0    359 
  41   46     0    693 
  41   47     0    408 
  41   48     0    730 
  41   49     0    786 
  42    0     0    663 
  42    1     0    498 
  42    2     0    750 
  42    3     0    672 
  42    4     0    690 
  42    5     0    456 
  42    6     0    757 
  42    7     0    236 
  42    8     0    690 
  42    9     0    467 
  42   10     0    643 
  42   11     0    370 
  42   12     0    223 
  42   13     0    220 
  42   14     0    567 
  42   15     0    464 
  42   16     0    326 
  42   17     0    314 
  42   18     0    308 
  42   19     0    726 
  42   20     0    653 
  42   21     0    298 
  42   22     0    473 
  42   23     0    288 
  42   24     0    208 
  42   25     0    529 
  42   26     0    420 
  42   27     0    593 
  42   28     0    591 
  42   29     0    465 
  42   30     0    692 
  42   31     0    246 
  42   32     0    672 
  42   33     0    392 
  42   34     0    472 
  42   35     0    663 
  42   36     0    747 
  42   37     0    562 
  42   38     0    610 
  42   39     0    438 
  42   40     0    322 
  42   41     0    230 
  42   42     0    547 
  42   43     0    516 
  42   44     0    391 
  42   45     0    596 
  42   46     0    467 
  42   47     0    272 
  42   48     0    303 
  42   49     0    296 
  43    0     0    748 
  43    1     0    510 
  43    2     0    437 
  43    3     0    781 
  43    4     0    349 
  43    5     0    242 
  43    6     0    773 
  43    7     0    226 
  43    8     0    716 
  43    9     0    674 
  43   10     0    252 
  43   11     0    575 
  43   12     0    740 
  43   13     0    588 
  43   14     0    501 
  43   15     0    590 
  43   16     0    354 
  43   17     0    681 
  43   18     0    265 
  43   19     0    571 
  43   20     0    709 
  43   21     0    706 
  43   22     0    596 
  43   23     0    609 
  43   24     0    214 
  43   25     0    551 
  43   26     0    610 
  43   27     0    654 
  43   28     0    336 
  43   29     0    307 
  43   30     0    307 
  43   31     0    744 
  43   32     0    280 
  43   33     0    328 
  43   34     0    225 
  43   35     0    569 
  43   36     0    797 
  43   37     0    380 
  43   38     0    467 
  43   39     0    787 
  43   40     0    733 
  43   41     0    402 
  43   42     0    395 
  43   43     0    766 
  43   44     0    522 
  43   45     0    291 
  43   46     0    306 
  43   47     0    691 
  43   48     0    746 
  43   49     0    600 
  44    0     0    567 
  44    1     0    386 
  44    2     0    446 
  44    3     0    244 
  44    4     0    702 
  44    5     0    240 
  44    6     0    593 
  44    7     0    779 
  44    8     0    526 
  44    9     0    289 
  44   10     0    315 
  44   11     0    561 
  44   12     0    425 
  44   13     0    567 
  44   14     0    462 
  44   15     0    769 
  44   16     0    768 
  44   17     0    457 
  44   18     0    650 
  44   19     0    688 
  44   20     0    346 
  44   21     0    288 
  44   22     0    300 
  44   23     0    666 
  44   24     0    221 
  44   25     0    466 
  44   26     0    351 
  44   27     0    573 
  44   28     0    397 
  44   29     0    719 
  44   30     0    467 
  44   31     0    472 
  44   32     0    627 
  44   33     0    229 
  44   34     0    502 
  44   35     0    704 
  44   36     0    582 
  44   37     0    558 
  44   38     0    396 
  44   39     0    557 
  44   40     0    725 
  44   41     0    556 
  44   42     0    602 
  44   43     0    496 
  44   44     0    302 
  44   45     0    587 
  44   46     0    356 
  44   47     0    797 
  44   48     0    437 
  44   49     0    640 
  45    0     0    635 
  45    1     0    564 
  45    2     0    444 
  45    3     0    231 
  45    4     0    383 
  45    5     0    727 
  45    6     0    472 
  45    7     0    260 
  45    8     0    631 
  45    9     0    602 
  45   10     0    665 
  45   11     0    519 
  45   12     0    336 
  45   13     0    573 
  45   14     0    304 
  45   15     0    560 
  45   16     0    448 
  45   17     0    750 
  45   18     0    623 
  45   19     0    442 
  45   20     0    437 
  45   21     0    619 
  45   22     0    588 
  45   23     0    367 
  45   24     0    602 
  45   25     0    479 
  45   26     0    335 
  45   27     0    589 
  45   28     0    757 
  45   29     0    775 
  45   30     0    292 
  45   31     0    383 
  45   32     0    655 
  45   33     0    683 
  45   34     0    325 
  45   35     0    740 
  45   36     0    676 
  45   37     0    385 
  45   38     0    371 
  45   39     0    710 
  45   40     0    338 
  45   41     0    796 
  45   42     0    527 
  45   43     0    358 
  45   44     0    529 
  45   45     0    469 
  45   46     0    369 
  45   47     0    330 
  45   48     0    202 
  45   49     0    346 
  46    0     0    505 
  46    1     0    657 
  46    2     0    496 
  46    3     0    668 
  46    4     0    412 
  46    5     0    445 
  46    6     0    381 
  46    7     0    661 
  46    8     0    218 
  46    9     0    723 
  46   10     0    594 
  46   11     0    383 
  46   12     0    529 
  46   13     0    413 
  46   14     0    674 
  46   15     0    245 
  46   16     0    359 
  46   17     0    271 
  46   18     0    523 
  46   19     0    505 
  46   20     0    684 
  46   21     0    242 
  46   22     0    369 
  46   23     0    699 
  46   24     0    499 
  46   25     0    327 
  46   26     0    552 
  46   27     0    237 
  46   28     0    733 
  46   29     0    246 
  46   30     0    431 
  46   31     0    648 
  46   32     0    637 
  46   33     0    330 
  46   34     0    364 
  46   35     0    352 
  46   36     0    488 
  46   37     0    237 
  46   38     0    724 
  46   39     0    636 
  46   40     0    345 
  46   41     0    703 
  46   42     0    556 
  46   43     0    360 
  46   44     0    744 
  46   45     0    213 
  46   46     0    200 
  46   47     0    325 
  46   48     0    733 
  46   49     0    393 
  47    0     0    374 
  47    1     0    664 
  47    2     0    658 
  47    3     0    578 
  47    4     0    455 
  47    5     0    240 
  47    6     0    624 
  47    7     0    337 
  47    8     0    736 
  47    9     0    419 
  47   10     0    359 
  47   11     0    392 
  47   12     0    320 
  47   13     0    220 
  47   14     0    408 
  47   15     0    783 
  47   16     0    289 
  47   17     0    377 
  47   18     0    534 
  47   19     0    397 
  47   20     0    650 
  47   21     0    303 
  47   22     0    721 
  47   23     0    353 
  47   24     0    639 
  47   25     0    471 
  47   26     0    213 
  47   27     0    783 
  47   28     0    267 
  47   29     0    211 
  47   30     0    299 
  47   31     0    695 
  47   32     0    637 
  47   33     0    323 
  47   34     0    453 
  47   35     0    703 
  47   36     0    759 
  47   37     0    256 
  47   38     0    208 
  47   39     0    723 
  47   40     0    454 
  47   41     0    293 
  47   42     0    382 
  47   43     0    543 
  47   44     0    372 
  47   45     0    618 
  47   46     0    563 
  47   47     0    758 
  47   48     0    504 
  47   49     0    479 
  48    0     0    552 
  48    1     0    328 
  48    2     0    522 
  48    3     0    571 
  48    4     0    273 
  48    5     0    519 
  48    6     0    797 
  48    7     0    371 
  48    8     0    671 
  48    9     0    646 
  48   10     0    220 
  48   11     0    467 
  48   12     0    495 
  48   13     0    590 
  48   14     0    455 
  48   15     0    664 
  48   16     0    254 
  48   17     0    440 
  48   18     0    277 
  48   19     0    450 
  48   20     0    234 
  48   21     0    442 
  48   22     0    530 
  48   23     0    487 
  48   24     0    705 
  48   25     0    401 
  48   26     0    293 
  48   27     0    781 
  48   28     0    488 
  48   29     0    650 
  48   30     0    572 
  48   31     0    250 
  48   32     0    308 
  48   33     0    329 
  48   34     0    741 
  48   35     0    540 
  48   36     0    517 
  48   37     0    670 
  48   38     0    577 
  48   39     0    227 
  48   40     0    217 
  48   41     0    736 
  48   42     0    387 
  48   43     0    783 
  48   44     0    483 
  48   45     0    797 
  48   46     0    391 
  48   47     0    636 
  48   48     0    243 
  48   49     0    221 
  49    0     0    551 
  49    1     0    570 
  49    2     0    634 
  49    3     0    673 
  49    4     0    490 
  49    5     0    655 
  49    6     0    655 
  49    7     0    300 
  49    8     0    426 
  49    9     0    266 
  49   10     0    665 
  49   11     0    333 
  49   12     0    567 
  49   13     0    429 
  49   14     0    403 
  49   15     0    362 
  49   16     0    306 
  49   17     0    292 
  49   18     0    405 
  49   19     0    379 
  49   20     0    716 
  49   21     0    668 
  49   22     0    293 
  49   23     0    422 
  49   24     0    579 
  49   25     0    293 
  49   26     0    521 
  49   27     0    401 
  49   28     0    652 
  49   29     0    618 
  49   30     0    603 
  49   31     0    456 
  49   32     0    445 
  49   33     0    722 
  49   34     0    607 
  49   35     0    302 
  49   36     0    709 
  49   37     0    652 
  49   38     0    444 
  49   39     0    501 
  49   40     0    631 
  49   41     0    501 
  49   42     0    502 
  49   43     0    448 
  49   44     0    206 
  49   45     0    697 
  49   46     0    311 
  49   47     0    343 
  49   48     0    714 
  49   49     0    558 
