 50
 50

    7
    1
    7
   13
    4
   18
   13
   11
   20
    4
   13
    1
   19
    9
   14
   15
    7
    1
   18
    9
    4
   16
    5
   17
   17
   19
   16
   14
   18
    8
   16
   13
   17
   20
   17
   14
    4
   17
   16
    9
    1
    4
    4
    6
    7
   10
   13
    2
    7
   10

   11
    1
    1
   17
   16
    6
    8
    4
    8
    4
    8
    5
   15
   11
   10
   17
    5
   20
    4
    4
   11
    1
    8
    4
   15
   16
   12
   13
    4
    9
   10
   16
   18
   19
    3
   19
   20
   10
   12
   19
   12
   20
   14
   18
   18
   11
    5
    1
   12
   20

   0    0     0    462 
   0    1     0    752 
   0    2     0    792 
   0    3     0    357 
   0    4     0    776 
   0    5     0    526 
   0    6     0    472 
   0    7     0    740 
   0    8     0    592 
   0    9     0    516 
   0   10     0    463 
   0   11     0    652 
   0   12     0    774 
   0   13     0    388 
   0   14     0    594 
   0   15     0    283 
   0   16     0    550 
   0   17     0    742 
   0   18     0    498 
   0   19     0    654 
   0   20     0    423 
   0   21     0    476 
   0   22     0    319 
   0   23     0    487 
   0   24     0    617 
   0   25     0    786 
   0   26     0    262 
   0   27     0    273 
   0   28     0    753 
   0   29     0    322 
   0   30     0    621 
   0   31     0    359 
   0   32     0    740 
   0   33     0    538 
   0   34     0    315 
   0   35     0    584 
   0   36     0    800 
   0   37     0    591 
   0   38     0    645 
   0   39     0    293 
   0   40     0    373 
   0   41     0    672 
   0   42     0    648 
   0   43     0    709 
   0   44     0    312 
   0   45     0    769 
   0   46     0    624 
   0   47     0    753 
   0   48     0    223 
   0   49     0    291 
   1    0     0    528 
   1    1     0    484 
   1    2     0    672 
   1    3     0    644 
   1    4     0    277 
   1    5     0    759 
   1    6     0    414 
   1    7     0    645 
   1    8     0    518 
   1    9     0    702 
   1   10     0    394 
   1   11     0    467 
   1   12     0    650 
   1   13     0    210 
   1   14     0    462 
   1   15     0    633 
   1   16     0    608 
   1   17     0    356 
   1   18     0    634 
   1   19     0    686 
   1   20     0    510 
   1   21     0    526 
   1   22     0    769 
   1   23     0    597 
   1   24     0    414 
   1   25     0    367 
   1   26     0    547 
   1   27     0    689 
   1   28     0    261 
   1   29     0    481 
   1   30     0    372 
   1   31     0    707 
   1   32     0    203 
   1   33     0    246 
   1   34     0    404 
   1   35     0    668 
   1   36     0    630 
   1   37     0    256 
   1   38     0    275 
   1   39     0    221 
   1   40     0    789 
   1   41     0    420 
   1   42     0    594 
   1   43     0    529 
   1   44     0    296 
   1   45     0    285 
   1   46     0    634 
   1   47     0    487 
   1   48     0    700 
   1   49     0    476 
   2    0     0    390 
   2    1     0    256 
   2    2     0    364 
   2    3     0    253 
   2    4     0    287 
   2    5     0    707 
   2    6     0    770 
   2    7     0    325 
   2    8     0    598 
   2    9     0    425 
   2   10     0    283 
   2   11     0    522 
   2   12     0    648 
   2   13     0    383 
   2   14     0    405 
   2   15     0    648 
   2   16     0    243 
   2   17     0    259 
   2   18     0    556 
   2   19     0    220 
   2   20     0    774 
   2   21     0    526 
   2   22     0    719 
   2   23     0    528 
   2   24     0    280 
   2   25     0    269 
   2   26     0    264 
   2   27     0    589 
   2   28     0    440 
   2   29     0    212 
   2   30     0    319 
   2   31     0    389 
   2   32     0    629 
   2   33     0    429 
   2   34     0    728 
   2   35     0    427 
   2   36     0    680 
   2   37     0    283 
   2   38     0    338 
   2   39     0    575 
   2   40     0    320 
   2   41     0    762 
   2   42     0    467 
   2   43     0    696 
   2   44     0    653 
   2   45     0    262 
   2   46     0    258 
   2   47     0    469 
   2   48     0    634 
   2   49     0    524 
   3    0     0    694 
   3    1     0    374 
   3    2     0    660 
   3    3     0    310 
   3    4     0    313 
   3    5     0    769 
   3    6     0    550 
   3    7     0    321 
   3    8     0    576 
   3    9     0    213 
   3   10     0    530 
   3   11     0    609 
   3   12     0    415 
   3   13     0    292 
   3   14     0    791 
   3   15     0    201 
   3   16     0    211 
   3   17     0    483 
   3   18     0    697 
   3   19     0    784 
   3   20     0    503 
   3   21     0    321 
   3   22     0    594 
   3   23     0    353 
   3   24     0    501 
   3   25     0    591 
   3   26     0    597 
   3   27     0    719 
   3   28     0    757 
   3   29     0    442 
   3   30     0    668 
   3   31     0    414 
   3   32     0    338 
   3   33     0    782 
   3   34     0    463 
   3   35     0    761 
   3   36     0    559 
   3   37     0    466 
   3   38     0    549 
   3   39     0    335 
   3   40     0    249 
   3   41     0    389 
   3   42     0    647 
   3   43     0    797 
   3   44     0    203 
   3   45     0    540 
   3   46     0    768 
   3   47     0    592 
   3   48     0    625 
   3   49     0    484 
   4    0     0    534 
   4    1     0    752 
   4    2     0    287 
   4    3     0    494 
   4    4     0    632 
   4    5     0    449 
   4    6     0    224 
   4    7     0    653 
   4    8     0    357 
   4    9     0    761 
   4   10     0    226 
   4   11     0    567 
   4   12     0    721 
   4   13     0    327 
   4   14     0    500 
   4   15     0    303 
   4   16     0    666 
   4   17     0    784 
   4   18     0    319 
   4   19     0    586 
   4   20     0    734 
   4   21     0    499 
   4   22     0    308 
   4   23     0    229 
   4   24     0    798 
   4   25     0    215 
   4   26     0    719 
   4   27     0    466 
   4   28     0    559 
   4   29     0    465 
   4   30     0    665 
   4   31     0    490 
   4   32     0    387 
   4   33     0    626 
   4   34     0    276 
   4   35     0    610 
   4   36     0    358 
   4   37     0    459 
   4   38     0    301 
   4   39     0    491 
   4   40     0    331 
   4   41     0    344 
   4   42     0    639 
   4   43     0    373 
   4   44     0    732 
   4   45     0    595 
   4   46     0    563 
   4   47     0    799 
   4   48     0    243 
   4   49     0    546 
   5    0     0    670 
   5    1     0    762 
   5    2     0    208 
   5    3     0    618 
   5    4     0    773 
   5    5     0    389 
   5    6     0    630 
   5    7     0    538 
   5    8     0    379 
   5    9     0    763 
   5   10     0    615 
   5   11     0    420 
   5   12     0    429 
   5   13     0    272 
   5   14     0    697 
   5   15     0    619 
   5   16     0    782 
   5   17     0    391 
   5   18     0    405 
   5   19     0    324 
   5   20     0    423 
   5   21     0    576 
   5   22     0    355 
   5   23     0    714 
   5   24     0    405 
   5   25     0    799 
   5   26     0    721 
   5   27     0    568 
   5   28     0    766 
   5   29     0    551 
   5   30     0    550 
   5   31     0    306 
   5   32     0    589 
   5   33     0    781 
   5   34     0    560 
   5   35     0    769 
   5   36     0    640 
   5   37     0    577 
   5   38     0    396 
   5   39     0    210 
   5   40     0    307 
   5   41     0    445 
   5   42     0    265 
   5   43     0    360 
   5   44     0    530 
   5   45     0    226 
   5   46     0    390 
   5   47     0    745 
   5   48     0    389 
   5   49     0    604 
   6    0     0    653 
   6    1     0    206 
   6    2     0    431 
   6    3     0    799 
   6    4     0    211 
   6    5     0    206 
   6    6     0    699 
   6    7     0    508 
   6    8     0    242 
   6    9     0    732 
   6   10     0    266 
   6   11     0    241 
   6   12     0    463 
   6   13     0    410 
   6   14     0    613 
   6   15     0    587 
   6   16     0    221 
   6   17     0    338 
   6   18     0    332 
   6   19     0    269 
   6   20     0    614 
   6   21     0    771 
   6   22     0    209 
   6   23     0    541 
   6   24     0    779 
   6   25     0    464 
   6   26     0    239 
   6   27     0    434 
   6   28     0    463 
   6   29     0    771 
   6   30     0    385 
   6   31     0    684 
   6   32     0    779 
   6   33     0    228 
   6   34     0    678 
   6   35     0    792 
   6   36     0    240 
   6   37     0    248 
   6   38     0    333 
   6   39     0    434 
   6   40     0    503 
   6   41     0    329 
   6   42     0    565 
   6   43     0    291 
   6   44     0    696 
   6   45     0    698 
   6   46     0    462 
   6   47     0    278 
   6   48     0    454 
   6   49     0    731 
   7    0     0    734 
   7    1     0    741 
   7    2     0    581 
   7    3     0    505 
   7    4     0    409 
   7    5     0    691 
   7    6     0    557 
   7    7     0    528 
   7    8     0    571 
   7    9     0    688 
   7   10     0    377 
   7   11     0    292 
   7   12     0    357 
   7   13     0    505 
   7   14     0    307 
   7   15     0    730 
   7   16     0    230 
   7   17     0    444 
   7   18     0    757 
   7   19     0    239 
   7   20     0    280 
   7   21     0    754 
   7   22     0    388 
   7   23     0    312 
   7   24     0    361 
   7   25     0    779 
   7   26     0    370 
   7   27     0    466 
   7   28     0    447 
   7   29     0    448 
   7   30     0    509 
   7   31     0    625 
   7   32     0    268 
   7   33     0    235 
   7   34     0    746 
   7   35     0    532 
   7   36     0    702 
   7   37     0    430 
   7   38     0    224 
   7   39     0    255 
   7   40     0    598 
   7   41     0    518 
   7   42     0    486 
   7   43     0    453 
   7   44     0    794 
   7   45     0    724 
   7   46     0    361 
   7   47     0    761 
   7   48     0    417 
   7   49     0    296 
   8    0     0    569 
   8    1     0    273 
   8    2     0    645 
   8    3     0    334 
   8    4     0    435 
   8    5     0    677 
   8    6     0    643 
   8    7     0    633 
   8    8     0    444 
   8    9     0    621 
   8   10     0    350 
   8   11     0    617 
   8   12     0    402 
   8   13     0    404 
   8   14     0    508 
   8   15     0    337 
   8   16     0    337 
   8   17     0    230 
   8   18     0    323 
   8   19     0    336 
   8   20     0    202 
   8   21     0    250 
   8   22     0    508 
   8   23     0    654 
   8   24     0    494 
   8   25     0    376 
   8   26     0    480 
   8   27     0    352 
   8   28     0    396 
   8   29     0    266 
   8   30     0    393 
   8   31     0    603 
   8   32     0    553 
   8   33     0    217 
   8   34     0    372 
   8   35     0    575 
   8   36     0    689 
   8   37     0    753 
   8   38     0    484 
   8   39     0    295 
   8   40     0    599 
   8   41     0    354 
   8   42     0    308 
   8   43     0    459 
   8   44     0    546 
   8   45     0    386 
   8   46     0    565 
   8   47     0    567 
   8   48     0    362 
   8   49     0    243 
   9    0     0    644 
   9    1     0    226 
   9    2     0    446 
   9    3     0    370 
   9    4     0    377 
   9    5     0    595 
   9    6     0    687 
   9    7     0    212 
   9    8     0    596 
   9    9     0    357 
   9   10     0    606 
   9   11     0    563 
   9   12     0    715 
   9   13     0    672 
   9   14     0    335 
   9   15     0    344 
   9   16     0    280 
   9   17     0    341 
   9   18     0    415 
   9   19     0    717 
   9   20     0    361 
   9   21     0    778 
   9   22     0    207 
   9   23     0    409 
   9   24     0    792 
   9   25     0    721 
   9   26     0    260 
   9   27     0    248 
   9   28     0    639 
   9   29     0    391 
   9   30     0    608 
   9   31     0    759 
   9   32     0    704 
   9   33     0    729 
   9   34     0    448 
   9   35     0    771 
   9   36     0    793 
   9   37     0    205 
   9   38     0    727 
   9   39     0    464 
   9   40     0    588 
   9   41     0    345 
   9   42     0    664 
   9   43     0    236 
   9   44     0    311 
   9   45     0    780 
   9   46     0    721 
   9   47     0    674 
   9   48     0    604 
   9   49     0    767 
  10    0     0    217 
  10    1     0    653 
  10    2     0    662 
  10    3     0    719 
  10    4     0    396 
  10    5     0    446 
  10    6     0    227 
  10    7     0    211 
  10    8     0    227 
  10    9     0    776 
  10   10     0    790 
  10   11     0    528 
  10   12     0    499 
  10   13     0    771 
  10   14     0    444 
  10   15     0    485 
  10   16     0    722 
  10   17     0    314 
  10   18     0    432 
  10   19     0    523 
  10   20     0    230 
  10   21     0    207 
  10   22     0    575 
  10   23     0    708 
  10   24     0    408 
  10   25     0    207 
  10   26     0    714 
  10   27     0    286 
  10   28     0    408 
  10   29     0    744 
  10   30     0    735 
  10   31     0    742 
  10   32     0    495 
  10   33     0    316 
  10   34     0    464 
  10   35     0    606 
  10   36     0    212 
  10   37     0    500 
  10   38     0    398 
  10   39     0    299 
  10   40     0    326 
  10   41     0    310 
  10   42     0    732 
  10   43     0    206 
  10   44     0    666 
  10   45     0    332 
  10   46     0    221 
  10   47     0    716 
  10   48     0    664 
  10   49     0    799 
  11    0     0    257 
  11    1     0    208 
  11    2     0    593 
  11    3     0    437 
  11    4     0    379 
  11    5     0    213 
  11    6     0    385 
  11    7     0    417 
  11    8     0    366 
  11    9     0    377 
  11   10     0    734 
  11   11     0    468 
  11   12     0    736 
  11   13     0    795 
  11   14     0    582 
  11   15     0    543 
  11   16     0    216 
  11   17     0    273 
  11   18     0    397 
  11   19     0    697 
  11   20     0    707 
  11   21     0    705 
  11   22     0    544 
  11   23     0    704 
  11   24     0    641 
  11   25     0    454 
  11   26     0    204 
  11   27     0    420 
  11   28     0    378 
  11   29     0    688 
  11   30     0    747 
  11   31     0    665 
  11   32     0    234 
  11   33     0    635 
  11   34     0    787 
  11   35     0    410 
  11   36     0    208 
  11   37     0    736 
  11   38     0    649 
  11   39     0    451 
  11   40     0    288 
  11   41     0    407 
  11   42     0    641 
  11   43     0    425 
  11   44     0    687 
  11   45     0    752 
  11   46     0    548 
  11   47     0    670 
  11   48     0    312 
  11   49     0    205 
  12    0     0    557 
  12    1     0    339 
  12    2     0    310 
  12    3     0    419 
  12    4     0    716 
  12    5     0    450 
  12    6     0    577 
  12    7     0    495 
  12    8     0    565 
  12    9     0    639 
  12   10     0    732 
  12   11     0    446 
  12   12     0    323 
  12   13     0    375 
  12   14     0    553 
  12   15     0    773 
  12   16     0    678 
  12   17     0    675 
  12   18     0    284 
  12   19     0    441 
  12   20     0    477 
  12   21     0    717 
  12   22     0    524 
  12   23     0    700 
  12   24     0    224 
  12   25     0    421 
  12   26     0    425 
  12   27     0    279 
  12   28     0    570 
  12   29     0    798 
  12   30     0    688 
  12   31     0    287 
  12   32     0    477 
  12   33     0    305 
  12   34     0    237 
  12   35     0    672 
  12   36     0    500 
  12   37     0    408 
  12   38     0    230 
  12   39     0    781 
  12   40     0    488 
  12   41     0    657 
  12   42     0    253 
  12   43     0    791 
  12   44     0    397 
  12   45     0    640 
  12   46     0    353 
  12   47     0    216 
  12   48     0    345 
  12   49     0    640 
  13    0     0    589 
  13    1     0    365 
  13    2     0    796 
  13    3     0    378 
  13    4     0    381 
  13    5     0    632 
  13    6     0    758 
  13    7     0    300 
  13    8     0    433 
  13    9     0    686 
  13   10     0    338 
  13   11     0    729 
  13   12     0    624 
  13   13     0    398 
  13   14     0    582 
  13   15     0    677 
  13   16     0    623 
  13   17     0    476 
  13   18     0    552 
  13   19     0    714 
  13   20     0    379 
  13   21     0    272 
  13   22     0    780 
  13   23     0    520 
  13   24     0    333 
  13   25     0    564 
  13   26     0    569 
  13   27     0    299 
  13   28     0    200 
  13   29     0    649 
  13   30     0    213 
  13   31     0    460 
  13   32     0    574 
  13   33     0    784 
  13   34     0    527 
  13   35     0    597 
  13   36     0    592 
  13   37     0    235 
  13   38     0    466 
  13   39     0    621 
  13   40     0    634 
  13   41     0    459 
  13   42     0    588 
  13   43     0    458 
  13   44     0    486 
  13   45     0    445 
  13   46     0    643 
  13   47     0    398 
  13   48     0    496 
  13   49     0    773 
  14    0     0    461 
  14    1     0    287 
  14    2     0    485 
  14    3     0    330 
  14    4     0    426 
  14    5     0    676 
  14    6     0    631 
  14    7     0    590 
  14    8     0    570 
  14    9     0    215 
  14   10     0    260 
  14   11     0    800 
  14   12     0    317 
  14   13     0    296 
  14   14     0    309 
  14   15     0    643 
  14   16     0    528 
  14   17     0    719 
  14   18     0    265 
  14   19     0    713 
  14   20     0    583 
  14   21     0    207 
  14   22     0    711 
  14   23     0    359 
  14   24     0    364 
  14   25     0    228 
  14   26     0    501 
  14   27     0    332 
  14   28     0    699 
  14   29     0    332 
  14   30     0    705 
  14   31     0    310 
  14   32     0    238 
  14   33     0    360 
  14   34     0    528 
  14   35     0    539 
  14   36     0    766 
  14   37     0    749 
  14   38     0    252 
  14   39     0    333 
  14   40     0    560 
  14   41     0    611 
  14   42     0    562 
  14   43     0    259 
  14   44     0    386 
  14   45     0    744 
  14   46     0    219 
  14   47     0    527 
  14   48     0    566 
  14   49     0    567 
  15    0     0    221 
  15    1     0    603 
  15    2     0    779 
  15    3     0    373 
  15    4     0    391 
  15    5     0    356 
  15    6     0    336 
  15    7     0    501 
  15    8     0    550 
  15    9     0    302 
  15   10     0    770 
  15   11     0    489 
  15   12     0    340 
  15   13     0    653 
  15   14     0    633 
  15   15     0    608 
  15   16     0    345 
  15   17     0    767 
  15   18     0    427 
  15   19     0    453 
  15   20     0    746 
  15   21     0    326 
  15   22     0    229 
  15   23     0    698 
  15   24     0    786 
  15   25     0    756 
  15   26     0    728 
  15   27     0    685 
  15   28     0    463 
  15   29     0    318 
  15   30     0    229 
  15   31     0    556 
  15   32     0    284 
  15   33     0    533 
  15   34     0    729 
  15   35     0    432 
  15   36     0    357 
  15   37     0    345 
  15   38     0    681 
  15   39     0    208 
  15   40     0    660 
  15   41     0    255 
  15   42     0    536 
  15   43     0    370 
  15   44     0    338 
  15   45     0    544 
  15   46     0    700 
  15   47     0    323 
  15   48     0    315 
  15   49     0    623 
  16    0     0    393 
  16    1     0    768 
  16    2     0    703 
  16    3     0    371 
  16    4     0    553 
  16    5     0    594 
  16    6     0    760 
  16    7     0    730 
  16    8     0    713 
  16    9     0    550 
  16   10     0    666 
  16   11     0    312 
  16   12     0    756 
  16   13     0    403 
  16   14     0    449 
  16   15     0    264 
  16   16     0    349 
  16   17     0    365 
  16   18     0    398 
  16   19     0    634 
  16   20     0    509 
  16   21     0    567 
  16   22     0    489 
  16   23     0    743 
  16   24     0    262 
  16   25     0    793 
  16   26     0    505 
  16   27     0    371 
  16   28     0    205 
  16   29     0    564 
  16   30     0    707 
  16   31     0    311 
  16   32     0    740 
  16   33     0    385 
  16   34     0    561 
  16   35     0    398 
  16   36     0    582 
  16   37     0    577 
  16   38     0    540 
  16   39     0    731 
  16   40     0    610 
  16   41     0    604 
  16   42     0    214 
  16   43     0    699 
  16   44     0    779 
  16   45     0    648 
  16   46     0    312 
  16   47     0    760 
  16   48     0    735 
  16   49     0    241 
  17    0     0    397 
  17    1     0    200 
  17    2     0    557 
  17    3     0    663 
  17    4     0    778 
  17    5     0    515 
  17    6     0    791 
  17    7     0    523 
  17    8     0    664 
  17    9     0    416 
  17   10     0    250 
  17   11     0    777 
  17   12     0    445 
  17   13     0    637 
  17   14     0    607 
  17   15     0    464 
  17   16     0    512 
  17   17     0    543 
  17   18     0    335 
  17   19     0    603 
  17   20     0    356 
  17   21     0    395 
  17   22     0    608 
  17   23     0    231 
  17   24     0    282 
  17   25     0    625 
  17   26     0    553 
  17   27     0    300 
  17   28     0    297 
  17   29     0    578 
  17   30     0    584 
  17   31     0    217 
  17   32     0    258 
  17   33     0    288 
  17   34     0    494 
  17   35     0    430 
  17   36     0    670 
  17   37     0    722 
  17   38     0    514 
  17   39     0    218 
  17   40     0    422 
  17   41     0    775 
  17   42     0    272 
  17   43     0    397 
  17   44     0    799 
  17   45     0    314 
  17   46     0    600 
  17   47     0    449 
  17   48     0    795 
  17   49     0    758 
  18    0     0    594 
  18    1     0    558 
  18    2     0    353 
  18    3     0    584 
  18    4     0    304 
  18    5     0    760 
  18    6     0    658 
  18    7     0    275 
  18    8     0    758 
  18    9     0    679 
  18   10     0    404 
  18   11     0    389 
  18   12     0    322 
  18   13     0    230 
  18   14     0    554 
  18   15     0    499 
  18   16     0    674 
  18   17     0    283 
  18   18     0    683 
  18   19     0    733 
  18   20     0    518 
  18   21     0    340 
  18   22     0    606 
  18   23     0    237 
  18   24     0    704 
  18   25     0    252 
  18   26     0    522 
  18   27     0    483 
  18   28     0    705 
  18   29     0    480 
  18   30     0    777 
  18   31     0    578 
  18   32     0    735 
  18   33     0    549 
  18   34     0    560 
  18   35     0    696 
  18   36     0    761 
  18   37     0    582 
  18   38     0    543 
  18   39     0    306 
  18   40     0    719 
  18   41     0    635 
  18   42     0    203 
  18   43     0    578 
  18   44     0    382 
  18   45     0    591 
  18   46     0    674 
  18   47     0    585 
  18   48     0    411 
  18   49     0    622 
  19    0     0    361 
  19    1     0    522 
  19    2     0    641 
  19    3     0    210 
  19    4     0    281 
  19    5     0    723 
  19    6     0    625 
  19    7     0    530 
  19    8     0    344 
  19    9     0    483 
  19   10     0    258 
  19   11     0    754 
  19   12     0    498 
  19   13     0    604 
  19   14     0    559 
  19   15     0    617 
  19   16     0    609 
  19   17     0    674 
  19   18     0    332 
  19   19     0    265 
  19   20     0    385 
  19   21     0    641 
  19   22     0    733 
  19   23     0    778 
  19   24     0    408 
  19   25     0    663 
  19   26     0    233 
  19   27     0    241 
  19   28     0    679 
  19   29     0    482 
  19   30     0    616 
  19   31     0    553 
  19   32     0    652 
  19   33     0    685 
  19   34     0    701 
  19   35     0    442 
  19   36     0    389 
  19   37     0    760 
  19   38     0    400 
  19   39     0    724 
  19   40     0    308 
  19   41     0    275 
  19   42     0    403 
  19   43     0    675 
  19   44     0    640 
  19   45     0    654 
  19   46     0    626 
  19   47     0    447 
  19   48     0    333 
  19   49     0    539 
  20    0     0    585 
  20    1     0    756 
  20    2     0    389 
  20    3     0    757 
  20    4     0    684 
  20    5     0    426 
  20    6     0    706 
  20    7     0    423 
  20    8     0    551 
  20    9     0    532 
  20   10     0    360 
  20   11     0    543 
  20   12     0    220 
  20   13     0    628 
  20   14     0    558 
  20   15     0    300 
  20   16     0    494 
  20   17     0    539 
  20   18     0    400 
  20   19     0    461 
  20   20     0    555 
  20   21     0    288 
  20   22     0    371 
  20   23     0    395 
  20   24     0    434 
  20   25     0    649 
  20   26     0    417 
  20   27     0    464 
  20   28     0    669 
  20   29     0    573 
  20   30     0    651 
  20   31     0    258 
  20   32     0    432 
  20   33     0    426 
  20   34     0    490 
  20   35     0    285 
  20   36     0    513 
  20   37     0    344 
  20   38     0    381 
  20   39     0    289 
  20   40     0    764 
  20   41     0    270 
  20   42     0    467 
  20   43     0    411 
  20   44     0    409 
  20   45     0    421 
  20   46     0    200 
  20   47     0    275 
  20   48     0    682 
  20   49     0    406 
  21    0     0    741 
  21    1     0    779 
  21    2     0    211 
  21    3     0    410 
  21    4     0    637 
  21    5     0    228 
  21    6     0    513 
  21    7     0    518 
  21    8     0    285 
  21    9     0    789 
  21   10     0    265 
  21   11     0    521 
  21   12     0    596 
  21   13     0    477 
  21   14     0    511 
  21   15     0    374 
  21   16     0    694 
  21   17     0    503 
  21   18     0    323 
  21   19     0    628 
  21   20     0    724 
  21   21     0    663 
  21   22     0    564 
  21   23     0    701 
  21   24     0    305 
  21   25     0    202 
  21   26     0    670 
  21   27     0    379 
  21   28     0    528 
  21   29     0    627 
  21   30     0    706 
  21   31     0    272 
  21   32     0    654 
  21   33     0    362 
  21   34     0    740 
  21   35     0    697 
  21   36     0    578 
  21   37     0    358 
  21   38     0    780 
  21   39     0    556 
  21   40     0    488 
  21   41     0    761 
  21   42     0    304 
  21   43     0    690 
  21   44     0    577 
  21   45     0    297 
  21   46     0    239 
  21   47     0    327 
  21   48     0    737 
  21   49     0    490 
  22    0     0    325 
  22    1     0    707 
  22    2     0    508 
  22    3     0    509 
  22    4     0    252 
  22    5     0    471 
  22    6     0    398 
  22    7     0    757 
  22    8     0    291 
  22    9     0    225 
  22   10     0    233 
  22   11     0    483 
  22   12     0    558 
  22   13     0    538 
  22   14     0    370 
  22   15     0    761 
  22   16     0    593 
  22   17     0    399 
  22   18     0    384 
  22   19     0    455 
  22   20     0    752 
  22   21     0    470 
  22   22     0    682 
  22   23     0    558 
  22   24     0    611 
  22   25     0    498 
  22   26     0    314 
  22   27     0    333 
  22   28     0    500 
  22   29     0    363 
  22   30     0    713 
  22   31     0    344 
  22   32     0    267 
  22   33     0    544 
  22   34     0    511 
  22   35     0    541 
  22   36     0    367 
  22   37     0    404 
  22   38     0    740 
  22   39     0    384 
  22   40     0    206 
  22   41     0    561 
  22   42     0    324 
  22   43     0    770 
  22   44     0    238 
  22   45     0    697 
  22   46     0    761 
  22   47     0    646 
  22   48     0    786 
  22   49     0    793 
  23    0     0    503 
  23    1     0    524 
  23    2     0    214 
  23    3     0    426 
  23    4     0    257 
  23    5     0    222 
  23    6     0    231 
  23    7     0    499 
  23    8     0    616 
  23    9     0    336 
  23   10     0    380 
  23   11     0    388 
  23   12     0    446 
  23   13     0    343 
  23   14     0    605 
  23   15     0    664 
  23   16     0    220 
  23   17     0    633 
  23   18     0    538 
  23   19     0    241 
  23   20     0    454 
  23   21     0    576 
  23   22     0    576 
  23   23     0    404 
  23   24     0    238 
  23   25     0    639 
  23   26     0    270 
  23   27     0    701 
  23   28     0    316 
  23   29     0    388 
  23   30     0    329 
  23   31     0    710 
  23   32     0    355 
  23   33     0    571 
  23   34     0    731 
  23   35     0    285 
  23   36     0    788 
  23   37     0    267 
  23   38     0    434 
  23   39     0    577 
  23   40     0    693 
  23   41     0    344 
  23   42     0    408 
  23   43     0    659 
  23   44     0    720 
  23   45     0    322 
  23   46     0    704 
  23   47     0    267 
  23   48     0    475 
  23   49     0    633 
  24    0     0    634 
  24    1     0    644 
  24    2     0    538 
  24    3     0    553 
  24    4     0    464 
  24    5     0    505 
  24    6     0    471 
  24    7     0    728 
  24    8     0    612 
  24    9     0    252 
  24   10     0    597 
  24   11     0    799 
  24   12     0    771 
  24   13     0    688 
  24   14     0    761 
  24   15     0    312 
  24   16     0    503 
  24   17     0    367 
  24   18     0    576 
  24   19     0    446 
  24   20     0    484 
  24   21     0    263 
  24   22     0    554 
  24   23     0    419 
  24   24     0    776 
  24   25     0    609 
  24   26     0    557 
  24   27     0    554 
  24   28     0    377 
  24   29     0    344 
  24   30     0    277 
  24   31     0    700 
  24   32     0    531 
  24   33     0    621 
  24   34     0    201 
  24   35     0    601 
  24   36     0    273 
  24   37     0    664 
  24   38     0    232 
  24   39     0    495 
  24   40     0    231 
  24   41     0    629 
  24   42     0    206 
  24   43     0    442 
  24   44     0    477 
  24   45     0    314 
  24   46     0    339 
  24   47     0    375 
  24   48     0    766 
  24   49     0    739 
  25    0     0    370 
  25    1     0    407 
  25    2     0    380 
  25    3     0    511 
  25    4     0    410 
  25    5     0    334 
  25    6     0    796 
  25    7     0    387 
  25    8     0    543 
  25    9     0    609 
  25   10     0    750 
  25   11     0    591 
  25   12     0    581 
  25   13     0    443 
  25   14     0    370 
  25   15     0    439 
  25   16     0    530 
  25   17     0    590 
  25   18     0    229 
  25   19     0    297 
  25   20     0    706 
  25   21     0    313 
  25   22     0    503 
  25   23     0    511 
  25   24     0    480 
  25   25     0    439 
  25   26     0    614 
  25   27     0    622 
  25   28     0    288 
  25   29     0    788 
  25   30     0    566 
  25   31     0    358 
  25   32     0    676 
  25   33     0    499 
  25   34     0    286 
  25   35     0    403 
  25   36     0    359 
  25   37     0    434 
  25   38     0    591 
  25   39     0    206 
  25   40     0    703 
  25   41     0    498 
  25   42     0    366 
  25   43     0    348 
  25   44     0    450 
  25   45     0    333 
  25   46     0    243 
  25   47     0    433 
  25   48     0    535 
  25   49     0    230 
  26    0     0    639 
  26    1     0    271 
  26    2     0    618 
  26    3     0    268 
  26    4     0    667 
  26    5     0    470 
  26    6     0    737 
  26    7     0    604 
  26    8     0    707 
  26    9     0    747 
  26   10     0    543 
  26   11     0    712 
  26   12     0    757 
  26   13     0    673 
  26   14     0    214 
  26   15     0    682 
  26   16     0    420 
  26   17     0    785 
  26   18     0    386 
  26   19     0    542 
  26   20     0    606 
  26   21     0    370 
  26   22     0    796 
  26   23     0    674 
  26   24     0    594 
  26   25     0    378 
  26   26     0    637 
  26   27     0    261 
  26   28     0    250 
  26   29     0    737 
  26   30     0    503 
  26   31     0    588 
  26   32     0    797 
  26   33     0    469 
  26   34     0    640 
  26   35     0    440 
  26   36     0    230 
  26   37     0    541 
  26   38     0    599 
  26   39     0    253 
  26   40     0    365 
  26   41     0    389 
  26   42     0    585 
  26   43     0    771 
  26   44     0    655 
  26   45     0    793 
  26   46     0    206 
  26   47     0    753 
  26   48     0    561 
  26   49     0    292 
  27    0     0    390 
  27    1     0    711 
  27    2     0    322 
  27    3     0    670 
  27    4     0    334 
  27    5     0    570 
  27    6     0    222 
  27    7     0    202 
  27    8     0    296 
  27    9     0    747 
  27   10     0    442 
  27   11     0    692 
  27   12     0    420 
  27   13     0    509 
  27   14     0    368 
  27   15     0    735 
  27   16     0    786 
  27   17     0    624 
  27   18     0    476 
  27   19     0    560 
  27   20     0    360 
  27   21     0    426 
  27   22     0    561 
  27   23     0    380 
  27   24     0    727 
  27   25     0    438 
  27   26     0    445 
  27   27     0    258 
  27   28     0    662 
  27   29     0    667 
  27   30     0    311 
  27   31     0    238 
  27   32     0    758 
  27   33     0    474 
  27   34     0    714 
  27   35     0    360 
  27   36     0    393 
  27   37     0    688 
  27   38     0    553 
  27   39     0    450 
  27   40     0    295 
  27   41     0    505 
  27   42     0    220 
  27   43     0    297 
  27   44     0    374 
  27   45     0    454 
  27   46     0    354 
  27   47     0    505 
  27   48     0    326 
  27   49     0    349 
  28    0     0    557 
  28    1     0    428 
  28    2     0    673 
  28    3     0    775 
  28    4     0    259 
  28    5     0    572 
  28    6     0    592 
  28    7     0    700 
  28    8     0    576 
  28    9     0    448 
  28   10     0    488 
  28   11     0    560 
  28   12     0    584 
  28   13     0    352 
  28   14     0    589 
  28   15     0    536 
  28   16     0    620 
  28   17     0    615 
  28   18     0    574 
  28   19     0    459 
  28   20     0    644 
  28   21     0    508 
  28   22     0    762 
  28   23     0    363 
  28   24     0    508 
  28   25     0    220 
  28   26     0    467 
  28   27     0    781 
  28   28     0    689 
  28   29     0    692 
  28   30     0    250 
  28   31     0    607 
  28   32     0    200 
  28   33     0    761 
  28   34     0    689 
  28   35     0    533 
  28   36     0    650 
  28   37     0    748 
  28   38     0    238 
  28   39     0    425 
  28   40     0    303 
  28   41     0    741 
  28   42     0    411 
  28   43     0    408 
  28   44     0    599 
  28   45     0    585 
  28   46     0    358 
  28   47     0    712 
  28   48     0    662 
  28   49     0    267 
  29    0     0    523 
  29    1     0    694 
  29    2     0    528 
  29    3     0    271 
  29    4     0    564 
  29    5     0    262 
  29    6     0    353 
  29    7     0    670 
  29    8     0    245 
  29    9     0    226 
  29   10     0    219 
  29   11     0    624 
  29   12     0    546 
  29   13     0    323 
  29   14     0    602 
  29   15     0    412 
  29   16     0    261 
  29   17     0    576 
  29   18     0    344 
  29   19     0    652 
  29   20     0    292 
  29   21     0    308 
  29   22     0    607 
  29   23     0    319 
  29   24     0    311 
  29   25     0    632 
  29   26     0    338 
  29   27     0    244 
  29   28     0    455 
  29   29     0    527 
  29   30     0    207 
  29   31     0    329 
  29   32     0    557 
  29   33     0    558 
  29   34     0    683 
  29   35     0    507 
  29   36     0    518 
  29   37     0    738 
  29   38     0    610 
  29   39     0    661 
  29   40     0    526 
  29   41     0    317 
  29   42     0    612 
  29   43     0    478 
  29   44     0    488 
  29   45     0    253 
  29   46     0    249 
  29   47     0    780 
  29   48     0    461 
  29   49     0    448 
  30    0     0    203 
  30    1     0    221 
  30    2     0    640 
  30    3     0    443 
  30    4     0    387 
  30    5     0    518 
  30    6     0    402 
  30    7     0    342 
  30    8     0    782 
  30    9     0    349 
  30   10     0    266 
  30   11     0    422 
  30   12     0    724 
  30   13     0    730 
  30   14     0    726 
  30   15     0    575 
  30   16     0    523 
  30   17     0    662 
  30   18     0    494 
  30   19     0    552 
  30   20     0    569 
  30   21     0    270 
  30   22     0    632 
  30   23     0    414 
  30   24     0    670 
  30   25     0    625 
  30   26     0    467 
  30   27     0    232 
  30   28     0    556 
  30   29     0    580 
  30   30     0    312 
  30   31     0    476 
  30   32     0    255 
  30   33     0    268 
  30   34     0    454 
  30   35     0    347 
  30   36     0    268 
  30   37     0    672 
  30   38     0    368 
  30   39     0    295 
  30   40     0    615 
  30   41     0    389 
  30   42     0    242 
  30   43     0    572 
  30   44     0    624 
  30   45     0    544 
  30   46     0    233 
  30   47     0    246 
  30   48     0    747 
  30   49     0    770 
  31    0     0    222 
  31    1     0    552 
  31    2     0    730 
  31    3     0    208 
  31    4     0    581 
  31    5     0    291 
  31    6     0    791 
  31    7     0    533 
  31    8     0    444 
  31    9     0    697 
  31   10     0    539 
  31   11     0    478 
  31   12     0    374 
  31   13     0    797 
  31   14     0    406 
  31   15     0    622 
  31   16     0    337 
  31   17     0    737 
  31   18     0    570 
  31   19     0    494 
  31   20     0    221 
  31   21     0    514 
  31   22     0    462 
  31   23     0    645 
  31   24     0    461 
  31   25     0    498 
  31   26     0    730 
  31   27     0    456 
  31   28     0    703 
  31   29     0    689 
  31   30     0    727 
  31   31     0    458 
  31   32     0    522 
  31   33     0    436 
  31   34     0    628 
  31   35     0    390 
  31   36     0    724 
  31   37     0    794 
  31   38     0    622 
  31   39     0    438 
  31   40     0    298 
  31   41     0    333 
  31   42     0    397 
  31   43     0    286 
  31   44     0    673 
  31   45     0    247 
  31   46     0    642 
  31   47     0    445 
  31   48     0    776 
  31   49     0    238 
  32    0     0    699 
  32    1     0    412 
  32    2     0    335 
  32    3     0    261 
  32    4     0    796 
  32    5     0    761 
  32    6     0    311 
  32    7     0    687 
  32    8     0    589 
  32    9     0    634 
  32   10     0    227 
  32   11     0    228 
  32   12     0    203 
  32   13     0    540 
  32   14     0    322 
  32   15     0    473 
  32   16     0    721 
  32   17     0    217 
  32   18     0    224 
  32   19     0    232 
  32   20     0    522 
  32   21     0    564 
  32   22     0    679 
  32   23     0    514 
  32   24     0    593 
  32   25     0    792 
  32   26     0    682 
  32   27     0    531 
  32   28     0    513 
  32   29     0    636 
  32   30     0    318 
  32   31     0    791 
  32   32     0    305 
  32   33     0    293 
  32   34     0    524 
  32   35     0    786 
  32   36     0    655 
  32   37     0    312 
  32   38     0    533 
  32   39     0    421 
  32   40     0    668 
  32   41     0    713 
  32   42     0    570 
  32   43     0    633 
  32   44     0    569 
  32   45     0    509 
  32   46     0    270 
  32   47     0    646 
  32   48     0    790 
  32   49     0    359 
  33    0     0    435 
  33    1     0    675 
  33    2     0    668 
  33    3     0    438 
  33    4     0    379 
  33    5     0    207 
  33    6     0    629 
  33    7     0    501 
  33    8     0    489 
  33    9     0    450 
  33   10     0    538 
  33   11     0    536 
  33   12     0    483 
  33   13     0    731 
  33   14     0    217 
  33   15     0    719 
  33   16     0    332 
  33   17     0    772 
  33   18     0    758 
  33   19     0    293 
  33   20     0    317 
  33   21     0    786 
  33   22     0    757 
  33   23     0    729 
  33   24     0    485 
  33   25     0    797 
  33   26     0    635 
  33   27     0    416 
  33   28     0    587 
  33   29     0    385 
  33   30     0    594 
  33   31     0    372 
  33   32     0    637 
  33   33     0    428 
  33   34     0    747 
  33   35     0    436 
  33   36     0    424 
  33   37     0    210 
  33   38     0    639 
  33   39     0    382 
  33   40     0    280 
  33   41     0    532 
  33   42     0    797 
  33   43     0    282 
  33   44     0    504 
  33   45     0    534 
  33   46     0    668 
  33   47     0    220 
  33   48     0    292 
  33   49     0    289 
  34    0     0    388 
  34    1     0    434 
  34    2     0    489 
  34    3     0    458 
  34    4     0    367 
  34    5     0    495 
  34    6     0    311 
  34    7     0    709 
  34    8     0    524 
  34    9     0    249 
  34   10     0    777 
  34   11     0    269 
  34   12     0    500 
  34   13     0    529 
  34   14     0    755 
  34   15     0    696 
  34   16     0    296 
  34   17     0    267 
  34   18     0    607 
  34   19     0    427 
  34   20     0    657 
  34   21     0    294 
  34   22     0    234 
  34   23     0    230 
  34   24     0    592 
  34   25     0    309 
  34   26     0    474 
  34   27     0    647 
  34   28     0    302 
  34   29     0    473 
  34   30     0    637 
  34   31     0    422 
  34   32     0    796 
  34   33     0    736 
  34   34     0    644 
  34   35     0    572 
  34   36     0    735 
  34   37     0    202 
  34   38     0    432 
  34   39     0    229 
  34   40     0    493 
  34   41     0    241 
  34   42     0    576 
  34   43     0    641 
  34   44     0    200 
  34   45     0    539 
  34   46     0    472 
  34   47     0    721 
  34   48     0    762 
  34   49     0    459 
  35    0     0    266 
  35    1     0    763 
  35    2     0    462 
  35    3     0    471 
  35    4     0    311 
  35    5     0    381 
  35    6     0    224 
  35    7     0    648 
  35    8     0    656 
  35    9     0    654 
  35   10     0    800 
  35   11     0    788 
  35   12     0    470 
  35   13     0    375 
  35   14     0    335 
  35   15     0    480 
  35   16     0    207 
  35   17     0    717 
  35   18     0    415 
  35   19     0    757 
  35   20     0    385 
  35   21     0    543 
  35   22     0    623 
  35   23     0    215 
  35   24     0    779 
  35   25     0    325 
  35   26     0    593 
  35   27     0    228 
  35   28     0    427 
  35   29     0    790 
  35   30     0    699 
  35   31     0    586 
  35   32     0    459 
  35   33     0    232 
  35   34     0    358 
  35   35     0    637 
  35   36     0    516 
  35   37     0    433 
  35   38     0    726 
  35   39     0    345 
  35   40     0    603 
  35   41     0    450 
  35   42     0    762 
  35   43     0    565 
  35   44     0    741 
  35   45     0    367 
  35   46     0    788 
  35   47     0    421 
  35   48     0    635 
  35   49     0    534 
  36    0     0    288 
  36    1     0    700 
  36    2     0    616 
  36    3     0    618 
  36    4     0    501 
  36    5     0    586 
  36    6     0    319 
  36    7     0    550 
  36    8     0    726 
  36    9     0    401 
  36   10     0    652 
  36   11     0    770 
  36   12     0    308 
  36   13     0    783 
  36   14     0    325 
  36   15     0    276 
  36   16     0    630 
  36   17     0    607 
  36   18     0    584 
  36   19     0    360 
  36   20     0    268 
  36   21     0    238 
  36   22     0    694 
  36   23     0    505 
  36   24     0    284 
  36   25     0    210 
  36   26     0    354 
  36   27     0    488 
  36   28     0    439 
  36   29     0    620 
  36   30     0    581 
  36   31     0    549 
  36   32     0    328 
  36   33     0    205 
  36   34     0    750 
  36   35     0    463 
  36   36     0    741 
  36   37     0    757 
  36   38     0    396 
  36   39     0    476 
  36   40     0    542 
  36   41     0    435 
  36   42     0    699 
  36   43     0    396 
  36   44     0    505 
  36   45     0    464 
  36   46     0    407 
  36   47     0    221 
  36   48     0    652 
  36   49     0    283 
  37    0     0    321 
  37    1     0    233 
  37    2     0    415 
  37    3     0    441 
  37    4     0    567 
  37    5     0    449 
  37    6     0    644 
  37    7     0    791 
  37    8     0    634 
  37    9     0    692 
  37   10     0    428 
  37   11     0    497 
  37   12     0    675 
  37   13     0    401 
  37   14     0    800 
  37   15     0    395 
  37   16     0    774 
  37   17     0    268 
  37   18     0    599 
  37   19     0    694 
  37   20     0    318 
  37   21     0    753 
  37   22     0    536 
  37   23     0    713 
  37   24     0    428 
  37   25     0    445 
  37   26     0    510 
  37   27     0    517 
  37   28     0    561 
  37   29     0    329 
  37   30     0    640 
  37   31     0    522 
  37   32     0    752 
  37   33     0    622 
  37   34     0    470 
  37   35     0    742 
  37   36     0    692 
  37   37     0    774 
  37   38     0    380 
  37   39     0    777 
  37   40     0    286 
  37   41     0    490 
  37   42     0    487 
  37   43     0    608 
  37   44     0    286 
  37   45     0    351 
  37   46     0    408 
  37   47     0    394 
  37   48     0    375 
  37   49     0    668 
  38    0     0    620 
  38    1     0    294 
  38    2     0    797 
  38    3     0    252 
  38    4     0    580 
  38    5     0    479 
  38    6     0    341 
  38    7     0    336 
  38    8     0    280 
  38    9     0    249 
  38   10     0    531 
  38   11     0    549 
  38   12     0    787 
  38   13     0    206 
  38   14     0    570 
  38   15     0    762 
  38   16     0    755 
  38   17     0    549 
  38   18     0    221 
  38   19     0    507 
  38   20     0    385 
  38   21     0    214 
  38   22     0    724 
  38   23     0    749 
  38   24     0    797 
  38   25     0    525 
  38   26     0    419 
  38   27     0    661 
  38   28     0    548 
  38   29     0    305 
  38   30     0    513 
  38   31     0    646 
  38   32     0    595 
  38   33     0    563 
  38   34     0    315 
  38   35     0    559 
  38   36     0    526 
  38   37     0    270 
  38   38     0    698 
  38   39     0    294 
  38   40     0    481 
  38   41     0    414 
  38   42     0    232 
  38   43     0    253 
  38   44     0    406 
  38   45     0    683 
  38   46     0    599 
  38   47     0    590 
  38   48     0    528 
  38   49     0    690 
  39    0     0    284 
  39    1     0    475 
  39    2     0    645 
  39    3     0    728 
  39    4     0    452 
  39    5     0    400 
  39    6     0    421 
  39    7     0    643 
  39    8     0    532 
  39    9     0    701 
  39   10     0    770 
  39   11     0    319 
  39   12     0    419 
  39   13     0    285 
  39   14     0    424 
  39   15     0    377 
  39   16     0    560 
  39   17     0    543 
  39   18     0    493 
  39   19     0    425 
  39   20     0    600 
  39   21     0    675 
  39   22     0    427 
  39   23     0    498 
  39   24     0    411 
  39   25     0    300 
  39   26     0    509 
  39   27     0    674 
  39   28     0    535 
  39   29     0    278 
  39   30     0    333 
  39   31     0    465 
  39   32     0    436 
  39   33     0    331 
  39   34     0    523 
  39   35     0    743 
  39   36     0    685 
  39   37     0    622 
  39   38     0    673 
  39   39     0    740 
  39   40     0    541 
  39   41     0    443 
  39   42     0    628 
  39   43     0    718 
  39   44     0    513 
  39   45     0    369 
  39   46     0    742 
  39   47     0    636 
  39   48     0    757 
  39   49     0    610 
  40    0     0    551 
  40    1     0    429 
  40    2     0    711 
  40    3     0    473 
  40    4     0    744 
  40    5     0    494 
  40    6     0    499 
  40    7     0    398 
  40    8     0    340 
  40    9     0    506 
  40   10     0    692 
  40   11     0    702 
  40   12     0    271 
  40   13     0    255 
  40   14     0    720 
  40   15     0    610 
  40   16     0    247 
  40   17     0    550 
  40   18     0    305 
  40   19     0    395 
  40   20     0    601 
  40   21     0    765 
  40   22     0    593 
  40   23     0    481 
  40   24     0    201 
  40   25     0    358 
  40   26     0    426 
  40   27     0    402 
  40   28     0    495 
  40   29     0    341 
  40   30     0    278 
  40   31     0    252 
  40   32     0    775 
  40   33     0    489 
  40   34     0    220 
  40   35     0    693 
  40   36     0    650 
  40   37     0    670 
  40   38     0    416 
  40   39     0    515 
  40   40     0    583 
  40   41     0    256 
  40   42     0    250 
  40   43     0    228 
  40   44     0    557 
  40   45     0    429 
  40   46     0    780 
  40   47     0    386 
  40   48     0    289 
  40   49     0    241 
  41    0     0    325 
  41    1     0    579 
  41    2     0    248 
  41    3     0    361 
  41    4     0    381 
  41    5     0    523 
  41    6     0    491 
  41    7     0    276 
  41    8     0    380 
  41    9     0    302 
  41   10     0    249 
  41   11     0    285 
  41   12     0    499 
  41   13     0    501 
  41   14     0    593 
  41   15     0    585 
  41   16     0    792 
  41   17     0    668 
  41   18     0    727 
  41   19     0    310 
  41   20     0    280 
  41   21     0    383 
  41   22     0    698 
  41   23     0    744 
  41   24     0    213 
  41   25     0    669 
  41   26     0    311 
  41   27     0    372 
  41   28     0    431 
  41   29     0    219 
  41   30     0    548 
  41   31     0    573 
  41   32     0    631 
  41   33     0    780 
  41   34     0    683 
  41   35     0    284 
  41   36     0    765 
  41   37     0    271 
  41   38     0    648 
  41   39     0    395 
  41   40     0    695 
  41   41     0    772 
  41   42     0    395 
  41   43     0    250 
  41   44     0    333 
  41   45     0    270 
  41   46     0    325 
  41   47     0    762 
  41   48     0    790 
  41   49     0    483 
  42    0     0    466 
  42    1     0    722 
  42    2     0    728 
  42    3     0    593 
  42    4     0    413 
  42    5     0    710 
  42    6     0    477 
  42    7     0    387 
  42    8     0    592 
  42    9     0    264 
  42   10     0    634 
  42   11     0    379 
  42   12     0    250 
  42   13     0    618 
  42   14     0    521 
  42   15     0    417 
  42   16     0    418 
  42   17     0    592 
  42   18     0    639 
  42   19     0    343 
  42   20     0    374 
  42   21     0    443 
  42   22     0    479 
  42   23     0    265 
  42   24     0    256 
  42   25     0    266 
  42   26     0    330 
  42   27     0    299 
  42   28     0    532 
  42   29     0    578 
  42   30     0    478 
  42   31     0    408 
  42   32     0    353 
  42   33     0    771 
  42   34     0    477 
  42   35     0    272 
  42   36     0    348 
  42   37     0    528 
  42   38     0    618 
  42   39     0    330 
  42   40     0    477 
  42   41     0    587 
  42   42     0    693 
  42   43     0    276 
  42   44     0    401 
  42   45     0    397 
  42   46     0    570 
  42   47     0    556 
  42   48     0    454 
  42   49     0    416 
  43    0     0    637 
  43    1     0    752 
  43    2     0    266 
  43    3     0    496 
  43    4     0    741 
  43    5     0    394 
  43    6     0    467 
  43    7     0    296 
  43    8     0    691 
  43    9     0    414 
  43   10     0    264 
  43   11     0    546 
  43   12     0    425 
  43   13     0    239 
  43   14     0    725 
  43   15     0    428 
  43   16     0    225 
  43   17     0    375 
  43   18     0    476 
  43   19     0    633 
  43   20     0    334 
  43   21     0    685 
  43   22     0    355 
  43   23     0    525 
  43   24     0    742 
  43   25     0    202 
  43   26     0    499 
  43   27     0    336 
  43   28     0    793 
  43   29     0    665 
  43   30     0    434 
  43   31     0    623 
  43   32     0    656 
  43   33     0    364 
  43   34     0    301 
  43   35     0    748 
  43   36     0    418 
  43   37     0    209 
  43   38     0    285 
  43   39     0    551 
  43   40     0    279 
  43   41     0    489 
  43   42     0    639 
  43   43     0    406 
  43   44     0    380 
  43   45     0    268 
  43   46     0    537 
  43   47     0    226 
  43   48     0    294 
  43   49     0    311 
  44    0     0    748 
  44    1     0    636 
  44    2     0    515 
  44    3     0    594 
  44    4     0    752 
  44    5     0    372 
  44    6     0    512 
  44    7     0    737 
  44    8     0    593 
  44    9     0    637 
  44   10     0    334 
  44   11     0    630 
  44   12     0    429 
  44   13     0    785 
  44   14     0    504 
  44   15     0    703 
  44   16     0    403 
  44   17     0    254 
  44   18     0    264 
  44   19     0    485 
  44   20     0    587 
  44   21     0    258 
  44   22     0    271 
  44   23     0    659 
  44   24     0    665 
  44   25     0    534 
  44   26     0    713 
  44   27     0    313 
  44   28     0    371 
  44   29     0    318 
  44   30     0    293 
  44   31     0    745 
  44   32     0    492 
  44   33     0    238 
  44   34     0    609 
  44   35     0    582 
  44   36     0    212 
  44   37     0    379 
  44   38     0    513 
  44   39     0    422 
  44   40     0    713 
  44   41     0    391 
  44   42     0    501 
  44   43     0    518 
  44   44     0    617 
  44   45     0    433 
  44   46     0    505 
  44   47     0    630 
  44   48     0    795 
  44   49     0    277 
  45    0     0    246 
  45    1     0    267 
  45    2     0    275 
  45    3     0    381 
  45    4     0    219 
  45    5     0    222 
  45    6     0    792 
  45    7     0    536 
  45    8     0    349 
  45    9     0    690 
  45   10     0    603 
  45   11     0    787 
  45   12     0    318 
  45   13     0    249 
  45   14     0    505 
  45   15     0    460 
  45   16     0    733 
  45   17     0    728 
  45   18     0    392 
  45   19     0    761 
  45   20     0    277 
  45   21     0    487 
  45   22     0    265 
  45   23     0    294 
  45   24     0    239 
  45   25     0    264 
  45   26     0    710 
  45   27     0    518 
  45   28     0    242 
  45   29     0    519 
  45   30     0    444 
  45   31     0    625 
  45   32     0    608 
  45   33     0    641 
  45   34     0    472 
  45   35     0    643 
  45   36     0    213 
  45   37     0    536 
  45   38     0    560 
  45   39     0    341 
  45   40     0    685 
  45   41     0    327 
  45   42     0    569 
  45   43     0    766 
  45   44     0    382 
  45   45     0    371 
  45   46     0    335 
  45   47     0    240 
  45   48     0    735 
  45   49     0    637 
  46    0     0    683 
  46    1     0    407 
  46    2     0    402 
  46    3     0    643 
  46    4     0    699 
  46    5     0    475 
  46    6     0    368 
  46    7     0    244 
  46    8     0    531 
  46    9     0    439 
  46   10     0    727 
  46   11     0    428 
  46   12     0    706 
  46   13     0    650 
  46   14     0    487 
  46   15     0    703 
  46   16     0    636 
  46   17     0    671 
  46   18     0    207 
  46   19     0    610 
  46   20     0    375 
  46   21     0    337 
  46   22     0    708 
  46   23     0    762 
  46   24     0    289 
  46   25     0    517 
  46   26     0    669 
  46   27     0    594 
  46   28     0    450 
  46   29     0    779 
  46   30     0    794 
  46   31     0    413 
  46   32     0    583 
  46   33     0    599 
  46   34     0    796 
  46   35     0    341 
  46   36     0    492 
  46   37     0    296 
  46   38     0    496 
  46   39     0    391 
  46   40     0    639 
  46   41     0    413 
  46   42     0    458 
  46   43     0    753 
  46   44     0    507 
  46   45     0    629 
  46   46     0    243 
  46   47     0    305 
  46   48     0    622 
  46   49     0    627 
  47    0     0    640 
  47    1     0    622 
  47    2     0    310 
  47    3     0    345 
  47    4     0    414 
  47    5     0    344 
  47    6     0    235 
  47    7     0    527 
  47    8     0    390 
  47    9     0    712 
  47   10     0    327 
  47   11     0    280 
  47   12     0    559 
  47   13     0    598 
  47   14     0    329 
  47   15     0    406 
  47   16     0    367 
  47   17     0    545 
  47   18     0    736 
  47   19     0    668 
  47   20     0    356 
  47   21     0    215 
  47   22     0    786 
  47   23     0    619 
  47   24     0    536 
  47   25     0    688 
  47   26     0    243 
  47   27     0    353 
  47   28     0    303 
  47   29     0    710 
  47   30     0    420 
  47   31     0    319 
  47   32     0    691 
  47   33     0    778 
  47   34     0    730 
  47   35     0    591 
  47   36     0    394 
  47   37     0    611 
  47   38     0    696 
  47   39     0    612 
  47   40     0    733 
  47   41     0    232 
  47   42     0    366 
  47   43     0    410 
  47   44     0    324 
  47   45     0    717 
  47   46     0    265 
  47   47     0    661 
  47   48     0    340 
  47   49     0    414 
  48    0     0    728 
  48    1     0    530 
  48    2     0    246 
  48    3     0    586 
  48    4     0    574 
  48    5     0    224 
  48    6     0    431 
  48    7     0    313 
  48    8     0    290 
  48    9     0    305 
  48   10     0    514 
  48   11     0    276 
  48   12     0    442 
  48   13     0    404 
  48   14     0    313 
  48   15     0    420 
  48   16     0    462 
  48   17     0    764 
  48   18     0    733 
  48   19     0    561 
  48   20     0    560 
  48   21     0    263 
  48   22     0    396 
  48   23     0    748 
  48   24     0    316 
  48   25     0    755 
  48   26     0    428 
  48   27     0    709 
  48   28     0    272 
  48   29     0    328 
  48   30     0    601 
  48   31     0    307 
  48   32     0    316 
  48   33     0    661 
  48   34     0    586 
  48   35     0    698 
  48   36     0    630 
  48   37     0    477 
  48   38     0    445 
  48   39     0    671 
  48   40     0    374 
  48   41     0    431 
  48   42     0    504 
  48   43     0    577 
  48   44     0    323 
  48   45     0    241 
  48   46     0    237 
  48   47     0    349 
  48   48     0    376 
  48   49     0    667 
  49    0     0    331 
  49    1     0    525 
  49    2     0    362 
  49    3     0    650 
  49    4     0    342 
  49    5     0    273 
  49    6     0    221 
  49    7     0    418 
  49    8     0    650 
  49    9     0    434 
  49   10     0    339 
  49   11     0    678 
  49   12     0    633 
  49   13     0    321 
  49   14     0    244 
  49   15     0    439 
  49   16     0    273 
  49   17     0    554 
  49   18     0    774 
  49   19     0    437 
  49   20     0    452 
  49   21     0    665 
  49   22     0    513 
  49   23     0    764 
  49   24     0    520 
  49   25     0    596 
  49   26     0    720 
  49   27     0    353 
  49   28     0    217 
  49   29     0    219 
  49   30     0    775 
  49   31     0    772 
  49   32     0    225 
  49   33     0    728 
  49   34     0    748 
  49   35     0    216 
  49   36     0    270 
  49   37     0    451 
  49   38     0    650 
  49   39     0    680 
  49   40     0    502 
  49   41     0    744 
  49   42     0    276 
  49   43     0    570 
  49   44     0    462 
  49   45     0    236 
  49   46     0    605 
  49   47     0    536 
  49   48     0    418 
  49   49     0    288 
