 50
 50

   12
    5
   16
   20
    9
   18
   20
   12
   18
   14
   20
   16
    4
    1
    6
    6
    5
    1
   18
   11
   12
   12
    8
   14
   12
   15
    9
    9
    5
   15
   13
    2
   13
    5
    1
    8
   14
   14
    2
    1
   20
   10
   15
    5
    2
    4
   20
    3
   20
   18

   17
    9
   19
   17
    7
   13
    2
   16
   17
    3
    8
   13
    1
   13
    8
   20
   20
   10
   16
   19
   11
    1
   17
   15
    4
   13
    4
    9
   16
    2
    8
   12
    9
    8
    1
   17
    8
   19
   10
   16
   13
   20
    8
   16
    7
    4
    2
    9
    1
    5

   0    0     0    333 
   0    1     0    407 
   0    2     0    575 
   0    3     0    582 
   0    4     0    673 
   0    5     0    763 
   0    6     0    498 
   0    7     0    526 
   0    8     0    316 
   0    9     0    443 
   0   10     0    702 
   0   11     0    358 
   0   12     0    638 
   0   13     0    362 
   0   14     0    657 
   0   15     0    332 
   0   16     0    253 
   0   17     0    234 
   0   18     0    532 
   0   19     0    689 
   0   20     0    549 
   0   21     0    472 
   0   22     0    313 
   0   23     0    596 
   0   24     0    248 
   0   25     0    645 
   0   26     0    339 
   0   27     0    295 
   0   28     0    273 
   0   29     0    791 
   0   30     0    610 
   0   31     0    433 
   0   32     0    289 
   0   33     0    536 
   0   34     0    267 
   0   35     0    751 
   0   36     0    499 
   0   37     0    781 
   0   38     0    597 
   0   39     0    255 
   0   40     0    679 
   0   41     0    788 
   0   42     0    603 
   0   43     0    207 
   0   44     0    380 
   0   45     0    308 
   0   46     0    637 
   0   47     0    641 
   0   48     0    482 
   0   49     0    693 
   1    0     0    594 
   1    1     0    294 
   1    2     0    279 
   1    3     0    222 
   1    4     0    287 
   1    5     0    549 
   1    6     0    736 
   1    7     0    217 
   1    8     0    601 
   1    9     0    447 
   1   10     0    673 
   1   11     0    286 
   1   12     0    251 
   1   13     0    569 
   1   14     0    538 
   1   15     0    396 
   1   16     0    765 
   1   17     0    388 
   1   18     0    270 
   1   19     0    509 
   1   20     0    585 
   1   21     0    285 
   1   22     0    687 
   1   23     0    546 
   1   24     0    455 
   1   25     0    212 
   1   26     0    564 
   1   27     0    313 
   1   28     0    684 
   1   29     0    674 
   1   30     0    666 
   1   31     0    268 
   1   32     0    297 
   1   33     0    580 
   1   34     0    513 
   1   35     0    240 
   1   36     0    267 
   1   37     0    364 
   1   38     0    345 
   1   39     0    609 
   1   40     0    560 
   1   41     0    206 
   1   42     0    226 
   1   43     0    642 
   1   44     0    290 
   1   45     0    787 
   1   46     0    262 
   1   47     0    417 
   1   48     0    532 
   1   49     0    219 
   2    0     0    250 
   2    1     0    682 
   2    2     0    726 
   2    3     0    461 
   2    4     0    729 
   2    5     0    339 
   2    6     0    295 
   2    7     0    332 
   2    8     0    512 
   2    9     0    433 
   2   10     0    693 
   2   11     0    473 
   2   12     0    459 
   2   13     0    435 
   2   14     0    423 
   2   15     0    231 
   2   16     0    562 
   2   17     0    311 
   2   18     0    759 
   2   19     0    317 
   2   20     0    692 
   2   21     0    300 
   2   22     0    296 
   2   23     0    599 
   2   24     0    723 
   2   25     0    781 
   2   26     0    444 
   2   27     0    512 
   2   28     0    443 
   2   29     0    692 
   2   30     0    239 
   2   31     0    755 
   2   32     0    597 
   2   33     0    654 
   2   34     0    617 
   2   35     0    599 
   2   36     0    358 
   2   37     0    449 
   2   38     0    534 
   2   39     0    571 
   2   40     0    592 
   2   41     0    548 
   2   42     0    517 
   2   43     0    595 
   2   44     0    370 
   2   45     0    533 
   2   46     0    330 
   2   47     0    328 
   2   48     0    205 
   2   49     0    276 
   3    0     0    738 
   3    1     0    595 
   3    2     0    727 
   3    3     0    781 
   3    4     0    553 
   3    5     0    294 
   3    6     0    794 
   3    7     0    337 
   3    8     0    363 
   3    9     0    518 
   3   10     0    287 
   3   11     0    721 
   3   12     0    334 
   3   13     0    377 
   3   14     0    397 
   3   15     0    231 
   3   16     0    387 
   3   17     0    347 
   3   18     0    299 
   3   19     0    228 
   3   20     0    500 
   3   21     0    376 
   3   22     0    724 
   3   23     0    359 
   3   24     0    517 
   3   25     0    569 
   3   26     0    676 
   3   27     0    483 
   3   28     0    352 
   3   29     0    217 
   3   30     0    550 
   3   31     0    452 
   3   32     0    600 
   3   33     0    674 
   3   34     0    602 
   3   35     0    202 
   3   36     0    417 
   3   37     0    431 
   3   38     0    449 
   3   39     0    253 
   3   40     0    573 
   3   41     0    605 
   3   42     0    513 
   3   43     0    529 
   3   44     0    752 
   3   45     0    600 
   3   46     0    693 
   3   47     0    789 
   3   48     0    413 
   3   49     0    210 
   4    0     0    703 
   4    1     0    204 
   4    2     0    470 
   4    3     0    440 
   4    4     0    385 
   4    5     0    276 
   4    6     0    413 
   4    7     0    440 
   4    8     0    449 
   4    9     0    440 
   4   10     0    313 
   4   11     0    518 
   4   12     0    800 
   4   13     0    636 
   4   14     0    388 
   4   15     0    231 
   4   16     0    440 
   4   17     0    243 
   4   18     0    497 
   4   19     0    682 
   4   20     0    771 
   4   21     0    435 
   4   22     0    589 
   4   23     0    748 
   4   24     0    322 
   4   25     0    747 
   4   26     0    604 
   4   27     0    521 
   4   28     0    333 
   4   29     0    260 
   4   30     0    378 
   4   31     0    236 
   4   32     0    543 
   4   33     0    572 
   4   34     0    525 
   4   35     0    612 
   4   36     0    432 
   4   37     0    559 
   4   38     0    460 
   4   39     0    738 
   4   40     0    535 
   4   41     0    598 
   4   42     0    441 
   4   43     0    352 
   4   44     0    596 
   4   45     0    763 
   4   46     0    652 
   4   47     0    630 
   4   48     0    439 
   4   49     0    215 
   5    0     0    632 
   5    1     0    445 
   5    2     0    251 
   5    3     0    582 
   5    4     0    461 
   5    5     0    232 
   5    6     0    456 
   5    7     0    471 
   5    8     0    608 
   5    9     0    200 
   5   10     0    383 
   5   11     0    292 
   5   12     0    237 
   5   13     0    705 
   5   14     0    566 
   5   15     0    619 
   5   16     0    235 
   5   17     0    785 
   5   18     0    651 
   5   19     0    349 
   5   20     0    530 
   5   21     0    394 
   5   22     0    342 
   5   23     0    443 
   5   24     0    427 
   5   25     0    427 
   5   26     0    652 
   5   27     0    301 
   5   28     0    414 
   5   29     0    435 
   5   30     0    460 
   5   31     0    267 
   5   32     0    698 
   5   33     0    682 
   5   34     0    283 
   5   35     0    504 
   5   36     0    514 
   5   37     0    349 
   5   38     0    739 
   5   39     0    236 
   5   40     0    341 
   5   41     0    365 
   5   42     0    260 
   5   43     0    553 
   5   44     0    740 
   5   45     0    579 
   5   46     0    369 
   5   47     0    471 
   5   48     0    723 
   5   49     0    295 
   6    0     0    722 
   6    1     0    752 
   6    2     0    744 
   6    3     0    629 
   6    4     0    454 
   6    5     0    411 
   6    6     0    624 
   6    7     0    554 
   6    8     0    320 
   6    9     0    318 
   6   10     0    403 
   6   11     0    525 
   6   12     0    672 
   6   13     0    529 
   6   14     0    712 
   6   15     0    333 
   6   16     0    636 
   6   17     0    773 
   6   18     0    663 
   6   19     0    448 
   6   20     0    735 
   6   21     0    612 
   6   22     0    673 
   6   23     0    276 
   6   24     0    481 
   6   25     0    532 
   6   26     0    508 
   6   27     0    223 
   6   28     0    434 
   6   29     0    546 
   6   30     0    249 
   6   31     0    325 
   6   32     0    767 
   6   33     0    264 
   6   34     0    552 
   6   35     0    776 
   6   36     0    274 
   6   37     0    236 
   6   38     0    329 
   6   39     0    639 
   6   40     0    336 
   6   41     0    527 
   6   42     0    681 
   6   43     0    751 
   6   44     0    668 
   6   45     0    507 
   6   46     0    732 
   6   47     0    733 
   6   48     0    268 
   6   49     0    529 
   7    0     0    785 
   7    1     0    731 
   7    2     0    579 
   7    3     0    576 
   7    4     0    762 
   7    5     0    436 
   7    6     0    485 
   7    7     0    454 
   7    8     0    470 
   7    9     0    493 
   7   10     0    642 
   7   11     0    641 
   7   12     0    716 
   7   13     0    300 
   7   14     0    461 
   7   15     0    524 
   7   16     0    229 
   7   17     0    653 
   7   18     0    408 
   7   19     0    599 
   7   20     0    675 
   7   21     0    608 
   7   22     0    675 
   7   23     0    438 
   7   24     0    382 
   7   25     0    567 
   7   26     0    669 
   7   27     0    262 
   7   28     0    613 
   7   29     0    282 
   7   30     0    776 
   7   31     0    590 
   7   32     0    373 
   7   33     0    349 
   7   34     0    458 
   7   35     0    629 
   7   36     0    455 
   7   37     0    792 
   7   38     0    497 
   7   39     0    628 
   7   40     0    601 
   7   41     0    353 
   7   42     0    612 
   7   43     0    507 
   7   44     0    512 
   7   45     0    601 
   7   46     0    238 
   7   47     0    588 
   7   48     0    609 
   7   49     0    283 
   8    0     0    571 
   8    1     0    275 
   8    2     0    799 
   8    3     0    431 
   8    4     0    581 
   8    5     0    611 
   8    6     0    610 
   8    7     0    540 
   8    8     0    579 
   8    9     0    748 
   8   10     0    305 
   8   11     0    746 
   8   12     0    279 
   8   13     0    653 
   8   14     0    660 
   8   15     0    480 
   8   16     0    530 
   8   17     0    594 
   8   18     0    264 
   8   19     0    447 
   8   20     0    294 
   8   21     0    636 
   8   22     0    208 
   8   23     0    458 
   8   24     0    558 
   8   25     0    471 
   8   26     0    230 
   8   27     0    454 
   8   28     0    423 
   8   29     0    221 
   8   30     0    340 
   8   31     0    488 
   8   32     0    215 
   8   33     0    478 
   8   34     0    213 
   8   35     0    747 
   8   36     0    368 
   8   37     0    799 
   8   38     0    364 
   8   39     0    210 
   8   40     0    300 
   8   41     0    780 
   8   42     0    419 
   8   43     0    326 
   8   44     0    630 
   8   45     0    553 
   8   46     0    432 
   8   47     0    677 
   8   48     0    690 
   8   49     0    329 
   9    0     0    504 
   9    1     0    351 
   9    2     0    385 
   9    3     0    745 
   9    4     0    335 
   9    5     0    749 
   9    6     0    698 
   9    7     0    240 
   9    8     0    241 
   9    9     0    645 
   9   10     0    243 
   9   11     0    213 
   9   12     0    411 
   9   13     0    461 
   9   14     0    255 
   9   15     0    255 
   9   16     0    320 
   9   17     0    700 
   9   18     0    789 
   9   19     0    605 
   9   20     0    641 
   9   21     0    233 
   9   22     0    674 
   9   23     0    329 
   9   24     0    797 
   9   25     0    246 
   9   26     0    284 
   9   27     0    546 
   9   28     0    473 
   9   29     0    404 
   9   30     0    233 
   9   31     0    791 
   9   32     0    379 
   9   33     0    296 
   9   34     0    282 
   9   35     0    441 
   9   36     0    755 
   9   37     0    480 
   9   38     0    670 
   9   39     0    389 
   9   40     0    689 
   9   41     0    773 
   9   42     0    649 
   9   43     0    603 
   9   44     0    539 
   9   45     0    514 
   9   46     0    452 
   9   47     0    751 
   9   48     0    500 
   9   49     0    730 
  10    0     0    350 
  10    1     0    317 
  10    2     0    593 
  10    3     0    264 
  10    4     0    737 
  10    5     0    285 
  10    6     0    687 
  10    7     0    626 
  10    8     0    544 
  10    9     0    425 
  10   10     0    350 
  10   11     0    529 
  10   12     0    565 
  10   13     0    278 
  10   14     0    356 
  10   15     0    432 
  10   16     0    543 
  10   17     0    577 
  10   18     0    288 
  10   19     0    281 
  10   20     0    424 
  10   21     0    555 
  10   22     0    610 
  10   23     0    508 
  10   24     0    288 
  10   25     0    309 
  10   26     0    376 
  10   27     0    556 
  10   28     0    254 
  10   29     0    343 
  10   30     0    535 
  10   31     0    410 
  10   32     0    773 
  10   33     0    695 
  10   34     0    481 
  10   35     0    419 
  10   36     0    440 
  10   37     0    577 
  10   38     0    711 
  10   39     0    689 
  10   40     0    777 
  10   41     0    378 
  10   42     0    712 
  10   43     0    290 
  10   44     0    375 
  10   45     0    307 
  10   46     0    393 
  10   47     0    352 
  10   48     0    651 
  10   49     0    257 
  11    0     0    663 
  11    1     0    409 
  11    2     0    798 
  11    3     0    383 
  11    4     0    643 
  11    5     0    769 
  11    6     0    423 
  11    7     0    788 
  11    8     0    420 
  11    9     0    411 
  11   10     0    649 
  11   11     0    708 
  11   12     0    582 
  11   13     0    215 
  11   14     0    558 
  11   15     0    470 
  11   16     0    239 
  11   17     0    755 
  11   18     0    332 
  11   19     0    483 
  11   20     0    298 
  11   21     0    614 
  11   22     0    765 
  11   23     0    441 
  11   24     0    680 
  11   25     0    645 
  11   26     0    205 
  11   27     0    596 
  11   28     0    248 
  11   29     0    267 
  11   30     0    298 
  11   31     0    577 
  11   32     0    565 
  11   33     0    694 
  11   34     0    564 
  11   35     0    330 
  11   36     0    263 
  11   37     0    399 
  11   38     0    638 
  11   39     0    657 
  11   40     0    502 
  11   41     0    337 
  11   42     0    792 
  11   43     0    209 
  11   44     0    264 
  11   45     0    745 
  11   46     0    220 
  11   47     0    334 
  11   48     0    596 
  11   49     0    615 
  12    0     0    386 
  12    1     0    491 
  12    2     0    511 
  12    3     0    340 
  12    4     0    526 
  12    5     0    733 
  12    6     0    795 
  12    7     0    633 
  12    8     0    284 
  12    9     0    216 
  12   10     0    347 
  12   11     0    774 
  12   12     0    506 
  12   13     0    313 
  12   14     0    702 
  12   15     0    279 
  12   16     0    582 
  12   17     0    571 
  12   18     0    289 
  12   19     0    429 
  12   20     0    702 
  12   21     0    389 
  12   22     0    673 
  12   23     0    273 
  12   24     0    467 
  12   25     0    452 
  12   26     0    520 
  12   27     0    476 
  12   28     0    428 
  12   29     0    776 
  12   30     0    750 
  12   31     0    719 
  12   32     0    286 
  12   33     0    465 
  12   34     0    384 
  12   35     0    450 
  12   36     0    465 
  12   37     0    335 
  12   38     0    330 
  12   39     0    724 
  12   40     0    261 
  12   41     0    332 
  12   42     0    316 
  12   43     0    394 
  12   44     0    361 
  12   45     0    779 
  12   46     0    541 
  12   47     0    285 
  12   48     0    247 
  12   49     0    347 
  13    0     0    375 
  13    1     0    394 
  13    2     0    511 
  13    3     0    622 
  13    4     0    631 
  13    5     0    278 
  13    6     0    394 
  13    7     0    332 
  13    8     0    237 
  13    9     0    670 
  13   10     0    777 
  13   11     0    332 
  13   12     0    695 
  13   13     0    496 
  13   14     0    601 
  13   15     0    797 
  13   16     0    531 
  13   17     0    684 
  13   18     0    597 
  13   19     0    239 
  13   20     0    294 
  13   21     0    333 
  13   22     0    361 
  13   23     0    260 
  13   24     0    730 
  13   25     0    727 
  13   26     0    622 
  13   27     0    709 
  13   28     0    655 
  13   29     0    255 
  13   30     0    444 
  13   31     0    365 
  13   32     0    293 
  13   33     0    498 
  13   34     0    457 
  13   35     0    299 
  13   36     0    292 
  13   37     0    352 
  13   38     0    352 
  13   39     0    501 
  13   40     0    534 
  13   41     0    230 
  13   42     0    470 
  13   43     0    624 
  13   44     0    696 
  13   45     0    467 
  13   46     0    726 
  13   47     0    709 
  13   48     0    455 
  13   49     0    482 
  14    0     0    778 
  14    1     0    657 
  14    2     0    742 
  14    3     0    620 
  14    4     0    570 
  14    5     0    208 
  14    6     0    482 
  14    7     0    358 
  14    8     0    373 
  14    9     0    433 
  14   10     0    349 
  14   11     0    797 
  14   12     0    563 
  14   13     0    685 
  14   14     0    476 
  14   15     0    389 
  14   16     0    772 
  14   17     0    301 
  14   18     0    449 
  14   19     0    696 
  14   20     0    772 
  14   21     0    697 
  14   22     0    764 
  14   23     0    794 
  14   24     0    326 
  14   25     0    718 
  14   26     0    327 
  14   27     0    780 
  14   28     0    678 
  14   29     0    235 
  14   30     0    635 
  14   31     0    588 
  14   32     0    414 
  14   33     0    710 
  14   34     0    745 
  14   35     0    799 
  14   36     0    533 
  14   37     0    338 
  14   38     0    356 
  14   39     0    685 
  14   40     0    419 
  14   41     0    446 
  14   42     0    378 
  14   43     0    630 
  14   44     0    623 
  14   45     0    457 
  14   46     0    250 
  14   47     0    360 
  14   48     0    643 
  14   49     0    417 
  15    0     0    256 
  15    1     0    483 
  15    2     0    567 
  15    3     0    616 
  15    4     0    397 
  15    5     0    465 
  15    6     0    748 
  15    7     0    706 
  15    8     0    609 
  15    9     0    238 
  15   10     0    762 
  15   11     0    332 
  15   12     0    753 
  15   13     0    270 
  15   14     0    274 
  15   15     0    254 
  15   16     0    510 
  15   17     0    315 
  15   18     0    550 
  15   19     0    790 
  15   20     0    596 
  15   21     0    723 
  15   22     0    443 
  15   23     0    750 
  15   24     0    540 
  15   25     0    501 
  15   26     0    640 
  15   27     0    325 
  15   28     0    227 
  15   29     0    748 
  15   30     0    327 
  15   31     0    259 
  15   32     0    685 
  15   33     0    604 
  15   34     0    477 
  15   35     0    556 
  15   36     0    770 
  15   37     0    682 
  15   38     0    200 
  15   39     0    500 
  15   40     0    404 
  15   41     0    567 
  15   42     0    391 
  15   43     0    391 
  15   44     0    241 
  15   45     0    333 
  15   46     0    704 
  15   47     0    458 
  15   48     0    205 
  15   49     0    589 
  16    0     0    287 
  16    1     0    480 
  16    2     0    338 
  16    3     0    416 
  16    4     0    360 
  16    5     0    253 
  16    6     0    540 
  16    7     0    393 
  16    8     0    341 
  16    9     0    258 
  16   10     0    513 
  16   11     0    446 
  16   12     0    546 
  16   13     0    776 
  16   14     0    470 
  16   15     0    605 
  16   16     0    642 
  16   17     0    742 
  16   18     0    330 
  16   19     0    210 
  16   20     0    282 
  16   21     0    724 
  16   22     0    287 
  16   23     0    686 
  16   24     0    522 
  16   25     0    699 
  16   26     0    449 
  16   27     0    735 
  16   28     0    375 
  16   29     0    536 
  16   30     0    503 
  16   31     0    266 
  16   32     0    668 
  16   33     0    682 
  16   34     0    609 
  16   35     0    380 
  16   36     0    213 
  16   37     0    377 
  16   38     0    645 
  16   39     0    541 
  16   40     0    652 
  16   41     0    546 
  16   42     0    386 
  16   43     0    792 
  16   44     0    667 
  16   45     0    307 
  16   46     0    737 
  16   47     0    605 
  16   48     0    308 
  16   49     0    518 
  17    0     0    280 
  17    1     0    317 
  17    2     0    370 
  17    3     0    620 
  17    4     0    790 
  17    5     0    576 
  17    6     0    276 
  17    7     0    318 
  17    8     0    701 
  17    9     0    591 
  17   10     0    573 
  17   11     0    698 
  17   12     0    522 
  17   13     0    252 
  17   14     0    467 
  17   15     0    270 
  17   16     0    694 
  17   17     0    390 
  17   18     0    489 
  17   19     0    619 
  17   20     0    425 
  17   21     0    753 
  17   22     0    436 
  17   23     0    201 
  17   24     0    704 
  17   25     0    453 
  17   26     0    208 
  17   27     0    334 
  17   28     0    713 
  17   29     0    238 
  17   30     0    238 
  17   31     0    354 
  17   32     0    421 
  17   33     0    455 
  17   34     0    312 
  17   35     0    770 
  17   36     0    550 
  17   37     0    476 
  17   38     0    319 
  17   39     0    354 
  17   40     0    699 
  17   41     0    548 
  17   42     0    280 
  17   43     0    690 
  17   44     0    516 
  17   45     0    770 
  17   46     0    630 
  17   47     0    449 
  17   48     0    313 
  17   49     0    235 
  18    0     0    367 
  18    1     0    553 
  18    2     0    326 
  18    3     0    727 
  18    4     0    643 
  18    5     0    644 
  18    6     0    326 
  18    7     0    571 
  18    8     0    385 
  18    9     0    671 
  18   10     0    447 
  18   11     0    599 
  18   12     0    304 
  18   13     0    725 
  18   14     0    334 
  18   15     0    464 
  18   16     0    681 
  18   17     0    375 
  18   18     0    279 
  18   19     0    482 
  18   20     0    683 
  18   21     0    402 
  18   22     0    546 
  18   23     0    726 
  18   24     0    777 
  18   25     0    656 
  18   26     0    670 
  18   27     0    724 
  18   28     0    556 
  18   29     0    339 
  18   30     0    421 
  18   31     0    664 
  18   32     0    356 
  18   33     0    469 
  18   34     0    387 
  18   35     0    673 
  18   36     0    445 
  18   37     0    245 
  18   38     0    262 
  18   39     0    526 
  18   40     0    427 
  18   41     0    638 
  18   42     0    263 
  18   43     0    235 
  18   44     0    689 
  18   45     0    257 
  18   46     0    289 
  18   47     0    228 
  18   48     0    746 
  18   49     0    547 
  19    0     0    282 
  19    1     0    291 
  19    2     0    566 
  19    3     0    636 
  19    4     0    700 
  19    5     0    658 
  19    6     0    494 
  19    7     0    611 
  19    8     0    789 
  19    9     0    452 
  19   10     0    300 
  19   11     0    213 
  19   12     0    289 
  19   13     0    667 
  19   14     0    258 
  19   15     0    500 
  19   16     0    317 
  19   17     0    375 
  19   18     0    788 
  19   19     0    671 
  19   20     0    752 
  19   21     0    606 
  19   22     0    345 
  19   23     0    584 
  19   24     0    703 
  19   25     0    616 
  19   26     0    689 
  19   27     0    585 
  19   28     0    330 
  19   29     0    533 
  19   30     0    217 
  19   31     0    419 
  19   32     0    538 
  19   33     0    402 
  19   34     0    341 
  19   35     0    583 
  19   36     0    528 
  19   37     0    236 
  19   38     0    423 
  19   39     0    344 
  19   40     0    352 
  19   41     0    463 
  19   42     0    799 
  19   43     0    611 
  19   44     0    738 
  19   45     0    220 
  19   46     0    292 
  19   47     0    607 
  19   48     0    624 
  19   49     0    760 
  20    0     0    292 
  20    1     0    535 
  20    2     0    297 
  20    3     0    623 
  20    4     0    619 
  20    5     0    361 
  20    6     0    727 
  20    7     0    692 
  20    8     0    482 
  20    9     0    553 
  20   10     0    595 
  20   11     0    491 
  20   12     0    762 
  20   13     0    460 
  20   14     0    328 
  20   15     0    627 
  20   16     0    689 
  20   17     0    375 
  20   18     0    380 
  20   19     0    598 
  20   20     0    505 
  20   21     0    375 
  20   22     0    545 
  20   23     0    239 
  20   24     0    300 
  20   25     0    537 
  20   26     0    330 
  20   27     0    778 
  20   28     0    285 
  20   29     0    568 
  20   30     0    281 
  20   31     0    785 
  20   32     0    215 
  20   33     0    547 
  20   34     0    778 
  20   35     0    664 
  20   36     0    682 
  20   37     0    274 
  20   38     0    430 
  20   39     0    530 
  20   40     0    588 
  20   41     0    238 
  20   42     0    709 
  20   43     0    690 
  20   44     0    310 
  20   45     0    649 
  20   46     0    674 
  20   47     0    638 
  20   48     0    517 
  20   49     0    672 
  21    0     0    693 
  21    1     0    263 
  21    2     0    552 
  21    3     0    478 
  21    4     0    371 
  21    5     0    405 
  21    6     0    366 
  21    7     0    776 
  21    8     0    354 
  21    9     0    602 
  21   10     0    476 
  21   11     0    246 
  21   12     0    262 
  21   13     0    577 
  21   14     0    688 
  21   15     0    455 
  21   16     0    561 
  21   17     0    600 
  21   18     0    695 
  21   19     0    735 
  21   20     0    783 
  21   21     0    684 
  21   22     0    322 
  21   23     0    245 
  21   24     0    672 
  21   25     0    587 
  21   26     0    267 
  21   27     0    785 
  21   28     0    749 
  21   29     0    622 
  21   30     0    215 
  21   31     0    335 
  21   32     0    452 
  21   33     0    428 
  21   34     0    243 
  21   35     0    504 
  21   36     0    310 
  21   37     0    557 
  21   38     0    782 
  21   39     0    315 
  21   40     0    414 
  21   41     0    375 
  21   42     0    400 
  21   43     0    580 
  21   44     0    323 
  21   45     0    697 
  21   46     0    614 
  21   47     0    613 
  21   48     0    507 
  21   49     0    636 
  22    0     0    429 
  22    1     0    464 
  22    2     0    544 
  22    3     0    396 
  22    4     0    512 
  22    5     0    296 
  22    6     0    578 
  22    7     0    314 
  22    8     0    360 
  22    9     0    204 
  22   10     0    238 
  22   11     0    393 
  22   12     0    227 
  22   13     0    296 
  22   14     0    276 
  22   15     0    301 
  22   16     0    587 
  22   17     0    756 
  22   18     0    745 
  22   19     0    495 
  22   20     0    416 
  22   21     0    759 
  22   22     0    489 
  22   23     0    220 
  22   24     0    323 
  22   25     0    502 
  22   26     0    414 
  22   27     0    446 
  22   28     0    409 
  22   29     0    438 
  22   30     0    363 
  22   31     0    731 
  22   32     0    697 
  22   33     0    432 
  22   34     0    523 
  22   35     0    308 
  22   36     0    785 
  22   37     0    324 
  22   38     0    294 
  22   39     0    304 
  22   40     0    501 
  22   41     0    753 
  22   42     0    586 
  22   43     0    200 
  22   44     0    342 
  22   45     0    550 
  22   46     0    531 
  22   47     0    309 
  22   48     0    684 
  22   49     0    760 
  23    0     0    508 
  23    1     0    217 
  23    2     0    564 
  23    3     0    425 
  23    4     0    335 
  23    5     0    307 
  23    6     0    689 
  23    7     0    571 
  23    8     0    446 
  23    9     0    211 
  23   10     0    800 
  23   11     0    503 
  23   12     0    227 
  23   13     0    288 
  23   14     0    637 
  23   15     0    492 
  23   16     0    259 
  23   17     0    377 
  23   18     0    502 
  23   19     0    296 
  23   20     0    380 
  23   21     0    461 
  23   22     0    469 
  23   23     0    497 
  23   24     0    454 
  23   25     0    544 
  23   26     0    425 
  23   27     0    469 
  23   28     0    213 
  23   29     0    319 
  23   30     0    365 
  23   31     0    433 
  23   32     0    448 
  23   33     0    498 
  23   34     0    719 
  23   35     0    589 
  23   36     0    427 
  23   37     0    590 
  23   38     0    298 
  23   39     0    562 
  23   40     0    521 
  23   41     0    242 
  23   42     0    739 
  23   43     0    757 
  23   44     0    341 
  23   45     0    270 
  23   46     0    798 
  23   47     0    371 
  23   48     0    741 
  23   49     0    731 
  24    0     0    514 
  24    1     0    707 
  24    2     0    282 
  24    3     0    760 
  24    4     0    799 
  24    5     0    327 
  24    6     0    527 
  24    7     0    300 
  24    8     0    312 
  24    9     0    580 
  24   10     0    441 
  24   11     0    559 
  24   12     0    557 
  24   13     0    748 
  24   14     0    778 
  24   15     0    248 
  24   16     0    398 
  24   17     0    388 
  24   18     0    673 
  24   19     0    723 
  24   20     0    505 
  24   21     0    392 
  24   22     0    443 
  24   23     0    443 
  24   24     0    374 
  24   25     0    242 
  24   26     0    383 
  24   27     0    455 
  24   28     0    654 
  24   29     0    481 
  24   30     0    774 
  24   31     0    527 
  24   32     0    781 
  24   33     0    250 
  24   34     0    425 
  24   35     0    565 
  24   36     0    350 
  24   37     0    354 
  24   38     0    560 
  24   39     0    634 
  24   40     0    467 
  24   41     0    215 
  24   42     0    365 
  24   43     0    413 
  24   44     0    799 
  24   45     0    381 
  24   46     0    412 
  24   47     0    330 
  24   48     0    318 
  24   49     0    740 
  25    0     0    211 
  25    1     0    722 
  25    2     0    733 
  25    3     0    369 
  25    4     0    780 
  25    5     0    261 
  25    6     0    455 
  25    7     0    354 
  25    8     0    720 
  25    9     0    692 
  25   10     0    752 
  25   11     0    454 
  25   12     0    299 
  25   13     0    270 
  25   14     0    373 
  25   15     0    581 
  25   16     0    409 
  25   17     0    540 
  25   18     0    596 
  25   19     0    226 
  25   20     0    502 
  25   21     0    533 
  25   22     0    723 
  25   23     0    747 
  25   24     0    398 
  25   25     0    769 
  25   26     0    238 
  25   27     0    548 
  25   28     0    629 
  25   29     0    345 
  25   30     0    306 
  25   31     0    454 
  25   32     0    333 
  25   33     0    670 
  25   34     0    244 
  25   35     0    338 
  25   36     0    288 
  25   37     0    290 
  25   38     0    554 
  25   39     0    353 
  25   40     0    636 
  25   41     0    273 
  25   42     0    301 
  25   43     0    371 
  25   44     0    417 
  25   45     0    406 
  25   46     0    474 
  25   47     0    612 
  25   48     0    239 
  25   49     0    451 
  26    0     0    420 
  26    1     0    586 
  26    2     0    577 
  26    3     0    337 
  26    4     0    678 
  26    5     0    549 
  26    6     0    440 
  26    7     0    209 
  26    8     0    239 
  26    9     0    456 
  26   10     0    211 
  26   11     0    670 
  26   12     0    500 
  26   13     0    666 
  26   14     0    329 
  26   15     0    357 
  26   16     0    602 
  26   17     0    595 
  26   18     0    632 
  26   19     0    693 
  26   20     0    240 
  26   21     0    392 
  26   22     0    651 
  26   23     0    337 
  26   24     0    758 
  26   25     0    397 
  26   26     0    333 
  26   27     0    354 
  26   28     0    780 
  26   29     0    752 
  26   30     0    295 
  26   31     0    763 
  26   32     0    403 
  26   33     0    726 
  26   34     0    599 
  26   35     0    637 
  26   36     0    214 
  26   37     0    325 
  26   38     0    799 
  26   39     0    340 
  26   40     0    258 
  26   41     0    364 
  26   42     0    302 
  26   43     0    678 
  26   44     0    751 
  26   45     0    429 
  26   46     0    468 
  26   47     0    269 
  26   48     0    463 
  26   49     0    602 
  27    0     0    717 
  27    1     0    609 
  27    2     0    312 
  27    3     0    288 
  27    4     0    515 
  27    5     0    264 
  27    6     0    442 
  27    7     0    571 
  27    8     0    702 
  27    9     0    359 
  27   10     0    694 
  27   11     0    475 
  27   12     0    735 
  27   13     0    757 
  27   14     0    680 
  27   15     0    646 
  27   16     0    343 
  27   17     0    372 
  27   18     0    416 
  27   19     0    497 
  27   20     0    327 
  27   21     0    433 
  27   22     0    482 
  27   23     0    354 
  27   24     0    464 
  27   25     0    234 
  27   26     0    306 
  27   27     0    553 
  27   28     0    509 
  27   29     0    282 
  27   30     0    498 
  27   31     0    584 
  27   32     0    273 
  27   33     0    317 
  27   34     0    675 
  27   35     0    727 
  27   36     0    328 
  27   37     0    681 
  27   38     0    230 
  27   39     0    388 
  27   40     0    594 
  27   41     0    216 
  27   42     0    221 
  27   43     0    408 
  27   44     0    315 
  27   45     0    329 
  27   46     0    311 
  27   47     0    457 
  27   48     0    433 
  27   49     0    222 
  28    0     0    273 
  28    1     0    523 
  28    2     0    686 
  28    3     0    665 
  28    4     0    391 
  28    5     0    589 
  28    6     0    794 
  28    7     0    315 
  28    8     0    240 
  28    9     0    594 
  28   10     0    586 
  28   11     0    683 
  28   12     0    644 
  28   13     0    276 
  28   14     0    476 
  28   15     0    271 
  28   16     0    607 
  28   17     0    569 
  28   18     0    308 
  28   19     0    480 
  28   20     0    583 
  28   21     0    419 
  28   22     0    242 
  28   23     0    572 
  28   24     0    278 
  28   25     0    295 
  28   26     0    262 
  28   27     0    705 
  28   28     0    344 
  28   29     0    719 
  28   30     0    796 
  28   31     0    728 
  28   32     0    318 
  28   33     0    756 
  28   34     0    621 
  28   35     0    709 
  28   36     0    481 
  28   37     0    793 
  28   38     0    746 
  28   39     0    587 
  28   40     0    424 
  28   41     0    717 
  28   42     0    637 
  28   43     0    550 
  28   44     0    338 
  28   45     0    722 
  28   46     0    347 
  28   47     0    525 
  28   48     0    639 
  28   49     0    431 
  29    0     0    420 
  29    1     0    377 
  29    2     0    283 
  29    3     0    745 
  29    4     0    701 
  29    5     0    709 
  29    6     0    604 
  29    7     0    381 
  29    8     0    402 
  29    9     0    670 
  29   10     0    489 
  29   11     0    584 
  29   12     0    405 
  29   13     0    542 
  29   14     0    453 
  29   15     0    614 
  29   16     0    457 
  29   17     0    258 
  29   18     0    254 
  29   19     0    200 
  29   20     0    282 
  29   21     0    312 
  29   22     0    439 
  29   23     0    753 
  29   24     0    663 
  29   25     0    545 
  29   26     0    427 
  29   27     0    413 
  29   28     0    300 
  29   29     0    418 
  29   30     0    699 
  29   31     0    333 
  29   32     0    433 
  29   33     0    240 
  29   34     0    701 
  29   35     0    640 
  29   36     0    239 
  29   37     0    475 
  29   38     0    338 
  29   39     0    655 
  29   40     0    622 
  29   41     0    306 
  29   42     0    300 
  29   43     0    257 
  29   44     0    570 
  29   45     0    320 
  29   46     0    317 
  29   47     0    668 
  29   48     0    609 
  29   49     0    562 
  30    0     0    545 
  30    1     0    582 
  30    2     0    500 
  30    3     0    760 
  30    4     0    782 
  30    5     0    484 
  30    6     0    756 
  30    7     0    747 
  30    8     0    400 
  30    9     0    352 
  30   10     0    450 
  30   11     0    722 
  30   12     0    712 
  30   13     0    536 
  30   14     0    207 
  30   15     0    299 
  30   16     0    643 
  30   17     0    742 
  30   18     0    404 
  30   19     0    439 
  30   20     0    730 
  30   21     0    432 
  30   22     0    302 
  30   23     0    344 
  30   24     0    714 
  30   25     0    624 
  30   26     0    445 
  30   27     0    605 
  30   28     0    752 
  30   29     0    606 
  30   30     0    354 
  30   31     0    800 
  30   32     0    250 
  30   33     0    503 
  30   34     0    653 
  30   35     0    367 
  30   36     0    769 
  30   37     0    271 
  30   38     0    495 
  30   39     0    705 
  30   40     0    525 
  30   41     0    735 
  30   42     0    764 
  30   43     0    550 
  30   44     0    317 
  30   45     0    391 
  30   46     0    291 
  30   47     0    223 
  30   48     0    302 
  30   49     0    284 
  31    0     0    534 
  31    1     0    540 
  31    2     0    627 
  31    3     0    233 
  31    4     0    740 
  31    5     0    640 
  31    6     0    705 
  31    7     0    646 
  31    8     0    290 
  31    9     0    338 
  31   10     0    791 
  31   11     0    644 
  31   12     0    286 
  31   13     0    219 
  31   14     0    226 
  31   15     0    464 
  31   16     0    789 
  31   17     0    516 
  31   18     0    578 
  31   19     0    769 
  31   20     0    439 
  31   21     0    614 
  31   22     0    286 
  31   23     0    433 
  31   24     0    623 
  31   25     0    761 
  31   26     0    376 
  31   27     0    716 
  31   28     0    383 
  31   29     0    303 
  31   30     0    310 
  31   31     0    723 
  31   32     0    526 
  31   33     0    574 
  31   34     0    703 
  31   35     0    506 
  31   36     0    577 
  31   37     0    497 
  31   38     0    607 
  31   39     0    566 
  31   40     0    327 
  31   41     0    751 
  31   42     0    697 
  31   43     0    688 
  31   44     0    463 
  31   45     0    203 
  31   46     0    596 
  31   47     0    476 
  31   48     0    343 
  31   49     0    333 
  32    0     0    465 
  32    1     0    470 
  32    2     0    346 
  32    3     0    396 
  32    4     0    577 
  32    5     0    203 
  32    6     0    487 
  32    7     0    295 
  32    8     0    550 
  32    9     0    507 
  32   10     0    586 
  32   11     0    611 
  32   12     0    252 
  32   13     0    649 
  32   14     0    498 
  32   15     0    225 
  32   16     0    427 
  32   17     0    502 
  32   18     0    638 
  32   19     0    488 
  32   20     0    618 
  32   21     0    765 
  32   22     0    395 
  32   23     0    586 
  32   24     0    730 
  32   25     0    625 
  32   26     0    744 
  32   27     0    690 
  32   28     0    722 
  32   29     0    712 
  32   30     0    743 
  32   31     0    374 
  32   32     0    342 
  32   33     0    559 
  32   34     0    643 
  32   35     0    648 
  32   36     0    616 
  32   37     0    623 
  32   38     0    464 
  32   39     0    386 
  32   40     0    209 
  32   41     0    226 
  32   42     0    203 
  32   43     0    348 
  32   44     0    211 
  32   45     0    562 
  32   46     0    528 
  32   47     0    607 
  32   48     0    211 
  32   49     0    652 
  33    0     0    373 
  33    1     0    603 
  33    2     0    493 
  33    3     0    215 
  33    4     0    581 
  33    5     0    589 
  33    6     0    286 
  33    7     0    580 
  33    8     0    738 
  33    9     0    461 
  33   10     0    465 
  33   11     0    224 
  33   12     0    377 
  33   13     0    795 
  33   14     0    462 
  33   15     0    686 
  33   16     0    639 
  33   17     0    782 
  33   18     0    380 
  33   19     0    603 
  33   20     0    619 
  33   21     0    351 
  33   22     0    240 
  33   23     0    289 
  33   24     0    718 
  33   25     0    278 
  33   26     0    684 
  33   27     0    786 
  33   28     0    287 
  33   29     0    604 
  33   30     0    407 
  33   31     0    739 
  33   32     0    759 
  33   33     0    302 
  33   34     0    482 
  33   35     0    771 
  33   36     0    304 
  33   37     0    766 
  33   38     0    538 
  33   39     0    683 
  33   40     0    772 
  33   41     0    428 
  33   42     0    698 
  33   43     0    292 
  33   44     0    538 
  33   45     0    724 
  33   46     0    475 
  33   47     0    795 
  33   48     0    626 
  33   49     0    592 
  34    0     0    338 
  34    1     0    393 
  34    2     0    326 
  34    3     0    337 
  34    4     0    609 
  34    5     0    515 
  34    6     0    673 
  34    7     0    291 
  34    8     0    546 
  34    9     0    577 
  34   10     0    633 
  34   11     0    503 
  34   12     0    561 
  34   13     0    213 
  34   14     0    511 
  34   15     0    291 
  34   16     0    621 
  34   17     0    763 
  34   18     0    406 
  34   19     0    460 
  34   20     0    563 
  34   21     0    730 
  34   22     0    663 
  34   23     0    375 
  34   24     0    389 
  34   25     0    527 
  34   26     0    394 
  34   27     0    692 
  34   28     0    313 
  34   29     0    466 
  34   30     0    409 
  34   31     0    780 
  34   32     0    489 
  34   33     0    637 
  34   34     0    693 
  34   35     0    348 
  34   36     0    737 
  34   37     0    677 
  34   38     0    504 
  34   39     0    636 
  34   40     0    346 
  34   41     0    504 
  34   42     0    502 
  34   43     0    793 
  34   44     0    763 
  34   45     0    328 
  34   46     0    498 
  34   47     0    719 
  34   48     0    270 
  34   49     0    746 
  35    0     0    772 
  35    1     0    394 
  35    2     0    695 
  35    3     0    785 
  35    4     0    262 
  35    5     0    731 
  35    6     0    436 
  35    7     0    678 
  35    8     0    505 
  35    9     0    256 
  35   10     0    590 
  35   11     0    462 
  35   12     0    458 
  35   13     0    630 
  35   14     0    699 
  35   15     0    287 
  35   16     0    696 
  35   17     0    333 
  35   18     0    640 
  35   19     0    238 
  35   20     0    448 
  35   21     0    404 
  35   22     0    757 
  35   23     0    670 
  35   24     0    590 
  35   25     0    672 
  35   26     0    240 
  35   27     0    466 
  35   28     0    791 
  35   29     0    550 
  35   30     0    429 
  35   31     0    211 
  35   32     0    620 
  35   33     0    286 
  35   34     0    637 
  35   35     0    285 
  35   36     0    767 
  35   37     0    738 
  35   38     0    744 
  35   39     0    574 
  35   40     0    504 
  35   41     0    349 
  35   42     0    350 
  35   43     0    349 
  35   44     0    392 
  35   45     0    356 
  35   46     0    701 
  35   47     0    574 
  35   48     0    396 
  35   49     0    698 
  36    0     0    307 
  36    1     0    705 
  36    2     0    233 
  36    3     0    247 
  36    4     0    260 
  36    5     0    658 
  36    6     0    642 
  36    7     0    403 
  36    8     0    333 
  36    9     0    324 
  36   10     0    610 
  36   11     0    362 
  36   12     0    740 
  36   13     0    272 
  36   14     0    304 
  36   15     0    346 
  36   16     0    404 
  36   17     0    428 
  36   18     0    722 
  36   19     0    624 
  36   20     0    717 
  36   21     0    209 
  36   22     0    218 
  36   23     0    276 
  36   24     0    489 
  36   25     0    218 
  36   26     0    286 
  36   27     0    216 
  36   28     0    359 
  36   29     0    693 
  36   30     0    413 
  36   31     0    251 
  36   32     0    382 
  36   33     0    271 
  36   34     0    221 
  36   35     0    230 
  36   36     0    441 
  36   37     0    243 
  36   38     0    621 
  36   39     0    763 
  36   40     0    581 
  36   41     0    728 
  36   42     0    205 
  36   43     0    409 
  36   44     0    425 
  36   45     0    351 
  36   46     0    710 
  36   47     0    694 
  36   48     0    637 
  36   49     0    583 
  37    0     0    561 
  37    1     0    664 
  37    2     0    258 
  37    3     0    572 
  37    4     0    347 
  37    5     0    482 
  37    6     0    699 
  37    7     0    455 
  37    8     0    252 
  37    9     0    515 
  37   10     0    343 
  37   11     0    291 
  37   12     0    724 
  37   13     0    716 
  37   14     0    615 
  37   15     0    399 
  37   16     0    322 
  37   17     0    519 
  37   18     0    377 
  37   19     0    455 
  37   20     0    736 
  37   21     0    641 
  37   22     0    230 
  37   23     0    421 
  37   24     0    492 
  37   25     0    442 
  37   26     0    664 
  37   27     0    291 
  37   28     0    568 
  37   29     0    453 
  37   30     0    772 
  37   31     0    728 
  37   32     0    212 
  37   33     0    546 
  37   34     0    623 
  37   35     0    386 
  37   36     0    296 
  37   37     0    675 
  37   38     0    412 
  37   39     0    221 
  37   40     0    779 
  37   41     0    738 
  37   42     0    539 
  37   43     0    638 
  37   44     0    588 
  37   45     0    385 
  37   46     0    417 
  37   47     0    443 
  37   48     0    790 
  37   49     0    668 
  38    0     0    215 
  38    1     0    686 
  38    2     0    502 
  38    3     0    299 
  38    4     0    644 
  38    5     0    474 
  38    6     0    644 
  38    7     0    544 
  38    8     0    674 
  38    9     0    387 
  38   10     0    317 
  38   11     0    720 
  38   12     0    559 
  38   13     0    767 
  38   14     0    575 
  38   15     0    631 
  38   16     0    508 
  38   17     0    285 
  38   18     0    319 
  38   19     0    500 
  38   20     0    205 
  38   21     0    748 
  38   22     0    671 
  38   23     0    648 
  38   24     0    727 
  38   25     0    710 
  38   26     0    450 
  38   27     0    786 
  38   28     0    476 
  38   29     0    595 
  38   30     0    458 
  38   31     0    617 
  38   32     0    543 
  38   33     0    435 
  38   34     0    596 
  38   35     0    518 
  38   36     0    493 
  38   37     0    474 
  38   38     0    270 
  38   39     0    525 
  38   40     0    457 
  38   41     0    414 
  38   42     0    357 
  38   43     0    390 
  38   44     0    660 
  38   45     0    608 
  38   46     0    555 
  38   47     0    408 
  38   48     0    306 
  38   49     0    751 
  39    0     0    314 
  39    1     0    641 
  39    2     0    733 
  39    3     0    528 
  39    4     0    309 
  39    5     0    734 
  39    6     0    214 
  39    7     0    509 
  39    8     0    663 
  39    9     0    326 
  39   10     0    252 
  39   11     0    741 
  39   12     0    390 
  39   13     0    634 
  39   14     0    590 
  39   15     0    227 
  39   16     0    426 
  39   17     0    734 
  39   18     0    561 
  39   19     0    249 
  39   20     0    238 
  39   21     0    583 
  39   22     0    483 
  39   23     0    309 
  39   24     0    419 
  39   25     0    676 
  39   26     0    246 
  39   27     0    401 
  39   28     0    606 
  39   29     0    355 
  39   30     0    223 
  39   31     0    547 
  39   32     0    400 
  39   33     0    544 
  39   34     0    221 
  39   35     0    749 
  39   36     0    426 
  39   37     0    560 
  39   38     0    291 
  39   39     0    770 
  39   40     0    309 
  39   41     0    278 
  39   42     0    403 
  39   43     0    430 
  39   44     0    772 
  39   45     0    748 
  39   46     0    394 
  39   47     0    408 
  39   48     0    222 
  39   49     0    638 
  40    0     0    431 
  40    1     0    492 
  40    2     0    569 
  40    3     0    619 
  40    4     0    435 
  40    5     0    380 
  40    6     0    739 
  40    7     0    588 
  40    8     0    602 
  40    9     0    297 
  40   10     0    413 
  40   11     0    336 
  40   12     0    677 
  40   13     0    687 
  40   14     0    316 
  40   15     0    694 
  40   16     0    207 
  40   17     0    435 
  40   18     0    408 
  40   19     0    703 
  40   20     0    604 
  40   21     0    536 
  40   22     0    521 
  40   23     0    367 
  40   24     0    727 
  40   25     0    681 
  40   26     0    733 
  40   27     0    427 
  40   28     0    408 
  40   29     0    544 
  40   30     0    774 
  40   31     0    672 
  40   32     0    308 
  40   33     0    702 
  40   34     0    537 
  40   35     0    603 
  40   36     0    205 
  40   37     0    522 
  40   38     0    629 
  40   39     0    799 
  40   40     0    296 
  40   41     0    404 
  40   42     0    610 
  40   43     0    315 
  40   44     0    694 
  40   45     0    206 
  40   46     0    360 
  40   47     0    312 
  40   48     0    741 
  40   49     0    707 
  41    0     0    539 
  41    1     0    528 
  41    2     0    349 
  41    3     0    790 
  41    4     0    563 
  41    5     0    465 
  41    6     0    702 
  41    7     0    715 
  41    8     0    351 
  41    9     0    676 
  41   10     0    665 
  41   11     0    338 
  41   12     0    659 
  41   13     0    301 
  41   14     0    685 
  41   15     0    615 
  41   16     0    628 
  41   17     0    262 
  41   18     0    728 
  41   19     0    687 
  41   20     0    219 
  41   21     0    721 
  41   22     0    348 
  41   23     0    206 
  41   24     0    720 
  41   25     0    270 
  41   26     0    687 
  41   27     0    337 
  41   28     0    764 
  41   29     0    597 
  41   30     0    408 
  41   31     0    547 
  41   32     0    359 
  41   33     0    386 
  41   34     0    683 
  41   35     0    219 
  41   36     0    517 
  41   37     0    672 
  41   38     0    749 
  41   39     0    278 
  41   40     0    683 
  41   41     0    477 
  41   42     0    441 
  41   43     0    779 
  41   44     0    535 
  41   45     0    681 
  41   46     0    303 
  41   47     0    576 
  41   48     0    270 
  41   49     0    545 
  42    0     0    662 
  42    1     0    414 
  42    2     0    461 
  42    3     0    227 
  42    4     0    550 
  42    5     0    341 
  42    6     0    356 
  42    7     0    540 
  42    8     0    622 
  42    9     0    385 
  42   10     0    779 
  42   11     0    545 
  42   12     0    455 
  42   13     0    431 
  42   14     0    360 
  42   15     0    358 
  42   16     0    540 
  42   17     0    336 
  42   18     0    716 
  42   19     0    688 
  42   20     0    371 
  42   21     0    612 
  42   22     0    499 
  42   23     0    322 
  42   24     0    706 
  42   25     0    610 
  42   26     0    389 
  42   27     0    738 
  42   28     0    564 
  42   29     0    253 
  42   30     0    758 
  42   31     0    666 
  42   32     0    392 
  42   33     0    788 
  42   34     0    752 
  42   35     0    306 
  42   36     0    718 
  42   37     0    250 
  42   38     0    711 
  42   39     0    305 
  42   40     0    332 
  42   41     0    599 
  42   42     0    788 
  42   43     0    268 
  42   44     0    378 
  42   45     0    789 
  42   46     0    207 
  42   47     0    282 
  42   48     0    470 
  42   49     0    388 
  43    0     0    536 
  43    1     0    674 
  43    2     0    585 
  43    3     0    221 
  43    4     0    436 
  43    5     0    771 
  43    6     0    444 
  43    7     0    492 
  43    8     0    403 
  43    9     0    254 
  43   10     0    521 
  43   11     0    234 
  43   12     0    731 
  43   13     0    485 
  43   14     0    717 
  43   15     0    391 
  43   16     0    734 
  43   17     0    659 
  43   18     0    693 
  43   19     0    242 
  43   20     0    689 
  43   21     0    306 
  43   22     0    409 
  43   23     0    244 
  43   24     0    538 
  43   25     0    653 
  43   26     0    558 
  43   27     0    512 
  43   28     0    285 
  43   29     0    328 
  43   30     0    347 
  43   31     0    617 
  43   32     0    774 
  43   33     0    419 
  43   34     0    630 
  43   35     0    619 
  43   36     0    619 
  43   37     0    339 
  43   38     0    336 
  43   39     0    589 
  43   40     0    744 
  43   41     0    647 
  43   42     0    710 
  43   43     0    746 
  43   44     0    773 
  43   45     0    793 
  43   46     0    788 
  43   47     0    581 
  43   48     0    558 
  43   49     0    247 
  44    0     0    600 
  44    1     0    552 
  44    2     0    433 
  44    3     0    697 
  44    4     0    681 
  44    5     0    415 
  44    6     0    564 
  44    7     0    698 
  44    8     0    201 
  44    9     0    275 
  44   10     0    438 
  44   11     0    420 
  44   12     0    743 
  44   13     0    201 
  44   14     0    645 
  44   15     0    224 
  44   16     0    343 
  44   17     0    527 
  44   18     0    660 
  44   19     0    249 
  44   20     0    303 
  44   21     0    315 
  44   22     0    571 
  44   23     0    558 
  44   24     0    493 
  44   25     0    507 
  44   26     0    333 
  44   27     0    652 
  44   28     0    252 
  44   29     0    443 
  44   30     0    619 
  44   31     0    346 
  44   32     0    277 
  44   33     0    559 
  44   34     0    518 
  44   35     0    217 
  44   36     0    273 
  44   37     0    306 
  44   38     0    478 
  44   39     0    777 
  44   40     0    627 
  44   41     0    444 
  44   42     0    604 
  44   43     0    243 
  44   44     0    325 
  44   45     0    569 
  44   46     0    212 
  44   47     0    227 
  44   48     0    763 
  44   49     0    500 
  45    0     0    238 
  45    1     0    333 
  45    2     0    734 
  45    3     0    683 
  45    4     0    519 
  45    5     0    632 
  45    6     0    431 
  45    7     0    303 
  45    8     0    409 
  45    9     0    654 
  45   10     0    399 
  45   11     0    692 
  45   12     0    675 
  45   13     0    347 
  45   14     0    789 
  45   15     0    454 
  45   16     0    351 
  45   17     0    340 
  45   18     0    527 
  45   19     0    370 
  45   20     0    423 
  45   21     0    577 
  45   22     0    723 
  45   23     0    708 
  45   24     0    495 
  45   25     0    697 
  45   26     0    318 
  45   27     0    229 
  45   28     0    414 
  45   29     0    530 
  45   30     0    262 
  45   31     0    422 
  45   32     0    635 
  45   33     0    700 
  45   34     0    660 
  45   35     0    437 
  45   36     0    215 
  45   37     0    800 
  45   38     0    796 
  45   39     0    585 
  45   40     0    629 
  45   41     0    521 
  45   42     0    560 
  45   43     0    374 
  45   44     0    361 
  45   45     0    699 
  45   46     0    504 
  45   47     0    723 
  45   48     0    659 
  45   49     0    779 
  46    0     0    590 
  46    1     0    333 
  46    2     0    736 
  46    3     0    301 
  46    4     0    657 
  46    5     0    476 
  46    6     0    799 
  46    7     0    380 
  46    8     0    271 
  46    9     0    541 
  46   10     0    551 
  46   11     0    498 
  46   12     0    502 
  46   13     0    465 
  46   14     0    219 
  46   15     0    669 
  46   16     0    205 
  46   17     0    546 
  46   18     0    760 
  46   19     0    594 
  46   20     0    368 
  46   21     0    266 
  46   22     0    394 
  46   23     0    675 
  46   24     0    244 
  46   25     0    446 
  46   26     0    212 
  46   27     0    280 
  46   28     0    772 
  46   29     0    627 
  46   30     0    771 
  46   31     0    690 
  46   32     0    624 
  46   33     0    606 
  46   34     0    226 
  46   35     0    610 
  46   36     0    226 
  46   37     0    313 
  46   38     0    235 
  46   39     0    568 
  46   40     0    259 
  46   41     0    546 
  46   42     0    799 
  46   43     0    581 
  46   44     0    766 
  46   45     0    469 
  46   46     0    741 
  46   47     0    464 
  46   48     0    512 
  46   49     0    287 
  47    0     0    444 
  47    1     0    345 
  47    2     0    646 
  47    3     0    670 
  47    4     0    374 
  47    5     0    637 
  47    6     0    319 
  47    7     0    487 
  47    8     0    646 
  47    9     0    569 
  47   10     0    300 
  47   11     0    296 
  47   12     0    337 
  47   13     0    792 
  47   14     0    689 
  47   15     0    533 
  47   16     0    638 
  47   17     0    279 
  47   18     0    510 
  47   19     0    758 
  47   20     0    560 
  47   21     0    545 
  47   22     0    741 
  47   23     0    358 
  47   24     0    667 
  47   25     0    546 
  47   26     0    334 
  47   27     0    565 
  47   28     0    721 
  47   29     0    667 
  47   30     0    500 
  47   31     0    560 
  47   32     0    236 
  47   33     0    562 
  47   34     0    432 
  47   35     0    643 
  47   36     0    726 
  47   37     0    289 
  47   38     0    608 
  47   39     0    785 
  47   40     0    550 
  47   41     0    505 
  47   42     0    457 
  47   43     0    438 
  47   44     0    354 
  47   45     0    329 
  47   46     0    368 
  47   47     0    508 
  47   48     0    619 
  47   49     0    688 
  48    0     0    756 
  48    1     0    792 
  48    2     0    618 
  48    3     0    216 
  48    4     0    298 
  48    5     0    779 
  48    6     0    796 
  48    7     0    672 
  48    8     0    603 
  48    9     0    523 
  48   10     0    574 
  48   11     0    703 
  48   12     0    475 
  48   13     0    627 
  48   14     0    722 
  48   15     0    489 
  48   16     0    619 
  48   17     0    552 
  48   18     0    521 
  48   19     0    471 
  48   20     0    512 
  48   21     0    274 
  48   22     0    204 
  48   23     0    454 
  48   24     0    262 
  48   25     0    513 
  48   26     0    367 
  48   27     0    734 
  48   28     0    344 
  48   29     0    694 
  48   30     0    580 
  48   31     0    410 
  48   32     0    209 
  48   33     0    312 
  48   34     0    570 
  48   35     0    729 
  48   36     0    329 
  48   37     0    655 
  48   38     0    249 
  48   39     0    784 
  48   40     0    277 
  48   41     0    408 
  48   42     0    488 
  48   43     0    379 
  48   44     0    266 
  48   45     0    404 
  48   46     0    619 
  48   47     0    723 
  48   48     0    348 
  48   49     0    688 
  49    0     0    670 
  49    1     0    552 
  49    2     0    448 
  49    3     0    689 
  49    4     0    767 
  49    5     0    356 
  49    6     0    220 
  49    7     0    273 
  49    8     0    322 
  49    9     0    425 
  49   10     0    225 
  49   11     0    531 
  49   12     0    262 
  49   13     0    600 
  49   14     0    283 
  49   15     0    371 
  49   16     0    327 
  49   17     0    586 
  49   18     0    612 
  49   19     0    429 
  49   20     0    447 
  49   21     0    364 
  49   22     0    772 
  49   23     0    546 
  49   24     0    772 
  49   25     0    384 
  49   26     0    461 
  49   27     0    600 
  49   28     0    668 
  49   29     0    596 
  49   30     0    246 
  49   31     0    748 
  49   32     0    398 
  49   33     0    256 
  49   34     0    730 
  49   35     0    610 
  49   36     0    610 
  49   37     0    693 
  49   38     0    547 
  49   39     0    623 
  49   40     0    547 
  49   41     0    321 
  49   42     0    401 
  49   43     0    424 
  49   44     0    542 
  49   45     0    234 
  49   46     0    218 
  49   47     0    486 
  49   48     0    204 
  49   49     0    737 
