 50
 50

   17
   20
   11
    3
   13
   19
    5
   14
   15
    6
    6
    7
   10
    1
   16
   17
    1
   14
   16
   19
   13
   10
   20
    1
    4
   11
    5
    6
   15
   15
    4
    5
    7
   11
   20
    3
    7
    6
    3
   20
   17
   12
   10
    2
   20
   20
   13
   20
   17
   11

   13
   18
    8
    6
   13
    3
    8
    3
   17
   14
   16
    7
    9
    8
   10
   14
    8
   14
   17
    9
   12
   11
   10
    6
   16
   18
    7
   15
    2
   12
    7
   14
   17
   15
    2
   15
   14
   14
   17
    1
   19
   14
   18
    3
   19
    5
   10
   12
    6
   12

   0    0     0    349 
   0    1     0    713 
   0    2     0    734 
   0    3     0    526 
   0    4     0    671 
   0    5     0    563 
   0    6     0    301 
   0    7     0    398 
   0    8     0    260 
   0    9     0    686 
   0   10     0    405 
   0   11     0    295 
   0   12     0    395 
   0   13     0    706 
   0   14     0    770 
   0   15     0    384 
   0   16     0    220 
   0   17     0    282 
   0   18     0    270 
   0   19     0    361 
   0   20     0    729 
   0   21     0    243 
   0   22     0    298 
   0   23     0    462 
   0   24     0    642 
   0   25     0    216 
   0   26     0    393 
   0   27     0    556 
   0   28     0    712 
   0   29     0    726 
   0   30     0    668 
   0   31     0    630 
   0   32     0    440 
   0   33     0    498 
   0   34     0    413 
   0   35     0    509 
   0   36     0    424 
   0   37     0    322 
   0   38     0    541 
   0   39     0    734 
   0   40     0    489 
   0   41     0    465 
   0   42     0    413 
   0   43     0    374 
   0   44     0    722 
   0   45     0    239 
   0   46     0    576 
   0   47     0    238 
   0   48     0    742 
   0   49     0    763 
   1    0     0    281 
   1    1     0    528 
   1    2     0    648 
   1    3     0    411 
   1    4     0    572 
   1    5     0    786 
   1    6     0    668 
   1    7     0    463 
   1    8     0    389 
   1    9     0    647 
   1   10     0    471 
   1   11     0    529 
   1   12     0    709 
   1   13     0    625 
   1   14     0    695 
   1   15     0    313 
   1   16     0    723 
   1   17     0    354 
   1   18     0    441 
   1   19     0    597 
   1   20     0    324 
   1   21     0    499 
   1   22     0    392 
   1   23     0    519 
   1   24     0    719 
   1   25     0    736 
   1   26     0    582 
   1   27     0    598 
   1   28     0    393 
   1   29     0    571 
   1   30     0    409 
   1   31     0    771 
   1   32     0    519 
   1   33     0    275 
   1   34     0    364 
   1   35     0    424 
   1   36     0    539 
   1   37     0    421 
   1   38     0    608 
   1   39     0    544 
   1   40     0    720 
   1   41     0    670 
   1   42     0    447 
   1   43     0    610 
   1   44     0    460 
   1   45     0    241 
   1   46     0    207 
   1   47     0    339 
   1   48     0    270 
   1   49     0    422 
   2    0     0    650 
   2    1     0    524 
   2    2     0    612 
   2    3     0    560 
   2    4     0    728 
   2    5     0    618 
   2    6     0    536 
   2    7     0    465 
   2    8     0    755 
   2    9     0    341 
   2   10     0    320 
   2   11     0    234 
   2   12     0    361 
   2   13     0    643 
   2   14     0    349 
   2   15     0    452 
   2   16     0    427 
   2   17     0    215 
   2   18     0    470 
   2   19     0    790 
   2   20     0    761 
   2   21     0    227 
   2   22     0    288 
   2   23     0    612 
   2   24     0    713 
   2   25     0    220 
   2   26     0    691 
   2   27     0    244 
   2   28     0    303 
   2   29     0    497 
   2   30     0    326 
   2   31     0    247 
   2   32     0    707 
   2   33     0    569 
   2   34     0    331 
   2   35     0    512 
   2   36     0    421 
   2   37     0    556 
   2   38     0    310 
   2   39     0    481 
   2   40     0    289 
   2   41     0    641 
   2   42     0    594 
   2   43     0    727 
   2   44     0    680 
   2   45     0    429 
   2   46     0    262 
   2   47     0    768 
   2   48     0    229 
   2   49     0    783 
   3    0     0    720 
   3    1     0    265 
   3    2     0    712 
   3    3     0    509 
   3    4     0    404 
   3    5     0    267 
   3    6     0    781 
   3    7     0    310 
   3    8     0    477 
   3    9     0    439 
   3   10     0    763 
   3   11     0    679 
   3   12     0    655 
   3   13     0    342 
   3   14     0    626 
   3   15     0    752 
   3   16     0    689 
   3   17     0    776 
   3   18     0    345 
   3   19     0    441 
   3   20     0    701 
   3   21     0    623 
   3   22     0    680 
   3   23     0    681 
   3   24     0    671 
   3   25     0    479 
   3   26     0    789 
   3   27     0    203 
   3   28     0    757 
   3   29     0    764 
   3   30     0    408 
   3   31     0    307 
   3   32     0    577 
   3   33     0    421 
   3   34     0    274 
   3   35     0    295 
   3   36     0    240 
   3   37     0    405 
   3   38     0    211 
   3   39     0    439 
   3   40     0    544 
   3   41     0    569 
   3   42     0    312 
   3   43     0    798 
   3   44     0    373 
   3   45     0    710 
   3   46     0    782 
   3   47     0    673 
   3   48     0    570 
   3   49     0    211 
   4    0     0    400 
   4    1     0    665 
   4    2     0    570 
   4    3     0    504 
   4    4     0    463 
   4    5     0    454 
   4    6     0    692 
   4    7     0    517 
   4    8     0    572 
   4    9     0    638 
   4   10     0    507 
   4   11     0    615 
   4   12     0    758 
   4   13     0    699 
   4   14     0    379 
   4   15     0    700 
   4   16     0    609 
   4   17     0    288 
   4   18     0    725 
   4   19     0    682 
   4   20     0    721 
   4   21     0    693 
   4   22     0    213 
   4   23     0    621 
   4   24     0    334 
   4   25     0    484 
   4   26     0    376 
   4   27     0    240 
   4   28     0    362 
   4   29     0    376 
   4   30     0    225 
   4   31     0    619 
   4   32     0    373 
   4   33     0    757 
   4   34     0    535 
   4   35     0    427 
   4   36     0    622 
   4   37     0    682 
   4   38     0    386 
   4   39     0    363 
   4   40     0    742 
   4   41     0    601 
   4   42     0    516 
   4   43     0    303 
   4   44     0    516 
   4   45     0    419 
   4   46     0    548 
   4   47     0    451 
   4   48     0    417 
   4   49     0    330 
   5    0     0    675 
   5    1     0    247 
   5    2     0    468 
   5    3     0    340 
   5    4     0    455 
   5    5     0    777 
   5    6     0    243 
   5    7     0    589 
   5    8     0    627 
   5    9     0    316 
   5   10     0    742 
   5   11     0    373 
   5   12     0    273 
   5   13     0    440 
   5   14     0    540 
   5   15     0    531 
   5   16     0    303 
   5   17     0    759 
   5   18     0    379 
   5   19     0    438 
   5   20     0    451 
   5   21     0    338 
   5   22     0    670 
   5   23     0    790 
   5   24     0    303 
   5   25     0    212 
   5   26     0    426 
   5   27     0    229 
   5   28     0    752 
   5   29     0    500 
   5   30     0    372 
   5   31     0    236 
   5   32     0    376 
   5   33     0    399 
   5   34     0    630 
   5   35     0    376 
   5   36     0    235 
   5   37     0    316 
   5   38     0    309 
   5   39     0    424 
   5   40     0    776 
   5   41     0    582 
   5   42     0    623 
   5   43     0    730 
   5   44     0    320 
   5   45     0    425 
   5   46     0    487 
   5   47     0    426 
   5   48     0    737 
   5   49     0    468 
   6    0     0    206 
   6    1     0    783 
   6    2     0    521 
   6    3     0    403 
   6    4     0    583 
   6    5     0    408 
   6    6     0    543 
   6    7     0    474 
   6    8     0    753 
   6    9     0    728 
   6   10     0    456 
   6   11     0    348 
   6   12     0    751 
   6   13     0    443 
   6   14     0    692 
   6   15     0    780 
   6   16     0    683 
   6   17     0    407 
   6   18     0    456 
   6   19     0    487 
   6   20     0    662 
   6   21     0    577 
   6   22     0    430 
   6   23     0    800 
   6   24     0    529 
   6   25     0    780 
   6   26     0    629 
   6   27     0    371 
   6   28     0    291 
   6   29     0    281 
   6   30     0    588 
   6   31     0    730 
   6   32     0    642 
   6   33     0    211 
   6   34     0    364 
   6   35     0    744 
   6   36     0    227 
   6   37     0    462 
   6   38     0    373 
   6   39     0    424 
   6   40     0    240 
   6   41     0    556 
   6   42     0    775 
   6   43     0    687 
   6   44     0    543 
   6   45     0    501 
   6   46     0    638 
   6   47     0    752 
   6   48     0    718 
   6   49     0    224 
   7    0     0    640 
   7    1     0    409 
   7    2     0    431 
   7    3     0    695 
   7    4     0    662 
   7    5     0    479 
   7    6     0    792 
   7    7     0    297 
   7    8     0    425 
   7    9     0    634 
   7   10     0    517 
   7   11     0    270 
   7   12     0    648 
   7   13     0    351 
   7   14     0    444 
   7   15     0    693 
   7   16     0    774 
   7   17     0    302 
   7   18     0    231 
   7   19     0    781 
   7   20     0    424 
   7   21     0    375 
   7   22     0    729 
   7   23     0    337 
   7   24     0    531 
   7   25     0    309 
   7   26     0    711 
   7   27     0    586 
   7   28     0    408 
   7   29     0    710 
   7   30     0    270 
   7   31     0    684 
   7   32     0    419 
   7   33     0    337 
   7   34     0    749 
   7   35     0    762 
   7   36     0    434 
   7   37     0    422 
   7   38     0    533 
   7   39     0    441 
   7   40     0    530 
   7   41     0    248 
   7   42     0    439 
   7   43     0    541 
   7   44     0    228 
   7   45     0    659 
   7   46     0    526 
   7   47     0    747 
   7   48     0    535 
   7   49     0    329 
   8    0     0    743 
   8    1     0    276 
   8    2     0    392 
   8    3     0    757 
   8    4     0    477 
   8    5     0    562 
   8    6     0    771 
   8    7     0    347 
   8    8     0    620 
   8    9     0    240 
   8   10     0    491 
   8   11     0    511 
   8   12     0    749 
   8   13     0    371 
   8   14     0    765 
   8   15     0    744 
   8   16     0    260 
   8   17     0    449 
   8   18     0    775 
   8   19     0    345 
   8   20     0    748 
   8   21     0    724 
   8   22     0    726 
   8   23     0    639 
   8   24     0    738 
   8   25     0    664 
   8   26     0    679 
   8   27     0    669 
   8   28     0    675 
   8   29     0    565 
   8   30     0    372 
   8   31     0    235 
   8   32     0    364 
   8   33     0    290 
   8   34     0    214 
   8   35     0    521 
   8   36     0    500 
   8   37     0    337 
   8   38     0    273 
   8   39     0    662 
   8   40     0    433 
   8   41     0    265 
   8   42     0    412 
   8   43     0    390 
   8   44     0    574 
   8   45     0    454 
   8   46     0    377 
   8   47     0    261 
   8   48     0    497 
   8   49     0    363 
   9    0     0    581 
   9    1     0    315 
   9    2     0    357 
   9    3     0    495 
   9    4     0    278 
   9    5     0    446 
   9    6     0    463 
   9    7     0    237 
   9    8     0    615 
   9    9     0    345 
   9   10     0    377 
   9   11     0    777 
   9   12     0    256 
   9   13     0    249 
   9   14     0    270 
   9   15     0    357 
   9   16     0    743 
   9   17     0    277 
   9   18     0    342 
   9   19     0    489 
   9   20     0    302 
   9   21     0    476 
   9   22     0    231 
   9   23     0    227 
   9   24     0    302 
   9   25     0    697 
   9   26     0    328 
   9   27     0    454 
   9   28     0    733 
   9   29     0    718 
   9   30     0    452 
   9   31     0    485 
   9   32     0    525 
   9   33     0    202 
   9   34     0    471 
   9   35     0    780 
   9   36     0    389 
   9   37     0    332 
   9   38     0    667 
   9   39     0    628 
   9   40     0    458 
   9   41     0    684 
   9   42     0    709 
   9   43     0    395 
   9   44     0    529 
   9   45     0    534 
   9   46     0    613 
   9   47     0    667 
   9   48     0    386 
   9   49     0    642 
  10    0     0    536 
  10    1     0    747 
  10    2     0    798 
  10    3     0    404 
  10    4     0    266 
  10    5     0    636 
  10    6     0    533 
  10    7     0    331 
  10    8     0    350 
  10    9     0    360 
  10   10     0    203 
  10   11     0    324 
  10   12     0    287 
  10   13     0    529 
  10   14     0    346 
  10   15     0    254 
  10   16     0    414 
  10   17     0    666 
  10   18     0    280 
  10   19     0    293 
  10   20     0    230 
  10   21     0    256 
  10   22     0    554 
  10   23     0    629 
  10   24     0    358 
  10   25     0    675 
  10   26     0    493 
  10   27     0    299 
  10   28     0    280 
  10   29     0    752 
  10   30     0    529 
  10   31     0    291 
  10   32     0    714 
  10   33     0    734 
  10   34     0    580 
  10   35     0    448 
  10   36     0    678 
  10   37     0    794 
  10   38     0    279 
  10   39     0    709 
  10   40     0    423 
  10   41     0    606 
  10   42     0    510 
  10   43     0    774 
  10   44     0    281 
  10   45     0    240 
  10   46     0    652 
  10   47     0    206 
  10   48     0    443 
  10   49     0    310 
  11    0     0    798 
  11    1     0    597 
  11    2     0    607 
  11    3     0    224 
  11    4     0    682 
  11    5     0    730 
  11    6     0    774 
  11    7     0    337 
  11    8     0    760 
  11    9     0    774 
  11   10     0    426 
  11   11     0    510 
  11   12     0    395 
  11   13     0    623 
  11   14     0    293 
  11   15     0    228 
  11   16     0    406 
  11   17     0    203 
  11   18     0    346 
  11   19     0    605 
  11   20     0    758 
  11   21     0    597 
  11   22     0    658 
  11   23     0    288 
  11   24     0    530 
  11   25     0    719 
  11   26     0    685 
  11   27     0    218 
  11   28     0    249 
  11   29     0    458 
  11   30     0    309 
  11   31     0    600 
  11   32     0    209 
  11   33     0    791 
  11   34     0    423 
  11   35     0    751 
  11   36     0    520 
  11   37     0    396 
  11   38     0    787 
  11   39     0    373 
  11   40     0    564 
  11   41     0    432 
  11   42     0    627 
  11   43     0    724 
  11   44     0    730 
  11   45     0    752 
  11   46     0    510 
  11   47     0    650 
  11   48     0    253 
  11   49     0    397 
  12    0     0    700 
  12    1     0    310 
  12    2     0    474 
  12    3     0    365 
  12    4     0    640 
  12    5     0    777 
  12    6     0    766 
  12    7     0    571 
  12    8     0    692 
  12    9     0    227 
  12   10     0    278 
  12   11     0    326 
  12   12     0    358 
  12   13     0    488 
  12   14     0    206 
  12   15     0    696 
  12   16     0    648 
  12   17     0    274 
  12   18     0    693 
  12   19     0    357 
  12   20     0    706 
  12   21     0    700 
  12   22     0    475 
  12   23     0    685 
  12   24     0    350 
  12   25     0    661 
  12   26     0    714 
  12   27     0    481 
  12   28     0    556 
  12   29     0    314 
  12   30     0    526 
  12   31     0    230 
  12   32     0    393 
  12   33     0    438 
  12   34     0    603 
  12   35     0    471 
  12   36     0    281 
  12   37     0    593 
  12   38     0    629 
  12   39     0    335 
  12   40     0    612 
  12   41     0    291 
  12   42     0    364 
  12   43     0    703 
  12   44     0    429 
  12   45     0    624 
  12   46     0    787 
  12   47     0    641 
  12   48     0    336 
  12   49     0    520 
  13    0     0    234 
  13    1     0    202 
  13    2     0    337 
  13    3     0    244 
  13    4     0    546 
  13    5     0    472 
  13    6     0    722 
  13    7     0    555 
  13    8     0    424 
  13    9     0    592 
  13   10     0    294 
  13   11     0    636 
  13   12     0    245 
  13   13     0    584 
  13   14     0    369 
  13   15     0    624 
  13   16     0    496 
  13   17     0    238 
  13   18     0    456 
  13   19     0    500 
  13   20     0    580 
  13   21     0    578 
  13   22     0    641 
  13   23     0    800 
  13   24     0    431 
  13   25     0    743 
  13   26     0    669 
  13   27     0    269 
  13   28     0    599 
  13   29     0    626 
  13   30     0    204 
  13   31     0    239 
  13   32     0    588 
  13   33     0    499 
  13   34     0    418 
  13   35     0    435 
  13   36     0    705 
  13   37     0    442 
  13   38     0    435 
  13   39     0    607 
  13   40     0    485 
  13   41     0    728 
  13   42     0    779 
  13   43     0    553 
  13   44     0    344 
  13   45     0    526 
  13   46     0    571 
  13   47     0    217 
  13   48     0    370 
  13   49     0    305 
  14    0     0    251 
  14    1     0    245 
  14    2     0    246 
  14    3     0    282 
  14    4     0    605 
  14    5     0    281 
  14    6     0    323 
  14    7     0    606 
  14    8     0    405 
  14    9     0    358 
  14   10     0    486 
  14   11     0    559 
  14   12     0    309 
  14   13     0    292 
  14   14     0    459 
  14   15     0    417 
  14   16     0    243 
  14   17     0    221 
  14   18     0    647 
  14   19     0    631 
  14   20     0    705 
  14   21     0    735 
  14   22     0    619 
  14   23     0    363 
  14   24     0    473 
  14   25     0    331 
  14   26     0    406 
  14   27     0    229 
  14   28     0    542 
  14   29     0    393 
  14   30     0    709 
  14   31     0    775 
  14   32     0    653 
  14   33     0    327 
  14   34     0    334 
  14   35     0    767 
  14   36     0    788 
  14   37     0    638 
  14   38     0    520 
  14   39     0    226 
  14   40     0    784 
  14   41     0    201 
  14   42     0    542 
  14   43     0    278 
  14   44     0    281 
  14   45     0    338 
  14   46     0    308 
  14   47     0    418 
  14   48     0    636 
  14   49     0    454 
  15    0     0    231 
  15    1     0    377 
  15    2     0    599 
  15    3     0    564 
  15    4     0    494 
  15    5     0    494 
  15    6     0    547 
  15    7     0    704 
  15    8     0    692 
  15    9     0    716 
  15   10     0    313 
  15   11     0    523 
  15   12     0    776 
  15   13     0    637 
  15   14     0    265 
  15   15     0    201 
  15   16     0    456 
  15   17     0    308 
  15   18     0    788 
  15   19     0    449 
  15   20     0    513 
  15   21     0    229 
  15   22     0    309 
  15   23     0    468 
  15   24     0    341 
  15   25     0    761 
  15   26     0    553 
  15   27     0    664 
  15   28     0    314 
  15   29     0    711 
  15   30     0    665 
  15   31     0    678 
  15   32     0    341 
  15   33     0    445 
  15   34     0    560 
  15   35     0    659 
  15   36     0    678 
  15   37     0    460 
  15   38     0    437 
  15   39     0    447 
  15   40     0    744 
  15   41     0    509 
  15   42     0    403 
  15   43     0    577 
  15   44     0    409 
  15   45     0    747 
  15   46     0    422 
  15   47     0    391 
  15   48     0    308 
  15   49     0    693 
  16    0     0    404 
  16    1     0    411 
  16    2     0    399 
  16    3     0    443 
  16    4     0    242 
  16    5     0    754 
  16    6     0    220 
  16    7     0    222 
  16    8     0    267 
  16    9     0    350 
  16   10     0    266 
  16   11     0    421 
  16   12     0    384 
  16   13     0    594 
  16   14     0    426 
  16   15     0    352 
  16   16     0    631 
  16   17     0    643 
  16   18     0    484 
  16   19     0    552 
  16   20     0    201 
  16   21     0    603 
  16   22     0    467 
  16   23     0    211 
  16   24     0    358 
  16   25     0    549 
  16   26     0    319 
  16   27     0    590 
  16   28     0    441 
  16   29     0    661 
  16   30     0    376 
  16   31     0    636 
  16   32     0    524 
  16   33     0    327 
  16   34     0    226 
  16   35     0    733 
  16   36     0    688 
  16   37     0    548 
  16   38     0    312 
  16   39     0    419 
  16   40     0    231 
  16   41     0    591 
  16   42     0    561 
  16   43     0    253 
  16   44     0    749 
  16   45     0    344 
  16   46     0    725 
  16   47     0    441 
  16   48     0    455 
  16   49     0    504 
  17    0     0    722 
  17    1     0    261 
  17    2     0    278 
  17    3     0    310 
  17    4     0    222 
  17    5     0    329 
  17    6     0    496 
  17    7     0    747 
  17    8     0    563 
  17    9     0    286 
  17   10     0    257 
  17   11     0    642 
  17   12     0    599 
  17   13     0    329 
  17   14     0    435 
  17   15     0    315 
  17   16     0    651 
  17   17     0    478 
  17   18     0    280 
  17   19     0    699 
  17   20     0    287 
  17   21     0    636 
  17   22     0    279 
  17   23     0    492 
  17   24     0    688 
  17   25     0    686 
  17   26     0    674 
  17   27     0    566 
  17   28     0    359 
  17   29     0    698 
  17   30     0    450 
  17   31     0    775 
  17   32     0    639 
  17   33     0    658 
  17   34     0    240 
  17   35     0    295 
  17   36     0    788 
  17   37     0    727 
  17   38     0    739 
  17   39     0    561 
  17   40     0    318 
  17   41     0    674 
  17   42     0    477 
  17   43     0    436 
  17   44     0    479 
  17   45     0    441 
  17   46     0    510 
  17   47     0    489 
  17   48     0    765 
  17   49     0    351 
  18    0     0    413 
  18    1     0    377 
  18    2     0    520 
  18    3     0    692 
  18    4     0    730 
  18    5     0    357 
  18    6     0    347 
  18    7     0    487 
  18    8     0    342 
  18    9     0    510 
  18   10     0    386 
  18   11     0    729 
  18   12     0    662 
  18   13     0    265 
  18   14     0    402 
  18   15     0    474 
  18   16     0    300 
  18   17     0    319 
  18   18     0    364 
  18   19     0    578 
  18   20     0    605 
  18   21     0    321 
  18   22     0    777 
  18   23     0    566 
  18   24     0    236 
  18   25     0    300 
  18   26     0    543 
  18   27     0    717 
  18   28     0    438 
  18   29     0    390 
  18   30     0    555 
  18   31     0    799 
  18   32     0    436 
  18   33     0    767 
  18   34     0    326 
  18   35     0    627 
  18   36     0    592 
  18   37     0    228 
  18   38     0    760 
  18   39     0    317 
  18   40     0    558 
  18   41     0    523 
  18   42     0    773 
  18   43     0    388 
  18   44     0    707 
  18   45     0    444 
  18   46     0    703 
  18   47     0    672 
  18   48     0    405 
  18   49     0    243 
  19    0     0    551 
  19    1     0    502 
  19    2     0    418 
  19    3     0    355 
  19    4     0    447 
  19    5     0    354 
  19    6     0    202 
  19    7     0    328 
  19    8     0    224 
  19    9     0    519 
  19   10     0    396 
  19   11     0    755 
  19   12     0    560 
  19   13     0    530 
  19   14     0    317 
  19   15     0    463 
  19   16     0    639 
  19   17     0    439 
  19   18     0    299 
  19   19     0    718 
  19   20     0    408 
  19   21     0    611 
  19   22     0    392 
  19   23     0    478 
  19   24     0    420 
  19   25     0    375 
  19   26     0    432 
  19   27     0    719 
  19   28     0    439 
  19   29     0    763 
  19   30     0    283 
  19   31     0    426 
  19   32     0    708 
  19   33     0    763 
  19   34     0    386 
  19   35     0    387 
  19   36     0    504 
  19   37     0    518 
  19   38     0    541 
  19   39     0    515 
  19   40     0    265 
  19   41     0    343 
  19   42     0    472 
  19   43     0    547 
  19   44     0    696 
  19   45     0    773 
  19   46     0    406 
  19   47     0    645 
  19   48     0    705 
  19   49     0    347 
  20    0     0    750 
  20    1     0    378 
  20    2     0    447 
  20    3     0    693 
  20    4     0    734 
  20    5     0    459 
  20    6     0    766 
  20    7     0    669 
  20    8     0    746 
  20    9     0    495 
  20   10     0    260 
  20   11     0    349 
  20   12     0    280 
  20   13     0    780 
  20   14     0    275 
  20   15     0    647 
  20   16     0    604 
  20   17     0    482 
  20   18     0    561 
  20   19     0    427 
  20   20     0    518 
  20   21     0    693 
  20   22     0    659 
  20   23     0    646 
  20   24     0    618 
  20   25     0    211 
  20   26     0    258 
  20   27     0    731 
  20   28     0    786 
  20   29     0    243 
  20   30     0    502 
  20   31     0    503 
  20   32     0    351 
  20   33     0    444 
  20   34     0    491 
  20   35     0    265 
  20   36     0    458 
  20   37     0    650 
  20   38     0    615 
  20   39     0    349 
  20   40     0    666 
  20   41     0    687 
  20   42     0    797 
  20   43     0    636 
  20   44     0    215 
  20   45     0    744 
  20   46     0    373 
  20   47     0    258 
  20   48     0    797 
  20   49     0    389 
  21    0     0    239 
  21    1     0    429 
  21    2     0    360 
  21    3     0    535 
  21    4     0    305 
  21    5     0    562 
  21    6     0    409 
  21    7     0    223 
  21    8     0    325 
  21    9     0    583 
  21   10     0    669 
  21   11     0    462 
  21   12     0    720 
  21   13     0    706 
  21   14     0    715 
  21   15     0    404 
  21   16     0    736 
  21   17     0    633 
  21   18     0    255 
  21   19     0    242 
  21   20     0    766 
  21   21     0    201 
  21   22     0    329 
  21   23     0    411 
  21   24     0    541 
  21   25     0    777 
  21   26     0    522 
  21   27     0    253 
  21   28     0    373 
  21   29     0    577 
  21   30     0    260 
  21   31     0    766 
  21   32     0    623 
  21   33     0    646 
  21   34     0    652 
  21   35     0    499 
  21   36     0    327 
  21   37     0    728 
  21   38     0    513 
  21   39     0    479 
  21   40     0    407 
  21   41     0    285 
  21   42     0    537 
  21   43     0    541 
  21   44     0    670 
  21   45     0    372 
  21   46     0    337 
  21   47     0    604 
  21   48     0    757 
  21   49     0    449 
  22    0     0    574 
  22    1     0    643 
  22    2     0    579 
  22    3     0    631 
  22    4     0    617 
  22    5     0    607 
  22    6     0    682 
  22    7     0    643 
  22    8     0    505 
  22    9     0    285 
  22   10     0    412 
  22   11     0    686 
  22   12     0    293 
  22   13     0    786 
  22   14     0    662 
  22   15     0    717 
  22   16     0    504 
  22   17     0    596 
  22   18     0    470 
  22   19     0    746 
  22   20     0    279 
  22   21     0    245 
  22   22     0    340 
  22   23     0    512 
  22   24     0    606 
  22   25     0    505 
  22   26     0    399 
  22   27     0    655 
  22   28     0    317 
  22   29     0    526 
  22   30     0    367 
  22   31     0    599 
  22   32     0    706 
  22   33     0    468 
  22   34     0    471 
  22   35     0    203 
  22   36     0    263 
  22   37     0    410 
  22   38     0    244 
  22   39     0    770 
  22   40     0    714 
  22   41     0    797 
  22   42     0    761 
  22   43     0    516 
  22   44     0    307 
  22   45     0    244 
  22   46     0    774 
  22   47     0    318 
  22   48     0    590 
  22   49     0    705 
  23    0     0    302 
  23    1     0    231 
  23    2     0    490 
  23    3     0    617 
  23    4     0    480 
  23    5     0    771 
  23    6     0    244 
  23    7     0    218 
  23    8     0    376 
  23    9     0    263 
  23   10     0    467 
  23   11     0    568 
  23   12     0    613 
  23   13     0    203 
  23   14     0    300 
  23   15     0    232 
  23   16     0    676 
  23   17     0    417 
  23   18     0    581 
  23   19     0    498 
  23   20     0    660 
  23   21     0    293 
  23   22     0    227 
  23   23     0    387 
  23   24     0    259 
  23   25     0    505 
  23   26     0    775 
  23   27     0    422 
  23   28     0    466 
  23   29     0    469 
  23   30     0    422 
  23   31     0    232 
  23   32     0    414 
  23   33     0    451 
  23   34     0    584 
  23   35     0    626 
  23   36     0    594 
  23   37     0    400 
  23   38     0    383 
  23   39     0    617 
  23   40     0    266 
  23   41     0    215 
  23   42     0    746 
  23   43     0    521 
  23   44     0    352 
  23   45     0    299 
  23   46     0    538 
  23   47     0    375 
  23   48     0    337 
  23   49     0    276 
  24    0     0    652 
  24    1     0    317 
  24    2     0    312 
  24    3     0    529 
  24    4     0    598 
  24    5     0    498 
  24    6     0    311 
  24    7     0    478 
  24    8     0    308 
  24    9     0    539 
  24   10     0    688 
  24   11     0    711 
  24   12     0    762 
  24   13     0    280 
  24   14     0    617 
  24   15     0    261 
  24   16     0    515 
  24   17     0    472 
  24   18     0    396 
  24   19     0    290 
  24   20     0    767 
  24   21     0    673 
  24   22     0    469 
  24   23     0    575 
  24   24     0    767 
  24   25     0    204 
  24   26     0    535 
  24   27     0    501 
  24   28     0    270 
  24   29     0    262 
  24   30     0    223 
  24   31     0    546 
  24   32     0    387 
  24   33     0    540 
  24   34     0    250 
  24   35     0    479 
  24   36     0    704 
  24   37     0    351 
  24   38     0    340 
  24   39     0    451 
  24   40     0    669 
  24   41     0    385 
  24   42     0    305 
  24   43     0    703 
  24   44     0    637 
  24   45     0    306 
  24   46     0    232 
  24   47     0    249 
  24   48     0    438 
  24   49     0    700 
  25    0     0    496 
  25    1     0    559 
  25    2     0    610 
  25    3     0    772 
  25    4     0    635 
  25    5     0    426 
  25    6     0    317 
  25    7     0    608 
  25    8     0    605 
  25    9     0    510 
  25   10     0    764 
  25   11     0    301 
  25   12     0    323 
  25   13     0    411 
  25   14     0    786 
  25   15     0    635 
  25   16     0    617 
  25   17     0    697 
  25   18     0    384 
  25   19     0    550 
  25   20     0    795 
  25   21     0    689 
  25   22     0    271 
  25   23     0    690 
  25   24     0    510 
  25   25     0    506 
  25   26     0    267 
  25   27     0    495 
  25   28     0    544 
  25   29     0    597 
  25   30     0    682 
  25   31     0    620 
  25   32     0    542 
  25   33     0    447 
  25   34     0    662 
  25   35     0    482 
  25   36     0    208 
  25   37     0    325 
  25   38     0    559 
  25   39     0    685 
  25   40     0    243 
  25   41     0    408 
  25   42     0    357 
  25   43     0    480 
  25   44     0    474 
  25   45     0    529 
  25   46     0    646 
  25   47     0    412 
  25   48     0    618 
  25   49     0    679 
  26    0     0    695 
  26    1     0    314 
  26    2     0    402 
  26    3     0    500 
  26    4     0    676 
  26    5     0    692 
  26    6     0    387 
  26    7     0    218 
  26    8     0    597 
  26    9     0    613 
  26   10     0    204 
  26   11     0    584 
  26   12     0    629 
  26   13     0    482 
  26   14     0    474 
  26   15     0    227 
  26   16     0    225 
  26   17     0    497 
  26   18     0    229 
  26   19     0    423 
  26   20     0    795 
  26   21     0    249 
  26   22     0    337 
  26   23     0    652 
  26   24     0    722 
  26   25     0    657 
  26   26     0    309 
  26   27     0    524 
  26   28     0    741 
  26   29     0    276 
  26   30     0    614 
  26   31     0    245 
  26   32     0    389 
  26   33     0    242 
  26   34     0    456 
  26   35     0    588 
  26   36     0    672 
  26   37     0    231 
  26   38     0    800 
  26   39     0    369 
  26   40     0    735 
  26   41     0    608 
  26   42     0    715 
  26   43     0    257 
  26   44     0    382 
  26   45     0    563 
  26   46     0    524 
  26   47     0    232 
  26   48     0    763 
  26   49     0    439 
  27    0     0    728 
  27    1     0    514 
  27    2     0    498 
  27    3     0    364 
  27    4     0    527 
  27    5     0    612 
  27    6     0    281 
  27    7     0    243 
  27    8     0    774 
  27    9     0    606 
  27   10     0    584 
  27   11     0    319 
  27   12     0    657 
  27   13     0    559 
  27   14     0    322 
  27   15     0    203 
  27   16     0    269 
  27   17     0    442 
  27   18     0    423 
  27   19     0    630 
  27   20     0    477 
  27   21     0    634 
  27   22     0    512 
  27   23     0    241 
  27   24     0    713 
  27   25     0    538 
  27   26     0    586 
  27   27     0    509 
  27   28     0    564 
  27   29     0    603 
  27   30     0    752 
  27   31     0    395 
  27   32     0    303 
  27   33     0    329 
  27   34     0    234 
  27   35     0    265 
  27   36     0    403 
  27   37     0    586 
  27   38     0    222 
  27   39     0    580 
  27   40     0    255 
  27   41     0    318 
  27   42     0    750 
  27   43     0    657 
  27   44     0    777 
  27   45     0    418 
  27   46     0    223 
  27   47     0    507 
  27   48     0    466 
  27   49     0    660 
  28    0     0    318 
  28    1     0    576 
  28    2     0    214 
  28    3     0    495 
  28    4     0    666 
  28    5     0    373 
  28    6     0    718 
  28    7     0    480 
  28    8     0    285 
  28    9     0    592 
  28   10     0    443 
  28   11     0    336 
  28   12     0    255 
  28   13     0    611 
  28   14     0    374 
  28   15     0    759 
  28   16     0    479 
  28   17     0    727 
  28   18     0    764 
  28   19     0    440 
  28   20     0    230 
  28   21     0    214 
  28   22     0    258 
  28   23     0    598 
  28   24     0    527 
  28   25     0    542 
  28   26     0    643 
  28   27     0    540 
  28   28     0    750 
  28   29     0    417 
  28   30     0    578 
  28   31     0    569 
  28   32     0    610 
  28   33     0    242 
  28   34     0    785 
  28   35     0    724 
  28   36     0    460 
  28   37     0    213 
  28   38     0    210 
  28   39     0    269 
  28   40     0    210 
  28   41     0    794 
  28   42     0    278 
  28   43     0    639 
  28   44     0    240 
  28   45     0    596 
  28   46     0    727 
  28   47     0    482 
  28   48     0    398 
  28   49     0    720 
  29    0     0    273 
  29    1     0    334 
  29    2     0    693 
  29    3     0    510 
  29    4     0    617 
  29    5     0    569 
  29    6     0    576 
  29    7     0    689 
  29    8     0    246 
  29    9     0    502 
  29   10     0    515 
  29   11     0    579 
  29   12     0    585 
  29   13     0    345 
  29   14     0    574 
  29   15     0    372 
  29   16     0    226 
  29   17     0    666 
  29   18     0    774 
  29   19     0    590 
  29   20     0    269 
  29   21     0    599 
  29   22     0    668 
  29   23     0    523 
  29   24     0    792 
  29   25     0    690 
  29   26     0    571 
  29   27     0    304 
  29   28     0    623 
  29   29     0    544 
  29   30     0    555 
  29   31     0    727 
  29   32     0    259 
  29   33     0    289 
  29   34     0    210 
  29   35     0    323 
  29   36     0    362 
  29   37     0    747 
  29   38     0    300 
  29   39     0    345 
  29   40     0    699 
  29   41     0    286 
  29   42     0    294 
  29   43     0    307 
  29   44     0    577 
  29   45     0    698 
  29   46     0    264 
  29   47     0    276 
  29   48     0    760 
  29   49     0    331 
  30    0     0    647 
  30    1     0    765 
  30    2     0    306 
  30    3     0    349 
  30    4     0    418 
  30    5     0    674 
  30    6     0    255 
  30    7     0    646 
  30    8     0    502 
  30    9     0    470 
  30   10     0    667 
  30   11     0    720 
  30   12     0    203 
  30   13     0    344 
  30   14     0    516 
  30   15     0    359 
  30   16     0    456 
  30   17     0    755 
  30   18     0    777 
  30   19     0    407 
  30   20     0    451 
  30   21     0    274 
  30   22     0    723 
  30   23     0    224 
  30   24     0    276 
  30   25     0    218 
  30   26     0    755 
  30   27     0    756 
  30   28     0    246 
  30   29     0    460 
  30   30     0    354 
  30   31     0    447 
  30   32     0    445 
  30   33     0    700 
  30   34     0    758 
  30   35     0    679 
  30   36     0    453 
  30   37     0    334 
  30   38     0    783 
  30   39     0    755 
  30   40     0    584 
  30   41     0    471 
  30   42     0    680 
  30   43     0    716 
  30   44     0    623 
  30   45     0    363 
  30   46     0    217 
  30   47     0    717 
  30   48     0    408 
  30   49     0    658 
  31    0     0    249 
  31    1     0    247 
  31    2     0    203 
  31    3     0    349 
  31    4     0    474 
  31    5     0    479 
  31    6     0    722 
  31    7     0    560 
  31    8     0    563 
  31    9     0    494 
  31   10     0    687 
  31   11     0    202 
  31   12     0    299 
  31   13     0    317 
  31   14     0    238 
  31   15     0    227 
  31   16     0    366 
  31   17     0    620 
  31   18     0    796 
  31   19     0    761 
  31   20     0    607 
  31   21     0    752 
  31   22     0    473 
  31   23     0    463 
  31   24     0    307 
  31   25     0    462 
  31   26     0    239 
  31   27     0    689 
  31   28     0    603 
  31   29     0    682 
  31   30     0    340 
  31   31     0    555 
  31   32     0    592 
  31   33     0    609 
  31   34     0    424 
  31   35     0    441 
  31   36     0    721 
  31   37     0    674 
  31   38     0    734 
  31   39     0    486 
  31   40     0    762 
  31   41     0    419 
  31   42     0    725 
  31   43     0    634 
  31   44     0    611 
  31   45     0    220 
  31   46     0    738 
  31   47     0    562 
  31   48     0    700 
  31   49     0    626 
  32    0     0    465 
  32    1     0    468 
  32    2     0    309 
  32    3     0    750 
  32    4     0    524 
  32    5     0    446 
  32    6     0    219 
  32    7     0    733 
  32    8     0    735 
  32    9     0    363 
  32   10     0    202 
  32   11     0    292 
  32   12     0    544 
  32   13     0    522 
  32   14     0    439 
  32   15     0    253 
  32   16     0    691 
  32   17     0    418 
  32   18     0    377 
  32   19     0    524 
  32   20     0    663 
  32   21     0    529 
  32   22     0    728 
  32   23     0    688 
  32   24     0    617 
  32   25     0    769 
  32   26     0    683 
  32   27     0    526 
  32   28     0    328 
  32   29     0    669 
  32   30     0    774 
  32   31     0    481 
  32   32     0    486 
  32   33     0    680 
  32   34     0    456 
  32   35     0    352 
  32   36     0    478 
  32   37     0    260 
  32   38     0    303 
  32   39     0    463 
  32   40     0    650 
  32   41     0    486 
  32   42     0    500 
  32   43     0    564 
  32   44     0    755 
  32   45     0    219 
  32   46     0    333 
  32   47     0    591 
  32   48     0    441 
  32   49     0    202 
  33    0     0    453 
  33    1     0    693 
  33    2     0    588 
  33    3     0    489 
  33    4     0    549 
  33    5     0    446 
  33    6     0    504 
  33    7     0    559 
  33    8     0    487 
  33    9     0    494 
  33   10     0    436 
  33   11     0    557 
  33   12     0    284 
  33   13     0    504 
  33   14     0    540 
  33   15     0    274 
  33   16     0    673 
  33   17     0    451 
  33   18     0    779 
  33   19     0    555 
  33   20     0    273 
  33   21     0    553 
  33   22     0    213 
  33   23     0    725 
  33   24     0    246 
  33   25     0    772 
  33   26     0    779 
  33   27     0    318 
  33   28     0    381 
  33   29     0    275 
  33   30     0    544 
  33   31     0    260 
  33   32     0    398 
  33   33     0    788 
  33   34     0    370 
  33   35     0    610 
  33   36     0    450 
  33   37     0    630 
  33   38     0    442 
  33   39     0    531 
  33   40     0    289 
  33   41     0    332 
  33   42     0    394 
  33   43     0    706 
  33   44     0    580 
  33   45     0    661 
  33   46     0    250 
  33   47     0    785 
  33   48     0    256 
  33   49     0    515 
  34    0     0    369 
  34    1     0    593 
  34    2     0    264 
  34    3     0    717 
  34    4     0    769 
  34    5     0    400 
  34    6     0    280 
  34    7     0    625 
  34    8     0    753 
  34    9     0    501 
  34   10     0    456 
  34   11     0    555 
  34   12     0    552 
  34   13     0    246 
  34   14     0    550 
  34   15     0    766 
  34   16     0    778 
  34   17     0    716 
  34   18     0    791 
  34   19     0    277 
  34   20     0    348 
  34   21     0    345 
  34   22     0    595 
  34   23     0    393 
  34   24     0    257 
  34   25     0    546 
  34   26     0    428 
  34   27     0    220 
  34   28     0    328 
  34   29     0    483 
  34   30     0    592 
  34   31     0    390 
  34   32     0    665 
  34   33     0    732 
  34   34     0    520 
  34   35     0    548 
  34   36     0    285 
  34   37     0    689 
  34   38     0    512 
  34   39     0    754 
  34   40     0    258 
  34   41     0    577 
  34   42     0    309 
  34   43     0    551 
  34   44     0    506 
  34   45     0    652 
  34   46     0    317 
  34   47     0    361 
  34   48     0    561 
  34   49     0    759 
  35    0     0    210 
  35    1     0    766 
  35    2     0    391 
  35    3     0    263 
  35    4     0    400 
  35    5     0    780 
  35    6     0    644 
  35    7     0    290 
  35    8     0    508 
  35    9     0    244 
  35   10     0    458 
  35   11     0    356 
  35   12     0    304 
  35   13     0    324 
  35   14     0    440 
  35   15     0    545 
  35   16     0    217 
  35   17     0    201 
  35   18     0    768 
  35   19     0    363 
  35   20     0    512 
  35   21     0    731 
  35   22     0    432 
  35   23     0    509 
  35   24     0    660 
  35   25     0    205 
  35   26     0    675 
  35   27     0    215 
  35   28     0    282 
  35   29     0    624 
  35   30     0    602 
  35   31     0    272 
  35   32     0    514 
  35   33     0    712 
  35   34     0    289 
  35   35     0    544 
  35   36     0    453 
  35   37     0    455 
  35   38     0    499 
  35   39     0    595 
  35   40     0    432 
  35   41     0    467 
  35   42     0    238 
  35   43     0    472 
  35   44     0    426 
  35   45     0    342 
  35   46     0    284 
  35   47     0    414 
  35   48     0    762 
  35   49     0    650 
  36    0     0    560 
  36    1     0    568 
  36    2     0    719 
  36    3     0    766 
  36    4     0    343 
  36    5     0    445 
  36    6     0    274 
  36    7     0    592 
  36    8     0    300 
  36    9     0    675 
  36   10     0    412 
  36   11     0    554 
  36   12     0    627 
  36   13     0    458 
  36   14     0    616 
  36   15     0    758 
  36   16     0    274 
  36   17     0    583 
  36   18     0    309 
  36   19     0    615 
  36   20     0    242 
  36   21     0    756 
  36   22     0    210 
  36   23     0    274 
  36   24     0    355 
  36   25     0    350 
  36   26     0    741 
  36   27     0    246 
  36   28     0    258 
  36   29     0    248 
  36   30     0    374 
  36   31     0    713 
  36   32     0    295 
  36   33     0    411 
  36   34     0    664 
  36   35     0    298 
  36   36     0    332 
  36   37     0    397 
  36   38     0    458 
  36   39     0    632 
  36   40     0    312 
  36   41     0    794 
  36   42     0    621 
  36   43     0    753 
  36   44     0    403 
  36   45     0    246 
  36   46     0    422 
  36   47     0    275 
  36   48     0    466 
  36   49     0    664 
  37    0     0    361 
  37    1     0    717 
  37    2     0    392 
  37    3     0    563 
  37    4     0    300 
  37    5     0    523 
  37    6     0    522 
  37    7     0    684 
  37    8     0    409 
  37    9     0    212 
  37   10     0    754 
  37   11     0    425 
  37   12     0    389 
  37   13     0    344 
  37   14     0    491 
  37   15     0    488 
  37   16     0    744 
  37   17     0    606 
  37   18     0    467 
  37   19     0    481 
  37   20     0    509 
  37   21     0    351 
  37   22     0    354 
  37   23     0    219 
  37   24     0    203 
  37   25     0    401 
  37   26     0    660 
  37   27     0    549 
  37   28     0    317 
  37   29     0    712 
  37   30     0    609 
  37   31     0    491 
  37   32     0    382 
  37   33     0    596 
  37   34     0    283 
  37   35     0    251 
  37   36     0    670 
  37   37     0    751 
  37   38     0    599 
  37   39     0    676 
  37   40     0    374 
  37   41     0    251 
  37   42     0    719 
  37   43     0    589 
  37   44     0    474 
  37   45     0    316 
  37   46     0    696 
  37   47     0    792 
  37   48     0    706 
  37   49     0    393 
  38    0     0    263 
  38    1     0    447 
  38    2     0    463 
  38    3     0    651 
  38    4     0    558 
  38    5     0    712 
  38    6     0    522 
  38    7     0    282 
  38    8     0    365 
  38    9     0    345 
  38   10     0    455 
  38   11     0    393 
  38   12     0    311 
  38   13     0    657 
  38   14     0    723 
  38   15     0    776 
  38   16     0    235 
  38   17     0    520 
  38   18     0    221 
  38   19     0    766 
  38   20     0    387 
  38   21     0    755 
  38   22     0    328 
  38   23     0    404 
  38   24     0    346 
  38   25     0    227 
  38   26     0    406 
  38   27     0    448 
  38   28     0    287 
  38   29     0    736 
  38   30     0    592 
  38   31     0    516 
  38   32     0    791 
  38   33     0    460 
  38   34     0    463 
  38   35     0    223 
  38   36     0    653 
  38   37     0    481 
  38   38     0    229 
  38   39     0    640 
  38   40     0    336 
  38   41     0    256 
  38   42     0    523 
  38   43     0    605 
  38   44     0    606 
  38   45     0    604 
  38   46     0    514 
  38   47     0    384 
  38   48     0    558 
  38   49     0    712 
  39    0     0    366 
  39    1     0    600 
  39    2     0    463 
  39    3     0    773 
  39    4     0    258 
  39    5     0    206 
  39    6     0    787 
  39    7     0    209 
  39    8     0    414 
  39    9     0    206 
  39   10     0    730 
  39   11     0    365 
  39   12     0    421 
  39   13     0    434 
  39   14     0    766 
  39   15     0    238 
  39   16     0    503 
  39   17     0    437 
  39   18     0    285 
  39   19     0    682 
  39   20     0    644 
  39   21     0    611 
  39   22     0    229 
  39   23     0    457 
  39   24     0    660 
  39   25     0    479 
  39   26     0    589 
  39   27     0    632 
  39   28     0    639 
  39   29     0    411 
  39   30     0    458 
  39   31     0    637 
  39   32     0    539 
  39   33     0    216 
  39   34     0    714 
  39   35     0    241 
  39   36     0    703 
  39   37     0    508 
  39   38     0    206 
  39   39     0    331 
  39   40     0    204 
  39   41     0    763 
  39   42     0    602 
  39   43     0    579 
  39   44     0    740 
  39   45     0    582 
  39   46     0    747 
  39   47     0    285 
  39   48     0    370 
  39   49     0    764 
  40    0     0    763 
  40    1     0    722 
  40    2     0    637 
  40    3     0    620 
  40    4     0    376 
  40    5     0    707 
  40    6     0    512 
  40    7     0    569 
  40    8     0    494 
  40    9     0    208 
  40   10     0    471 
  40   11     0    423 
  40   12     0    648 
  40   13     0    574 
  40   14     0    281 
  40   15     0    423 
  40   16     0    289 
  40   17     0    238 
  40   18     0    691 
  40   19     0    709 
  40   20     0    758 
  40   21     0    571 
  40   22     0    248 
  40   23     0    248 
  40   24     0    228 
  40   25     0    240 
  40   26     0    638 
  40   27     0    284 
  40   28     0    736 
  40   29     0    368 
  40   30     0    591 
  40   31     0    322 
  40   32     0    616 
  40   33     0    320 
  40   34     0    571 
  40   35     0    269 
  40   36     0    208 
  40   37     0    288 
  40   38     0    721 
  40   39     0    445 
  40   40     0    706 
  40   41     0    255 
  40   42     0    539 
  40   43     0    704 
  40   44     0    734 
  40   45     0    670 
  40   46     0    500 
  40   47     0    738 
  40   48     0    682 
  40   49     0    322 
  41    0     0    405 
  41    1     0    613 
  41    2     0    409 
  41    3     0    775 
  41    4     0    500 
  41    5     0    330 
  41    6     0    732 
  41    7     0    300 
  41    8     0    620 
  41    9     0    757 
  41   10     0    208 
  41   11     0    672 
  41   12     0    595 
  41   13     0    567 
  41   14     0    668 
  41   15     0    364 
  41   16     0    763 
  41   17     0    450 
  41   18     0    744 
  41   19     0    784 
  41   20     0    578 
  41   21     0    553 
  41   22     0    660 
  41   23     0    235 
  41   24     0    748 
  41   25     0    687 
  41   26     0    342 
  41   27     0    284 
  41   28     0    381 
  41   29     0    636 
  41   30     0    553 
  41   31     0    338 
  41   32     0    610 
  41   33     0    399 
  41   34     0    485 
  41   35     0    342 
  41   36     0    762 
  41   37     0    465 
  41   38     0    381 
  41   39     0    506 
  41   40     0    568 
  41   41     0    277 
  41   42     0    742 
  41   43     0    675 
  41   44     0    239 
  41   45     0    796 
  41   46     0    424 
  41   47     0    311 
  41   48     0    332 
  41   49     0    343 
  42    0     0    329 
  42    1     0    326 
  42    2     0    683 
  42    3     0    644 
  42    4     0    540 
  42    5     0    208 
  42    6     0    697 
  42    7     0    521 
  42    8     0    631 
  42    9     0    789 
  42   10     0    763 
  42   11     0    438 
  42   12     0    570 
  42   13     0    786 
  42   14     0    556 
  42   15     0    337 
  42   16     0    584 
  42   17     0    290 
  42   18     0    657 
  42   19     0    698 
  42   20     0    415 
  42   21     0    630 
  42   22     0    369 
  42   23     0    527 
  42   24     0    697 
  42   25     0    610 
  42   26     0    429 
  42   27     0    500 
  42   28     0    222 
  42   29     0    473 
  42   30     0    441 
  42   31     0    708 
  42   32     0    357 
  42   33     0    468 
  42   34     0    572 
  42   35     0    690 
  42   36     0    444 
  42   37     0    259 
  42   38     0    222 
  42   39     0    706 
  42   40     0    424 
  42   41     0    393 
  42   42     0    476 
  42   43     0    348 
  42   44     0    684 
  42   45     0    357 
  42   46     0    339 
  42   47     0    474 
  42   48     0    290 
  42   49     0    670 
  43    0     0    519 
  43    1     0    693 
  43    2     0    418 
  43    3     0    756 
  43    4     0    465 
  43    5     0    564 
  43    6     0    566 
  43    7     0    267 
  43    8     0    663 
  43    9     0    360 
  43   10     0    544 
  43   11     0    299 
  43   12     0    428 
  43   13     0    275 
  43   14     0    777 
  43   15     0    565 
  43   16     0    203 
  43   17     0    648 
  43   18     0    384 
  43   19     0    470 
  43   20     0    656 
  43   21     0    658 
  43   22     0    709 
  43   23     0    751 
  43   24     0    288 
  43   25     0    268 
  43   26     0    474 
  43   27     0    749 
  43   28     0    342 
  43   29     0    658 
  43   30     0    204 
  43   31     0    432 
  43   32     0    505 
  43   33     0    622 
  43   34     0    776 
  43   35     0    678 
  43   36     0    647 
  43   37     0    735 
  43   38     0    285 
  43   39     0    502 
  43   40     0    263 
  43   41     0    647 
  43   42     0    611 
  43   43     0    754 
  43   44     0    210 
  43   45     0    272 
  43   46     0    694 
  43   47     0    731 
  43   48     0    530 
  43   49     0    356 
  44    0     0    546 
  44    1     0    322 
  44    2     0    592 
  44    3     0    455 
  44    4     0    684 
  44    5     0    407 
  44    6     0    791 
  44    7     0    291 
  44    8     0    580 
  44    9     0    649 
  44   10     0    619 
  44   11     0    200 
  44   12     0    626 
  44   13     0    510 
  44   14     0    306 
  44   15     0    642 
  44   16     0    587 
  44   17     0    477 
  44   18     0    400 
  44   19     0    563 
  44   20     0    749 
  44   21     0    212 
  44   22     0    489 
  44   23     0    705 
  44   24     0    422 
  44   25     0    683 
  44   26     0    286 
  44   27     0    526 
  44   28     0    719 
  44   29     0    606 
  44   30     0    554 
  44   31     0    525 
  44   32     0    716 
  44   33     0    236 
  44   34     0    691 
  44   35     0    580 
  44   36     0    510 
  44   37     0    440 
  44   38     0    307 
  44   39     0    474 
  44   40     0    357 
  44   41     0    601 
  44   42     0    283 
  44   43     0    305 
  44   44     0    415 
  44   45     0    507 
  44   46     0    323 
  44   47     0    791 
  44   48     0    352 
  44   49     0    572 
  45    0     0    388 
  45    1     0    262 
  45    2     0    207 
  45    3     0    565 
  45    4     0    305 
  45    5     0    672 
  45    6     0    488 
  45    7     0    472 
  45    8     0    504 
  45    9     0    639 
  45   10     0    646 
  45   11     0    326 
  45   12     0    301 
  45   13     0    571 
  45   14     0    594 
  45   15     0    314 
  45   16     0    707 
  45   17     0    378 
  45   18     0    703 
  45   19     0    304 
  45   20     0    560 
  45   21     0    463 
  45   22     0    560 
  45   23     0    521 
  45   24     0    545 
  45   25     0    750 
  45   26     0    588 
  45   27     0    751 
  45   28     0    778 
  45   29     0    778 
  45   30     0    746 
  45   31     0    779 
  45   32     0    628 
  45   33     0    738 
  45   34     0    214 
  45   35     0    793 
  45   36     0    615 
  45   37     0    647 
  45   38     0    293 
  45   39     0    477 
  45   40     0    693 
  45   41     0    564 
  45   42     0    628 
  45   43     0    756 
  45   44     0    793 
  45   45     0    758 
  45   46     0    655 
  45   47     0    371 
  45   48     0    631 
  45   49     0    483 
  46    0     0    622 
  46    1     0    212 
  46    2     0    407 
  46    3     0    494 
  46    4     0    630 
  46    5     0    347 
  46    6     0    766 
  46    7     0    228 
  46    8     0    691 
  46    9     0    266 
  46   10     0    227 
  46   11     0    219 
  46   12     0    555 
  46   13     0    625 
  46   14     0    226 
  46   15     0    267 
  46   16     0    623 
  46   17     0    286 
  46   18     0    630 
  46   19     0    660 
  46   20     0    751 
  46   21     0    221 
  46   22     0    372 
  46   23     0    685 
  46   24     0    518 
  46   25     0    251 
  46   26     0    783 
  46   27     0    683 
  46   28     0    688 
  46   29     0    536 
  46   30     0    776 
  46   31     0    736 
  46   32     0    271 
  46   33     0    504 
  46   34     0    326 
  46   35     0    392 
  46   36     0    209 
  46   37     0    616 
  46   38     0    572 
  46   39     0    501 
  46   40     0    628 
  46   41     0    607 
  46   42     0    628 
  46   43     0    206 
  46   44     0    256 
  46   45     0    235 
  46   46     0    646 
  46   47     0    221 
  46   48     0    703 
  46   49     0    675 
  47    0     0    584 
  47    1     0    676 
  47    2     0    232 
  47    3     0    396 
  47    4     0    503 
  47    5     0    562 
  47    6     0    243 
  47    7     0    301 
  47    8     0    678 
  47    9     0    789 
  47   10     0    366 
  47   11     0    358 
  47   12     0    463 
  47   13     0    721 
  47   14     0    586 
  47   15     0    527 
  47   16     0    619 
  47   17     0    548 
  47   18     0    342 
  47   19     0    690 
  47   20     0    796 
  47   21     0    387 
  47   22     0    347 
  47   23     0    218 
  47   24     0    782 
  47   25     0    509 
  47   26     0    524 
  47   27     0    677 
  47   28     0    639 
  47   29     0    547 
  47   30     0    365 
  47   31     0    484 
  47   32     0    532 
  47   33     0    277 
  47   34     0    626 
  47   35     0    493 
  47   36     0    537 
  47   37     0    704 
  47   38     0    689 
  47   39     0    460 
  47   40     0    652 
  47   41     0    538 
  47   42     0    454 
  47   43     0    590 
  47   44     0    250 
  47   45     0    458 
  47   46     0    484 
  47   47     0    356 
  47   48     0    496 
  47   49     0    365 
  48    0     0    473 
  48    1     0    529 
  48    2     0    395 
  48    3     0    625 
  48    4     0    755 
  48    5     0    392 
  48    6     0    800 
  48    7     0    569 
  48    8     0    749 
  48    9     0    268 
  48   10     0    396 
  48   11     0    365 
  48   12     0    797 
  48   13     0    768 
  48   14     0    380 
  48   15     0    208 
  48   16     0    446 
  48   17     0    655 
  48   18     0    791 
  48   19     0    536 
  48   20     0    379 
  48   21     0    437 
  48   22     0    753 
  48   23     0    528 
  48   24     0    456 
  48   25     0    490 
  48   26     0    618 
  48   27     0    314 
  48   28     0    388 
  48   29     0    251 
  48   30     0    504 
  48   31     0    700 
  48   32     0    217 
  48   33     0    405 
  48   34     0    447 
  48   35     0    214 
  48   36     0    686 
  48   37     0    743 
  48   38     0    617 
  48   39     0    676 
  48   40     0    782 
  48   41     0    699 
  48   42     0    430 
  48   43     0    716 
  48   44     0    509 
  48   45     0    647 
  48   46     0    401 
  48   47     0    519 
  48   48     0    439 
  48   49     0    681 
  49    0     0    360 
  49    1     0    776 
  49    2     0    261 
  49    3     0    724 
  49    4     0    515 
  49    5     0    687 
  49    6     0    308 
  49    7     0    204 
  49    8     0    253 
  49    9     0    748 
  49   10     0    505 
  49   11     0    596 
  49   12     0    410 
  49   13     0    223 
  49   14     0    622 
  49   15     0    614 
  49   16     0    782 
  49   17     0    675 
  49   18     0    534 
  49   19     0    209 
  49   20     0    589 
  49   21     0    399 
  49   22     0    700 
  49   23     0    338 
  49   24     0    576 
  49   25     0    301 
  49   26     0    463 
  49   27     0    597 
  49   28     0    746 
  49   29     0    620 
  49   30     0    408 
  49   31     0    739 
  49   32     0    696 
  49   33     0    400 
  49   34     0    463 
  49   35     0    765 
  49   36     0    204 
  49   37     0    303 
  49   38     0    488 
  49   39     0    533 
  49   40     0    483 
  49   41     0    503 
  49   42     0    458 
  49   43     0    758 
  49   44     0    406 
  49   45     0    570 
  49   46     0    506 
  49   47     0    537 
  49   48     0    580 
  49   49     0    271 
