 50
 50

   18
   20
    6
   11
    7
   20
   13
   18
    6
   18
   10
    8
   18
    7
    4
    6
    4
    1
    1
    4
   20
   14
    2
    6
   19
   14
   12
   20
    3
   20
   20
    2
    3
   11
   17
    2
   14
   16
    2
   14
   20
    7
    4
    4
   20
    9
   19
    7
   15
    1

    9
    4
   17
   15
    5
   19
    8
    9
    2
   20
    2
   18
   17
   14
    6
   14
   18
   15
   10
   11
    9
   18
   14
   13
    8
    1
   12
    5
    1
   19
   17
   16
   11
    3
   18
   12
   11
   15
    2
    6
    1
    4
    6
   13
    2
   18
    5
   12
   17
   15

   0    0     0    737 
   0    1     0    575 
   0    2     0    414 
   0    3     0    485 
   0    4     0    465 
   0    5     0    706 
   0    6     0    518 
   0    7     0    500 
   0    8     0    338 
   0    9     0    502 
   0   10     0    209 
   0   11     0    418 
   0   12     0    298 
   0   13     0    720 
   0   14     0    293 
   0   15     0    433 
   0   16     0    350 
   0   17     0    653 
   0   18     0    644 
   0   19     0    225 
   0   20     0    264 
   0   21     0    720 
   0   22     0    765 
   0   23     0    341 
   0   24     0    708 
   0   25     0    690 
   0   26     0    349 
   0   27     0    746 
   0   28     0    793 
   0   29     0    345 
   0   30     0    800 
   0   31     0    403 
   0   32     0    313 
   0   33     0    311 
   0   34     0    202 
   0   35     0    556 
   0   36     0    662 
   0   37     0    706 
   0   38     0    389 
   0   39     0    365 
   0   40     0    548 
   0   41     0    646 
   0   42     0    755 
   0   43     0    230 
   0   44     0    559 
   0   45     0    415 
   0   46     0    626 
   0   47     0    424 
   0   48     0    634 
   0   49     0    549 
   1    0     0    766 
   1    1     0    538 
   1    2     0    243 
   1    3     0    396 
   1    4     0    308 
   1    5     0    292 
   1    6     0    301 
   1    7     0    374 
   1    8     0    437 
   1    9     0    502 
   1   10     0    396 
   1   11     0    284 
   1   12     0    290 
   1   13     0    449 
   1   14     0    408 
   1   15     0    214 
   1   16     0    614 
   1   17     0    413 
   1   18     0    737 
   1   19     0    275 
   1   20     0    359 
   1   21     0    682 
   1   22     0    532 
   1   23     0    431 
   1   24     0    684 
   1   25     0    321 
   1   26     0    762 
   1   27     0    363 
   1   28     0    388 
   1   29     0    534 
   1   30     0    799 
   1   31     0    529 
   1   32     0    554 
   1   33     0    395 
   1   34     0    613 
   1   35     0    424 
   1   36     0    648 
   1   37     0    603 
   1   38     0    587 
   1   39     0    747 
   1   40     0    412 
   1   41     0    399 
   1   42     0    426 
   1   43     0    400 
   1   44     0    256 
   1   45     0    652 
   1   46     0    634 
   1   47     0    626 
   1   48     0    459 
   1   49     0    429 
   2    0     0    347 
   2    1     0    565 
   2    2     0    295 
   2    3     0    368 
   2    4     0    624 
   2    5     0    383 
   2    6     0    307 
   2    7     0    735 
   2    8     0    571 
   2    9     0    434 
   2   10     0    551 
   2   11     0    316 
   2   12     0    529 
   2   13     0    225 
   2   14     0    396 
   2   15     0    496 
   2   16     0    225 
   2   17     0    685 
   2   18     0    295 
   2   19     0    639 
   2   20     0    300 
   2   21     0    242 
   2   22     0    548 
   2   23     0    368 
   2   24     0    786 
   2   25     0    420 
   2   26     0    783 
   2   27     0    225 
   2   28     0    691 
   2   29     0    390 
   2   30     0    791 
   2   31     0    430 
   2   32     0    542 
   2   33     0    529 
   2   34     0    405 
   2   35     0    698 
   2   36     0    385 
   2   37     0    762 
   2   38     0    404 
   2   39     0    428 
   2   40     0    759 
   2   41     0    727 
   2   42     0    622 
   2   43     0    763 
   2   44     0    774 
   2   45     0    775 
   2   46     0    236 
   2   47     0    477 
   2   48     0    265 
   2   49     0    717 
   3    0     0    525 
   3    1     0    293 
   3    2     0    665 
   3    3     0    368 
   3    4     0    301 
   3    5     0    502 
   3    6     0    453 
   3    7     0    530 
   3    8     0    461 
   3    9     0    793 
   3   10     0    373 
   3   11     0    562 
   3   12     0    756 
   3   13     0    433 
   3   14     0    240 
   3   15     0    520 
   3   16     0    293 
   3   17     0    520 
   3   18     0    328 
   3   19     0    694 
   3   20     0    708 
   3   21     0    580 
   3   22     0    281 
   3   23     0    340 
   3   24     0    682 
   3   25     0    759 
   3   26     0    742 
   3   27     0    644 
   3   28     0    800 
   3   29     0    369 
   3   30     0    364 
   3   31     0    202 
   3   32     0    498 
   3   33     0    347 
   3   34     0    308 
   3   35     0    561 
   3   36     0    568 
   3   37     0    690 
   3   38     0    425 
   3   39     0    514 
   3   40     0    312 
   3   41     0    301 
   3   42     0    737 
   3   43     0    358 
   3   44     0    228 
   3   45     0    252 
   3   46     0    386 
   3   47     0    205 
   3   48     0    790 
   3   49     0    780 
   4    0     0    743 
   4    1     0    237 
   4    2     0    505 
   4    3     0    390 
   4    4     0    377 
   4    5     0    376 
   4    6     0    549 
   4    7     0    367 
   4    8     0    648 
   4    9     0    796 
   4   10     0    224 
   4   11     0    365 
   4   12     0    373 
   4   13     0    253 
   4   14     0    573 
   4   15     0    392 
   4   16     0    606 
   4   17     0    589 
   4   18     0    255 
   4   19     0    330 
   4   20     0    405 
   4   21     0    360 
   4   22     0    727 
   4   23     0    592 
   4   24     0    551 
   4   25     0    324 
   4   26     0    467 
   4   27     0    406 
   4   28     0    339 
   4   29     0    627 
   4   30     0    608 
   4   31     0    545 
   4   32     0    546 
   4   33     0    698 
   4   34     0    727 
   4   35     0    708 
   4   36     0    756 
   4   37     0    593 
   4   38     0    326 
   4   39     0    205 
   4   40     0    795 
   4   41     0    385 
   4   42     0    773 
   4   43     0    741 
   4   44     0    391 
   4   45     0    668 
   4   46     0    245 
   4   47     0    229 
   4   48     0    366 
   4   49     0    602 
   5    0     0    543 
   5    1     0    471 
   5    2     0    684 
   5    3     0    570 
   5    4     0    633 
   5    5     0    482 
   5    6     0    740 
   5    7     0    392 
   5    8     0    771 
   5    9     0    354 
   5   10     0    622 
   5   11     0    339 
   5   12     0    600 
   5   13     0    690 
   5   14     0    780 
   5   15     0    734 
   5   16     0    711 
   5   17     0    664 
   5   18     0    747 
   5   19     0    693 
   5   20     0    455 
   5   21     0    582 
   5   22     0    375 
   5   23     0    465 
   5   24     0    605 
   5   25     0    735 
   5   26     0    735 
   5   27     0    531 
   5   28     0    212 
   5   29     0    580 
   5   30     0    232 
   5   31     0    770 
   5   32     0    674 
   5   33     0    781 
   5   34     0    258 
   5   35     0    591 
   5   36     0    471 
   5   37     0    257 
   5   38     0    253 
   5   39     0    279 
   5   40     0    302 
   5   41     0    574 
   5   42     0    774 
   5   43     0    472 
   5   44     0    678 
   5   45     0    555 
   5   46     0    228 
   5   47     0    249 
   5   48     0    209 
   5   49     0    727 
   6    0     0    213 
   6    1     0    551 
   6    2     0    747 
   6    3     0    242 
   6    4     0    446 
   6    5     0    305 
   6    6     0    780 
   6    7     0    267 
   6    8     0    769 
   6    9     0    643 
   6   10     0    538 
   6   11     0    315 
   6   12     0    676 
   6   13     0    419 
   6   14     0    336 
   6   15     0    725 
   6   16     0    745 
   6   17     0    440 
   6   18     0    652 
   6   19     0    467 
   6   20     0    768 
   6   21     0    634 
   6   22     0    787 
   6   23     0    767 
   6   24     0    582 
   6   25     0    268 
   6   26     0    228 
   6   27     0    372 
   6   28     0    715 
   6   29     0    680 
   6   30     0    357 
   6   31     0    586 
   6   32     0    440 
   6   33     0    558 
   6   34     0    781 
   6   35     0    654 
   6   36     0    354 
   6   37     0    417 
   6   38     0    395 
   6   39     0    307 
   6   40     0    703 
   6   41     0    490 
   6   42     0    481 
   6   43     0    374 
   6   44     0    407 
   6   45     0    719 
   6   46     0    283 
   6   47     0    217 
   6   48     0    719 
   6   49     0    565 
   7    0     0    466 
   7    1     0    441 
   7    2     0    499 
   7    3     0    347 
   7    4     0    525 
   7    5     0    744 
   7    6     0    654 
   7    7     0    659 
   7    8     0    700 
   7    9     0    587 
   7   10     0    575 
   7   11     0    243 
   7   12     0    642 
   7   13     0    666 
   7   14     0    582 
   7   15     0    361 
   7   16     0    677 
   7   17     0    523 
   7   18     0    735 
   7   19     0    500 
   7   20     0    218 
   7   21     0    420 
   7   22     0    654 
   7   23     0    360 
   7   24     0    417 
   7   25     0    475 
   7   26     0    653 
   7   27     0    798 
   7   28     0    252 
   7   29     0    480 
   7   30     0    778 
   7   31     0    444 
   7   32     0    635 
   7   33     0    374 
   7   34     0    729 
   7   35     0    756 
   7   36     0    347 
   7   37     0    765 
   7   38     0    617 
   7   39     0    402 
   7   40     0    275 
   7   41     0    789 
   7   42     0    611 
   7   43     0    463 
   7   44     0    394 
   7   45     0    301 
   7   46     0    301 
   7   47     0    440 
   7   48     0    323 
   7   49     0    331 
   8    0     0    513 
   8    1     0    239 
   8    2     0    571 
   8    3     0    332 
   8    4     0    672 
   8    5     0    743 
   8    6     0    800 
   8    7     0    314 
   8    8     0    613 
   8    9     0    712 
   8   10     0    707 
   8   11     0    761 
   8   12     0    563 
   8   13     0    353 
   8   14     0    444 
   8   15     0    753 
   8   16     0    687 
   8   17     0    265 
   8   18     0    667 
   8   19     0    283 
   8   20     0    684 
   8   21     0    515 
   8   22     0    427 
   8   23     0    781 
   8   24     0    539 
   8   25     0    532 
   8   26     0    640 
   8   27     0    735 
   8   28     0    709 
   8   29     0    270 
   8   30     0    778 
   8   31     0    231 
   8   32     0    793 
   8   33     0    309 
   8   34     0    442 
   8   35     0    454 
   8   36     0    481 
   8   37     0    497 
   8   38     0    255 
   8   39     0    767 
   8   40     0    782 
   8   41     0    278 
   8   42     0    494 
   8   43     0    411 
   8   44     0    537 
   8   45     0    459 
   8   46     0    378 
   8   47     0    502 
   8   48     0    348 
   8   49     0    614 
   9    0     0    537 
   9    1     0    378 
   9    2     0    661 
   9    3     0    417 
   9    4     0    561 
   9    5     0    370 
   9    6     0    713 
   9    7     0    287 
   9    8     0    732 
   9    9     0    372 
   9   10     0    418 
   9   11     0    419 
   9   12     0    438 
   9   13     0    664 
   9   14     0    650 
   9   15     0    224 
   9   16     0    462 
   9   17     0    444 
   9   18     0    310 
   9   19     0    201 
   9   20     0    433 
   9   21     0    547 
   9   22     0    541 
   9   23     0    269 
   9   24     0    386 
   9   25     0    750 
   9   26     0    209 
   9   27     0    212 
   9   28     0    605 
   9   29     0    642 
   9   30     0    636 
   9   31     0    582 
   9   32     0    680 
   9   33     0    775 
   9   34     0    288 
   9   35     0    643 
   9   36     0    657 
   9   37     0    519 
   9   38     0    402 
   9   39     0    524 
   9   40     0    204 
   9   41     0    387 
   9   42     0    719 
   9   43     0    738 
   9   44     0    671 
   9   45     0    222 
   9   46     0    770 
   9   47     0    745 
   9   48     0    558 
   9   49     0    669 
  10    0     0    322 
  10    1     0    344 
  10    2     0    295 
  10    3     0    775 
  10    4     0    220 
  10    5     0    274 
  10    6     0    453 
  10    7     0    774 
  10    8     0    221 
  10    9     0    779 
  10   10     0    433 
  10   11     0    656 
  10   12     0    763 
  10   13     0    482 
  10   14     0    771 
  10   15     0    395 
  10   16     0    752 
  10   17     0    697 
  10   18     0    746 
  10   19     0    680 
  10   20     0    769 
  10   21     0    568 
  10   22     0    233 
  10   23     0    631 
  10   24     0    406 
  10   25     0    678 
  10   26     0    496 
  10   27     0    482 
  10   28     0    407 
  10   29     0    272 
  10   30     0    757 
  10   31     0    404 
  10   32     0    300 
  10   33     0    391 
  10   34     0    602 
  10   35     0    409 
  10   36     0    584 
  10   37     0    239 
  10   38     0    605 
  10   39     0    505 
  10   40     0    234 
  10   41     0    526 
  10   42     0    366 
  10   43     0    319 
  10   44     0    633 
  10   45     0    722 
  10   46     0    670 
  10   47     0    697 
  10   48     0    770 
  10   49     0    629 
  11    0     0    543 
  11    1     0    570 
  11    2     0    634 
  11    3     0    386 
  11    4     0    665 
  11    5     0    722 
  11    6     0    634 
  11    7     0    208 
  11    8     0    418 
  11    9     0    280 
  11   10     0    399 
  11   11     0    257 
  11   12     0    407 
  11   13     0    578 
  11   14     0    613 
  11   15     0    605 
  11   16     0    623 
  11   17     0    528 
  11   18     0    341 
  11   19     0    498 
  11   20     0    620 
  11   21     0    727 
  11   22     0    471 
  11   23     0    394 
  11   24     0    622 
  11   25     0    248 
  11   26     0    525 
  11   27     0    502 
  11   28     0    675 
  11   29     0    246 
  11   30     0    509 
  11   31     0    318 
  11   32     0    676 
  11   33     0    775 
  11   34     0    424 
  11   35     0    621 
  11   36     0    295 
  11   37     0    727 
  11   38     0    666 
  11   39     0    383 
  11   40     0    366 
  11   41     0    551 
  11   42     0    783 
  11   43     0    390 
  11   44     0    472 
  11   45     0    421 
  11   46     0    308 
  11   47     0    252 
  11   48     0    256 
  11   49     0    335 
  12    0     0    408 
  12    1     0    771 
  12    2     0    430 
  12    3     0    792 
  12    4     0    458 
  12    5     0    638 
  12    6     0    213 
  12    7     0    751 
  12    8     0    495 
  12    9     0    318 
  12   10     0    327 
  12   11     0    433 
  12   12     0    354 
  12   13     0    503 
  12   14     0    281 
  12   15     0    342 
  12   16     0    630 
  12   17     0    413 
  12   18     0    794 
  12   19     0    563 
  12   20     0    607 
  12   21     0    343 
  12   22     0    240 
  12   23     0    661 
  12   24     0    459 
  12   25     0    433 
  12   26     0    298 
  12   27     0    507 
  12   28     0    797 
  12   29     0    285 
  12   30     0    281 
  12   31     0    213 
  12   32     0    274 
  12   33     0    563 
  12   34     0    412 
  12   35     0    213 
  12   36     0    570 
  12   37     0    799 
  12   38     0    583 
  12   39     0    598 
  12   40     0    717 
  12   41     0    373 
  12   42     0    263 
  12   43     0    380 
  12   44     0    310 
  12   45     0    291 
  12   46     0    611 
  12   47     0    703 
  12   48     0    629 
  12   49     0    206 
  13    0     0    381 
  13    1     0    518 
  13    2     0    500 
  13    3     0    631 
  13    4     0    619 
  13    5     0    274 
  13    6     0    505 
  13    7     0    767 
  13    8     0    297 
  13    9     0    285 
  13   10     0    732 
  13   11     0    369 
  13   12     0    304 
  13   13     0    263 
  13   14     0    721 
  13   15     0    311 
  13   16     0    233 
  13   17     0    417 
  13   18     0    227 
  13   19     0    619 
  13   20     0    766 
  13   21     0    629 
  13   22     0    511 
  13   23     0    623 
  13   24     0    646 
  13   25     0    548 
  13   26     0    657 
  13   27     0    480 
  13   28     0    225 
  13   29     0    262 
  13   30     0    517 
  13   31     0    771 
  13   32     0    748 
  13   33     0    724 
  13   34     0    345 
  13   35     0    789 
  13   36     0    512 
  13   37     0    547 
  13   38     0    628 
  13   39     0    325 
  13   40     0    698 
  13   41     0    257 
  13   42     0    762 
  13   43     0    660 
  13   44     0    556 
  13   45     0    800 
  13   46     0    217 
  13   47     0    210 
  13   48     0    292 
  13   49     0    535 
  14    0     0    586 
  14    1     0    355 
  14    2     0    425 
  14    3     0    776 
  14    4     0    203 
  14    5     0    498 
  14    6     0    335 
  14    7     0    567 
  14    8     0    663 
  14    9     0    266 
  14   10     0    685 
  14   11     0    696 
  14   12     0    427 
  14   13     0    496 
  14   14     0    713 
  14   15     0    253 
  14   16     0    337 
  14   17     0    560 
  14   18     0    208 
  14   19     0    445 
  14   20     0    284 
  14   21     0    518 
  14   22     0    736 
  14   23     0    775 
  14   24     0    608 
  14   25     0    597 
  14   26     0    638 
  14   27     0    627 
  14   28     0    299 
  14   29     0    783 
  14   30     0    568 
  14   31     0    434 
  14   32     0    304 
  14   33     0    438 
  14   34     0    422 
  14   35     0    321 
  14   36     0    210 
  14   37     0    357 
  14   38     0    403 
  14   39     0    539 
  14   40     0    476 
  14   41     0    248 
  14   42     0    573 
  14   43     0    655 
  14   44     0    320 
  14   45     0    241 
  14   46     0    788 
  14   47     0    658 
  14   48     0    314 
  14   49     0    490 
  15    0     0    254 
  15    1     0    481 
  15    2     0    509 
  15    3     0    342 
  15    4     0    689 
  15    5     0    756 
  15    6     0    212 
  15    7     0    449 
  15    8     0    777 
  15    9     0    331 
  15   10     0    789 
  15   11     0    223 
  15   12     0    593 
  15   13     0    406 
  15   14     0    690 
  15   15     0    299 
  15   16     0    415 
  15   17     0    327 
  15   18     0    696 
  15   19     0    289 
  15   20     0    619 
  15   21     0    654 
  15   22     0    431 
  15   23     0    338 
  15   24     0    271 
  15   25     0    229 
  15   26     0    795 
  15   27     0    337 
  15   28     0    441 
  15   29     0    652 
  15   30     0    365 
  15   31     0    695 
  15   32     0    621 
  15   33     0    780 
  15   34     0    651 
  15   35     0    408 
  15   36     0    388 
  15   37     0    481 
  15   38     0    362 
  15   39     0    345 
  15   40     0    336 
  15   41     0    476 
  15   42     0    425 
  15   43     0    346 
  15   44     0    658 
  15   45     0    563 
  15   46     0    323 
  15   47     0    769 
  15   48     0    401 
  15   49     0    636 
  16    0     0    454 
  16    1     0    771 
  16    2     0    305 
  16    3     0    659 
  16    4     0    541 
  16    5     0    622 
  16    6     0    476 
  16    7     0    745 
  16    8     0    765 
  16    9     0    504 
  16   10     0    469 
  16   11     0    547 
  16   12     0    510 
  16   13     0    320 
  16   14     0    417 
  16   15     0    272 
  16   16     0    409 
  16   17     0    426 
  16   18     0    736 
  16   19     0    628 
  16   20     0    552 
  16   21     0    615 
  16   22     0    741 
  16   23     0    378 
  16   24     0    700 
  16   25     0    345 
  16   26     0    290 
  16   27     0    527 
  16   28     0    350 
  16   29     0    479 
  16   30     0    347 
  16   31     0    439 
  16   32     0    745 
  16   33     0    491 
  16   34     0    740 
  16   35     0    385 
  16   36     0    722 
  16   37     0    499 
  16   38     0    390 
  16   39     0    735 
  16   40     0    436 
  16   41     0    560 
  16   42     0    361 
  16   43     0    503 
  16   44     0    701 
  16   45     0    487 
  16   46     0    523 
  16   47     0    242 
  16   48     0    488 
  16   49     0    781 
  17    0     0    386 
  17    1     0    210 
  17    2     0    521 
  17    3     0    328 
  17    4     0    464 
  17    5     0    533 
  17    6     0    791 
  17    7     0    635 
  17    8     0    403 
  17    9     0    655 
  17   10     0    418 
  17   11     0    351 
  17   12     0    588 
  17   13     0    424 
  17   14     0    800 
  17   15     0    586 
  17   16     0    329 
  17   17     0    715 
  17   18     0    251 
  17   19     0    430 
  17   20     0    732 
  17   21     0    255 
  17   22     0    362 
  17   23     0    654 
  17   24     0    365 
  17   25     0    761 
  17   26     0    510 
  17   27     0    399 
  17   28     0    331 
  17   29     0    751 
  17   30     0    479 
  17   31     0    386 
  17   32     0    236 
  17   33     0    461 
  17   34     0    570 
  17   35     0    791 
  17   36     0    379 
  17   37     0    213 
  17   38     0    567 
  17   39     0    787 
  17   40     0    289 
  17   41     0    527 
  17   42     0    651 
  17   43     0    617 
  17   44     0    200 
  17   45     0    628 
  17   46     0    259 
  17   47     0    461 
  17   48     0    400 
  17   49     0    236 
  18    0     0    398 
  18    1     0    216 
  18    2     0    414 
  18    3     0    486 
  18    4     0    328 
  18    5     0    665 
  18    6     0    252 
  18    7     0    211 
  18    8     0    357 
  18    9     0    720 
  18   10     0    486 
  18   11     0    639 
  18   12     0    351 
  18   13     0    600 
  18   14     0    478 
  18   15     0    640 
  18   16     0    305 
  18   17     0    558 
  18   18     0    757 
  18   19     0    446 
  18   20     0    275 
  18   21     0    701 
  18   22     0    542 
  18   23     0    719 
  18   24     0    249 
  18   25     0    485 
  18   26     0    401 
  18   27     0    782 
  18   28     0    622 
  18   29     0    453 
  18   30     0    582 
  18   31     0    361 
  18   32     0    334 
  18   33     0    748 
  18   34     0    780 
  18   35     0    527 
  18   36     0    467 
  18   37     0    543 
  18   38     0    606 
  18   39     0    568 
  18   40     0    595 
  18   41     0    427 
  18   42     0    375 
  18   43     0    212 
  18   44     0    451 
  18   45     0    449 
  18   46     0    543 
  18   47     0    711 
  18   48     0    782 
  18   49     0    450 
  19    0     0    377 
  19    1     0    778 
  19    2     0    277 
  19    3     0    662 
  19    4     0    766 
  19    5     0    480 
  19    6     0    433 
  19    7     0    275 
  19    8     0    344 
  19    9     0    281 
  19   10     0    479 
  19   11     0    657 
  19   12     0    712 
  19   13     0    236 
  19   14     0    596 
  19   15     0    684 
  19   16     0    477 
  19   17     0    315 
  19   18     0    402 
  19   19     0    569 
  19   20     0    622 
  19   21     0    366 
  19   22     0    309 
  19   23     0    245 
  19   24     0    351 
  19   25     0    358 
  19   26     0    326 
  19   27     0    495 
  19   28     0    621 
  19   29     0    776 
  19   30     0    557 
  19   31     0    287 
  19   32     0    763 
  19   33     0    652 
  19   34     0    371 
  19   35     0    374 
  19   36     0    402 
  19   37     0    631 
  19   38     0    265 
  19   39     0    799 
  19   40     0    354 
  19   41     0    588 
  19   42     0    624 
  19   43     0    294 
  19   44     0    441 
  19   45     0    607 
  19   46     0    791 
  19   47     0    716 
  19   48     0    530 
  19   49     0    656 
  20    0     0    761 
  20    1     0    781 
  20    2     0    278 
  20    3     0    650 
  20    4     0    633 
  20    5     0    496 
  20    6     0    453 
  20    7     0    713 
  20    8     0    502 
  20    9     0    426 
  20   10     0    766 
  20   11     0    760 
  20   12     0    578 
  20   13     0    401 
  20   14     0    691 
  20   15     0    458 
  20   16     0    473 
  20   17     0    497 
  20   18     0    251 
  20   19     0    327 
  20   20     0    206 
  20   21     0    663 
  20   22     0    469 
  20   23     0    429 
  20   24     0    426 
  20   25     0    749 
  20   26     0    203 
  20   27     0    262 
  20   28     0    750 
  20   29     0    795 
  20   30     0    239 
  20   31     0    271 
  20   32     0    433 
  20   33     0    661 
  20   34     0    621 
  20   35     0    486 
  20   36     0    515 
  20   37     0    788 
  20   38     0    718 
  20   39     0    607 
  20   40     0    367 
  20   41     0    630 
  20   42     0    589 
  20   43     0    696 
  20   44     0    785 
  20   45     0    701 
  20   46     0    478 
  20   47     0    800 
  20   48     0    273 
  20   49     0    220 
  21    0     0    380 
  21    1     0    374 
  21    2     0    701 
  21    3     0    478 
  21    4     0    751 
  21    5     0    337 
  21    6     0    520 
  21    7     0    760 
  21    8     0    299 
  21    9     0    504 
  21   10     0    549 
  21   11     0    209 
  21   12     0    651 
  21   13     0    209 
  21   14     0    512 
  21   15     0    333 
  21   16     0    424 
  21   17     0    564 
  21   18     0    643 
  21   19     0    619 
  21   20     0    631 
  21   21     0    236 
  21   22     0    625 
  21   23     0    282 
  21   24     0    456 
  21   25     0    438 
  21   26     0    762 
  21   27     0    719 
  21   28     0    780 
  21   29     0    798 
  21   30     0    440 
  21   31     0    606 
  21   32     0    410 
  21   33     0    772 
  21   34     0    300 
  21   35     0    454 
  21   36     0    659 
  21   37     0    772 
  21   38     0    741 
  21   39     0    595 
  21   40     0    272 
  21   41     0    342 
  21   42     0    796 
  21   43     0    514 
  21   44     0    434 
  21   45     0    612 
  21   46     0    640 
  21   47     0    569 
  21   48     0    759 
  21   49     0    534 
  22    0     0    747 
  22    1     0    286 
  22    2     0    538 
  22    3     0    375 
  22    4     0    245 
  22    5     0    434 
  22    6     0    600 
  22    7     0    292 
  22    8     0    628 
  22    9     0    452 
  22   10     0    393 
  22   11     0    698 
  22   12     0    531 
  22   13     0    645 
  22   14     0    430 
  22   15     0    740 
  22   16     0    489 
  22   17     0    377 
  22   18     0    565 
  22   19     0    682 
  22   20     0    414 
  22   21     0    283 
  22   22     0    447 
  22   23     0    435 
  22   24     0    206 
  22   25     0    459 
  22   26     0    711 
  22   27     0    370 
  22   28     0    290 
  22   29     0    382 
  22   30     0    733 
  22   31     0    389 
  22   32     0    779 
  22   33     0    602 
  22   34     0    238 
  22   35     0    236 
  22   36     0    397 
  22   37     0    690 
  22   38     0    210 
  22   39     0    357 
  22   40     0    750 
  22   41     0    723 
  22   42     0    599 
  22   43     0    780 
  22   44     0    795 
  22   45     0    286 
  22   46     0    373 
  22   47     0    526 
  22   48     0    311 
  22   49     0    545 
  23    0     0    579 
  23    1     0    512 
  23    2     0    444 
  23    3     0    467 
  23    4     0    362 
  23    5     0    352 
  23    6     0    483 
  23    7     0    538 
  23    8     0    748 
  23    9     0    785 
  23   10     0    799 
  23   11     0    657 
  23   12     0    498 
  23   13     0    628 
  23   14     0    622 
  23   15     0    437 
  23   16     0    412 
  23   17     0    555 
  23   18     0    229 
  23   19     0    386 
  23   20     0    429 
  23   21     0    556 
  23   22     0    511 
  23   23     0    439 
  23   24     0    216 
  23   25     0    622 
  23   26     0    367 
  23   27     0    437 
  23   28     0    350 
  23   29     0    509 
  23   30     0    518 
  23   31     0    570 
  23   32     0    754 
  23   33     0    344 
  23   34     0    595 
  23   35     0    403 
  23   36     0    679 
  23   37     0    681 
  23   38     0    207 
  23   39     0    476 
  23   40     0    777 
  23   41     0    705 
  23   42     0    276 
  23   43     0    206 
  23   44     0    417 
  23   45     0    625 
  23   46     0    434 
  23   47     0    719 
  23   48     0    541 
  23   49     0    499 
  24    0     0    752 
  24    1     0    702 
  24    2     0    782 
  24    3     0    345 
  24    4     0    717 
  24    5     0    487 
  24    6     0    521 
  24    7     0    435 
  24    8     0    564 
  24    9     0    507 
  24   10     0    603 
  24   11     0    291 
  24   12     0    594 
  24   13     0    525 
  24   14     0    623 
  24   15     0    238 
  24   16     0    776 
  24   17     0    508 
  24   18     0    357 
  24   19     0    635 
  24   20     0    634 
  24   21     0    229 
  24   22     0    400 
  24   23     0    735 
  24   24     0    527 
  24   25     0    579 
  24   26     0    349 
  24   27     0    757 
  24   28     0    252 
  24   29     0    406 
  24   30     0    755 
  24   31     0    422 
  24   32     0    377 
  24   33     0    201 
  24   34     0    320 
  24   35     0    206 
  24   36     0    645 
  24   37     0    490 
  24   38     0    698 
  24   39     0    381 
  24   40     0    359 
  24   41     0    290 
  24   42     0    667 
  24   43     0    760 
  24   44     0    582 
  24   45     0    712 
  24   46     0    290 
  24   47     0    261 
  24   48     0    305 
  24   49     0    727 
  25    0     0    369 
  25    1     0    736 
  25    2     0    523 
  25    3     0    552 
  25    4     0    733 
  25    5     0    597 
  25    6     0    441 
  25    7     0    389 
  25    8     0    365 
  25    9     0    384 
  25   10     0    675 
  25   11     0    515 
  25   12     0    557 
  25   13     0    365 
  25   14     0    324 
  25   15     0    440 
  25   16     0    679 
  25   17     0    702 
  25   18     0    394 
  25   19     0    246 
  25   20     0    502 
  25   21     0    576 
  25   22     0    335 
  25   23     0    225 
  25   24     0    518 
  25   25     0    585 
  25   26     0    433 
  25   27     0    402 
  25   28     0    772 
  25   29     0    407 
  25   30     0    732 
  25   31     0    705 
  25   32     0    299 
  25   33     0    753 
  25   34     0    397 
  25   35     0    599 
  25   36     0    539 
  25   37     0    538 
  25   38     0    487 
  25   39     0    697 
  25   40     0    376 
  25   41     0    439 
  25   42     0    744 
  25   43     0    691 
  25   44     0    675 
  25   45     0    610 
  25   46     0    358 
  25   47     0    357 
  25   48     0    648 
  25   49     0    782 
  26    0     0    568 
  26    1     0    328 
  26    2     0    344 
  26    3     0    226 
  26    4     0    589 
  26    5     0    482 
  26    6     0    290 
  26    7     0    299 
  26    8     0    656 
  26    9     0    272 
  26   10     0    392 
  26   11     0    357 
  26   12     0    693 
  26   13     0    446 
  26   14     0    541 
  26   15     0    252 
  26   16     0    709 
  26   17     0    299 
  26   18     0    358 
  26   19     0    498 
  26   20     0    336 
  26   21     0    207 
  26   22     0    735 
  26   23     0    503 
  26   24     0    610 
  26   25     0    236 
  26   26     0    349 
  26   27     0    244 
  26   28     0    363 
  26   29     0    420 
  26   30     0    656 
  26   31     0    367 
  26   32     0    558 
  26   33     0    649 
  26   34     0    629 
  26   35     0    318 
  26   36     0    338 
  26   37     0    698 
  26   38     0    295 
  26   39     0    305 
  26   40     0    782 
  26   41     0    626 
  26   42     0    506 
  26   43     0    378 
  26   44     0    690 
  26   45     0    285 
  26   46     0    388 
  26   47     0    450 
  26   48     0    307 
  26   49     0    410 
  27    0     0    724 
  27    1     0    712 
  27    2     0    638 
  27    3     0    355 
  27    4     0    775 
  27    5     0    552 
  27    6     0    381 
  27    7     0    743 
  27    8     0    616 
  27    9     0    682 
  27   10     0    256 
  27   11     0    570 
  27   12     0    716 
  27   13     0    714 
  27   14     0    520 
  27   15     0    382 
  27   16     0    247 
  27   17     0    590 
  27   18     0    720 
  27   19     0    244 
  27   20     0    375 
  27   21     0    780 
  27   22     0    273 
  27   23     0    423 
  27   24     0    661 
  27   25     0    684 
  27   26     0    715 
  27   27     0    341 
  27   28     0    543 
  27   29     0    241 
  27   30     0    738 
  27   31     0    349 
  27   32     0    423 
  27   33     0    734 
  27   34     0    588 
  27   35     0    559 
  27   36     0    584 
  27   37     0    410 
  27   38     0    703 
  27   39     0    657 
  27   40     0    451 
  27   41     0    366 
  27   42     0    703 
  27   43     0    478 
  27   44     0    708 
  27   45     0    527 
  27   46     0    625 
  27   47     0    414 
  27   48     0    516 
  27   49     0    760 
  28    0     0    272 
  28    1     0    334 
  28    2     0    266 
  28    3     0    570 
  28    4     0    639 
  28    5     0    630 
  28    6     0    405 
  28    7     0    582 
  28    8     0    247 
  28    9     0    750 
  28   10     0    638 
  28   11     0    486 
  28   12     0    428 
  28   13     0    359 
  28   14     0    614 
  28   15     0    731 
  28   16     0    415 
  28   17     0    227 
  28   18     0    408 
  28   19     0    299 
  28   20     0    323 
  28   21     0    458 
  28   22     0    288 
  28   23     0    356 
  28   24     0    314 
  28   25     0    745 
  28   26     0    640 
  28   27     0    680 
  28   28     0    609 
  28   29     0    347 
  28   30     0    688 
  28   31     0    524 
  28   32     0    285 
  28   33     0    427 
  28   34     0    720 
  28   35     0    722 
  28   36     0    295 
  28   37     0    321 
  28   38     0    512 
  28   39     0    534 
  28   40     0    346 
  28   41     0    490 
  28   42     0    797 
  28   43     0    641 
  28   44     0    765 
  28   45     0    573 
  28   46     0    394 
  28   47     0    216 
  28   48     0    409 
  28   49     0    382 
  29    0     0    357 
  29    1     0    602 
  29    2     0    350 
  29    3     0    509 
  29    4     0    613 
  29    5     0    227 
  29    6     0    792 
  29    7     0    527 
  29    8     0    387 
  29    9     0    409 
  29   10     0    770 
  29   11     0    530 
  29   12     0    276 
  29   13     0    731 
  29   14     0    652 
  29   15     0    651 
  29   16     0    580 
  29   17     0    590 
  29   18     0    332 
  29   19     0    264 
  29   20     0    551 
  29   21     0    406 
  29   22     0    357 
  29   23     0    413 
  29   24     0    674 
  29   25     0    293 
  29   26     0    353 
  29   27     0    724 
  29   28     0    343 
  29   29     0    513 
  29   30     0    664 
  29   31     0    545 
  29   32     0    699 
  29   33     0    270 
  29   34     0    628 
  29   35     0    490 
  29   36     0    707 
  29   37     0    396 
  29   38     0    328 
  29   39     0    570 
  29   40     0    610 
  29   41     0    573 
  29   42     0    763 
  29   43     0    366 
  29   44     0    330 
  29   45     0    435 
  29   46     0    727 
  29   47     0    263 
  29   48     0    649 
  29   49     0    578 
  30    0     0    543 
  30    1     0    222 
  30    2     0    433 
  30    3     0    589 
  30    4     0    604 
  30    5     0    500 
  30    6     0    677 
  30    7     0    660 
  30    8     0    762 
  30    9     0    716 
  30   10     0    468 
  30   11     0    782 
  30   12     0    422 
  30   13     0    311 
  30   14     0    339 
  30   15     0    532 
  30   16     0    617 
  30   17     0    538 
  30   18     0    453 
  30   19     0    369 
  30   20     0    779 
  30   21     0    692 
  30   22     0    605 
  30   23     0    340 
  30   24     0    437 
  30   25     0    317 
  30   26     0    726 
  30   27     0    730 
  30   28     0    293 
  30   29     0    657 
  30   30     0    368 
  30   31     0    283 
  30   32     0    371 
  30   33     0    450 
  30   34     0    323 
  30   35     0    280 
  30   36     0    613 
  30   37     0    490 
  30   38     0    511 
  30   39     0    372 
  30   40     0    775 
  30   41     0    398 
  30   42     0    773 
  30   43     0    762 
  30   44     0    245 
  30   45     0    493 
  30   46     0    484 
  30   47     0    584 
  30   48     0    627 
  30   49     0    448 
  31    0     0    670 
  31    1     0    521 
  31    2     0    228 
  31    3     0    523 
  31    4     0    741 
  31    5     0    785 
  31    6     0    203 
  31    7     0    449 
  31    8     0    709 
  31    9     0    601 
  31   10     0    662 
  31   11     0    604 
  31   12     0    275 
  31   13     0    355 
  31   14     0    391 
  31   15     0    513 
  31   16     0    441 
  31   17     0    743 
  31   18     0    575 
  31   19     0    737 
  31   20     0    292 
  31   21     0    264 
  31   22     0    284 
  31   23     0    363 
  31   24     0    686 
  31   25     0    771 
  31   26     0    469 
  31   27     0    774 
  31   28     0    662 
  31   29     0    385 
  31   30     0    298 
  31   31     0    733 
  31   32     0    662 
  31   33     0    604 
  31   34     0    685 
  31   35     0    310 
  31   36     0    312 
  31   37     0    433 
  31   38     0    403 
  31   39     0    738 
  31   40     0    463 
  31   41     0    786 
  31   42     0    282 
  31   43     0    696 
  31   44     0    722 
  31   45     0    349 
  31   46     0    799 
  31   47     0    752 
  31   48     0    403 
  31   49     0    792 
  32    0     0    482 
  32    1     0    782 
  32    2     0    349 
  32    3     0    728 
  32    4     0    371 
  32    5     0    234 
  32    6     0    234 
  32    7     0    480 
  32    8     0    292 
  32    9     0    277 
  32   10     0    586 
  32   11     0    316 
  32   12     0    720 
  32   13     0    673 
  32   14     0    645 
  32   15     0    321 
  32   16     0    412 
  32   17     0    347 
  32   18     0    623 
  32   19     0    607 
  32   20     0    685 
  32   21     0    737 
  32   22     0    774 
  32   23     0    228 
  32   24     0    357 
  32   25     0    367 
  32   26     0    440 
  32   27     0    532 
  32   28     0    547 
  32   29     0    534 
  32   30     0    738 
  32   31     0    447 
  32   32     0    704 
  32   33     0    206 
  32   34     0    507 
  32   35     0    751 
  32   36     0    219 
  32   37     0    432 
  32   38     0    356 
  32   39     0    766 
  32   40     0    232 
  32   41     0    290 
  32   42     0    410 
  32   43     0    528 
  32   44     0    773 
  32   45     0    610 
  32   46     0    231 
  32   47     0    558 
  32   48     0    685 
  32   49     0    682 
  33    0     0    419 
  33    1     0    388 
  33    2     0    371 
  33    3     0    511 
  33    4     0    332 
  33    5     0    799 
  33    6     0    376 
  33    7     0    638 
  33    8     0    431 
  33    9     0    704 
  33   10     0    611 
  33   11     0    288 
  33   12     0    770 
  33   13     0    570 
  33   14     0    473 
  33   15     0    414 
  33   16     0    515 
  33   17     0    345 
  33   18     0    434 
  33   19     0    354 
  33   20     0    502 
  33   21     0    343 
  33   22     0    267 
  33   23     0    311 
  33   24     0    757 
  33   25     0    472 
  33   26     0    523 
  33   27     0    773 
  33   28     0    289 
  33   29     0    689 
  33   30     0    521 
  33   31     0    207 
  33   32     0    372 
  33   33     0    430 
  33   34     0    490 
  33   35     0    614 
  33   36     0    546 
  33   37     0    770 
  33   38     0    206 
  33   39     0    744 
  33   40     0    652 
  33   41     0    489 
  33   42     0    385 
  33   43     0    671 
  33   44     0    452 
  33   45     0    512 
  33   46     0    338 
  33   47     0    474 
  33   48     0    539 
  33   49     0    572 
  34    0     0    694 
  34    1     0    510 
  34    2     0    433 
  34    3     0    333 
  34    4     0    780 
  34    5     0    514 
  34    6     0    314 
  34    7     0    257 
  34    8     0    234 
  34    9     0    731 
  34   10     0    453 
  34   11     0    329 
  34   12     0    487 
  34   13     0    573 
  34   14     0    451 
  34   15     0    634 
  34   16     0    229 
  34   17     0    598 
  34   18     0    418 
  34   19     0    797 
  34   20     0    432 
  34   21     0    251 
  34   22     0    586 
  34   23     0    534 
  34   24     0    449 
  34   25     0    711 
  34   26     0    619 
  34   27     0    490 
  34   28     0    625 
  34   29     0    704 
  34   30     0    322 
  34   31     0    458 
  34   32     0    270 
  34   33     0    410 
  34   34     0    509 
  34   35     0    296 
  34   36     0    415 
  34   37     0    513 
  34   38     0    330 
  34   39     0    440 
  34   40     0    725 
  34   41     0    514 
  34   42     0    385 
  34   43     0    299 
  34   44     0    641 
  34   45     0    733 
  34   46     0    492 
  34   47     0    749 
  34   48     0    484 
  34   49     0    533 
  35    0     0    464 
  35    1     0    257 
  35    2     0    788 
  35    3     0    626 
  35    4     0    239 
  35    5     0    706 
  35    6     0    638 
  35    7     0    265 
  35    8     0    645 
  35    9     0    701 
  35   10     0    235 
  35   11     0    548 
  35   12     0    654 
  35   13     0    423 
  35   14     0    796 
  35   15     0    339 
  35   16     0    514 
  35   17     0    371 
  35   18     0    308 
  35   19     0    253 
  35   20     0    375 
  35   21     0    200 
  35   22     0    349 
  35   23     0    353 
  35   24     0    632 
  35   25     0    773 
  35   26     0    555 
  35   27     0    652 
  35   28     0    745 
  35   29     0    293 
  35   30     0    309 
  35   31     0    346 
  35   32     0    337 
  35   33     0    365 
  35   34     0    208 
  35   35     0    322 
  35   36     0    605 
  35   37     0    696 
  35   38     0    799 
  35   39     0    252 
  35   40     0    501 
  35   41     0    694 
  35   42     0    246 
  35   43     0    724 
  35   44     0    700 
  35   45     0    653 
  35   46     0    545 
  35   47     0    209 
  35   48     0    516 
  35   49     0    388 
  36    0     0    484 
  36    1     0    354 
  36    2     0    231 
  36    3     0    339 
  36    4     0    367 
  36    5     0    681 
  36    6     0    304 
  36    7     0    386 
  36    8     0    439 
  36    9     0    286 
  36   10     0    757 
  36   11     0    437 
  36   12     0    779 
  36   13     0    507 
  36   14     0    261 
  36   15     0    743 
  36   16     0    695 
  36   17     0    291 
  36   18     0    513 
  36   19     0    302 
  36   20     0    370 
  36   21     0    304 
  36   22     0    473 
  36   23     0    624 
  36   24     0    656 
  36   25     0    791 
  36   26     0    671 
  36   27     0    270 
  36   28     0    678 
  36   29     0    707 
  36   30     0    638 
  36   31     0    731 
  36   32     0    457 
  36   33     0    562 
  36   34     0    408 
  36   35     0    568 
  36   36     0    512 
  36   37     0    326 
  36   38     0    544 
  36   39     0    760 
  36   40     0    306 
  36   41     0    287 
  36   42     0    226 
  36   43     0    370 
  36   44     0    787 
  36   45     0    719 
  36   46     0    200 
  36   47     0    447 
  36   48     0    477 
  36   49     0    591 
  37    0     0    665 
  37    1     0    348 
  37    2     0    526 
  37    3     0    565 
  37    4     0    527 
  37    5     0    571 
  37    6     0    605 
  37    7     0    642 
  37    8     0    644 
  37    9     0    334 
  37   10     0    564 
  37   11     0    317 
  37   12     0    656 
  37   13     0    563 
  37   14     0    406 
  37   15     0    668 
  37   16     0    683 
  37   17     0    446 
  37   18     0    424 
  37   19     0    724 
  37   20     0    486 
  37   21     0    800 
  37   22     0    574 
  37   23     0    699 
  37   24     0    210 
  37   25     0    618 
  37   26     0    700 
  37   27     0    650 
  37   28     0    402 
  37   29     0    547 
  37   30     0    507 
  37   31     0    459 
  37   32     0    800 
  37   33     0    303 
  37   34     0    599 
  37   35     0    441 
  37   36     0    398 
  37   37     0    619 
  37   38     0    243 
  37   39     0    211 
  37   40     0    540 
  37   41     0    210 
  37   42     0    627 
  37   43     0    729 
  37   44     0    401 
  37   45     0    510 
  37   46     0    625 
  37   47     0    534 
  37   48     0    700 
  37   49     0    214 
  38    0     0    589 
  38    1     0    794 
  38    2     0    409 
  38    3     0    256 
  38    4     0    520 
  38    5     0    462 
  38    6     0    719 
  38    7     0    589 
  38    8     0    792 
  38    9     0    432 
  38   10     0    539 
  38   11     0    629 
  38   12     0    681 
  38   13     0    355 
  38   14     0    784 
  38   15     0    348 
  38   16     0    716 
  38   17     0    768 
  38   18     0    362 
  38   19     0    522 
  38   20     0    695 
  38   21     0    419 
  38   22     0    485 
  38   23     0    288 
  38   24     0    391 
  38   25     0    229 
  38   26     0    301 
  38   27     0    295 
  38   28     0    558 
  38   29     0    353 
  38   30     0    547 
  38   31     0    565 
  38   32     0    225 
  38   33     0    254 
  38   34     0    330 
  38   35     0    371 
  38   36     0    714 
  38   37     0    648 
  38   38     0    429 
  38   39     0    740 
  38   40     0    669 
  38   41     0    684 
  38   42     0    281 
  38   43     0    232 
  38   44     0    331 
  38   45     0    492 
  38   46     0    324 
  38   47     0    458 
  38   48     0    388 
  38   49     0    750 
  39    0     0    462 
  39    1     0    609 
  39    2     0    774 
  39    3     0    375 
  39    4     0    395 
  39    5     0    207 
  39    6     0    773 
  39    7     0    306 
  39    8     0    785 
  39    9     0    763 
  39   10     0    365 
  39   11     0    649 
  39   12     0    493 
  39   13     0    523 
  39   14     0    574 
  39   15     0    229 
  39   16     0    578 
  39   17     0    563 
  39   18     0    300 
  39   19     0    543 
  39   20     0    260 
  39   21     0    464 
  39   22     0    786 
  39   23     0    451 
  39   24     0    524 
  39   25     0    651 
  39   26     0    393 
  39   27     0    243 
  39   28     0    223 
  39   29     0    456 
  39   30     0    522 
  39   31     0    424 
  39   32     0    400 
  39   33     0    562 
  39   34     0    268 
  39   35     0    799 
  39   36     0    708 
  39   37     0    261 
  39   38     0    248 
  39   39     0    222 
  39   40     0    473 
  39   41     0    390 
  39   42     0    270 
  39   43     0    215 
  39   44     0    334 
  39   45     0    398 
  39   46     0    746 
  39   47     0    526 
  39   48     0    592 
  39   49     0    778 
  40    0     0    630 
  40    1     0    449 
  40    2     0    429 
  40    3     0    437 
  40    4     0    614 
  40    5     0    438 
  40    6     0    675 
  40    7     0    495 
  40    8     0    405 
  40    9     0    224 
  40   10     0    212 
  40   11     0    302 
  40   12     0    470 
  40   13     0    285 
  40   14     0    241 
  40   15     0    645 
  40   16     0    262 
  40   17     0    601 
  40   18     0    501 
  40   19     0    646 
  40   20     0    513 
  40   21     0    355 
  40   22     0    758 
  40   23     0    296 
  40   24     0    273 
  40   25     0    576 
  40   26     0    362 
  40   27     0    347 
  40   28     0    359 
  40   29     0    265 
  40   30     0    696 
  40   31     0    393 
  40   32     0    427 
  40   33     0    628 
  40   34     0    676 
  40   35     0    295 
  40   36     0    500 
  40   37     0    693 
  40   38     0    425 
  40   39     0    701 
  40   40     0    570 
  40   41     0    467 
  40   42     0    518 
  40   43     0    327 
  40   44     0    716 
  40   45     0    743 
  40   46     0    308 
  40   47     0    495 
  40   48     0    436 
  40   49     0    277 
  41    0     0    781 
  41    1     0    727 
  41    2     0    798 
  41    3     0    393 
  41    4     0    258 
  41    5     0    350 
  41    6     0    492 
  41    7     0    640 
  41    8     0    709 
  41    9     0    638 
  41   10     0    741 
  41   11     0    232 
  41   12     0    640 
  41   13     0    225 
  41   14     0    278 
  41   15     0    580 
  41   16     0    298 
  41   17     0    673 
  41   18     0    671 
  41   19     0    523 
  41   20     0    692 
  41   21     0    411 
  41   22     0    578 
  41   23     0    791 
  41   24     0    577 
  41   25     0    446 
  41   26     0    794 
  41   27     0    318 
  41   28     0    664 
  41   29     0    335 
  41   30     0    511 
  41   31     0    341 
  41   32     0    650 
  41   33     0    291 
  41   34     0    578 
  41   35     0    776 
  41   36     0    675 
  41   37     0    740 
  41   38     0    505 
  41   39     0    507 
  41   40     0    750 
  41   41     0    786 
  41   42     0    514 
  41   43     0    263 
  41   44     0    799 
  41   45     0    470 
  41   46     0    604 
  41   47     0    369 
  41   48     0    288 
  41   49     0    537 
  42    0     0    711 
  42    1     0    349 
  42    2     0    302 
  42    3     0    521 
  42    4     0    497 
  42    5     0    455 
  42    6     0    327 
  42    7     0    348 
  42    8     0    766 
  42    9     0    398 
  42   10     0    481 
  42   11     0    334 
  42   12     0    349 
  42   13     0    774 
  42   14     0    563 
  42   15     0    489 
  42   16     0    461 
  42   17     0    392 
  42   18     0    677 
  42   19     0    693 
  42   20     0    268 
  42   21     0    372 
  42   22     0    666 
  42   23     0    674 
  42   24     0    584 
  42   25     0    342 
  42   26     0    344 
  42   27     0    676 
  42   28     0    657 
  42   29     0    757 
  42   30     0    254 
  42   31     0    766 
  42   32     0    452 
  42   33     0    479 
  42   34     0    796 
  42   35     0    703 
  42   36     0    772 
  42   37     0    252 
  42   38     0    458 
  42   39     0    768 
  42   40     0    605 
  42   41     0    793 
  42   42     0    418 
  42   43     0    332 
  42   44     0    737 
  42   45     0    403 
  42   46     0    532 
  42   47     0    465 
  42   48     0    364 
  42   49     0    397 
  43    0     0    445 
  43    1     0    615 
  43    2     0    743 
  43    3     0    424 
  43    4     0    742 
  43    5     0    377 
  43    6     0    615 
  43    7     0    367 
  43    8     0    534 
  43    9     0    710 
  43   10     0    696 
  43   11     0    437 
  43   12     0    610 
  43   13     0    260 
  43   14     0    261 
  43   15     0    223 
  43   16     0    397 
  43   17     0    295 
  43   18     0    477 
  43   19     0    705 
  43   20     0    586 
  43   21     0    435 
  43   22     0    555 
  43   23     0    600 
  43   24     0    270 
  43   25     0    484 
  43   26     0    203 
  43   27     0    786 
  43   28     0    409 
  43   29     0    361 
  43   30     0    789 
  43   31     0    342 
  43   32     0    788 
  43   33     0    292 
  43   34     0    262 
  43   35     0    372 
  43   36     0    269 
  43   37     0    337 
  43   38     0    492 
  43   39     0    437 
  43   40     0    275 
  43   41     0    677 
  43   42     0    494 
  43   43     0    571 
  43   44     0    700 
  43   45     0    769 
  43   46     0    695 
  43   47     0    291 
  43   48     0    695 
  43   49     0    418 
  44    0     0    236 
  44    1     0    632 
  44    2     0    538 
  44    3     0    359 
  44    4     0    768 
  44    5     0    319 
  44    6     0    433 
  44    7     0    558 
  44    8     0    628 
  44    9     0    551 
  44   10     0    254 
  44   11     0    481 
  44   12     0    316 
  44   13     0    294 
  44   14     0    422 
  44   15     0    662 
  44   16     0    253 
  44   17     0    206 
  44   18     0    468 
  44   19     0    533 
  44   20     0    659 
  44   21     0    538 
  44   22     0    563 
  44   23     0    636 
  44   24     0    435 
  44   25     0    512 
  44   26     0    306 
  44   27     0    521 
  44   28     0    500 
  44   29     0    393 
  44   30     0    509 
  44   31     0    655 
  44   32     0    738 
  44   33     0    671 
  44   34     0    268 
  44   35     0    689 
  44   36     0    439 
  44   37     0    624 
  44   38     0    700 
  44   39     0    329 
  44   40     0    378 
  44   41     0    457 
  44   42     0    518 
  44   43     0    349 
  44   44     0    488 
  44   45     0    207 
  44   46     0    438 
  44   47     0    267 
  44   48     0    405 
  44   49     0    584 
  45    0     0    628 
  45    1     0    477 
  45    2     0    580 
  45    3     0    570 
  45    4     0    301 
  45    5     0    363 
  45    6     0    473 
  45    7     0    625 
  45    8     0    624 
  45    9     0    599 
  45   10     0    726 
  45   11     0    727 
  45   12     0    252 
  45   13     0    567 
  45   14     0    697 
  45   15     0    276 
  45   16     0    486 
  45   17     0    274 
  45   18     0    500 
  45   19     0    615 
  45   20     0    284 
  45   21     0    752 
  45   22     0    600 
  45   23     0    706 
  45   24     0    368 
  45   25     0    775 
  45   26     0    405 
  45   27     0    209 
  45   28     0    490 
  45   29     0    291 
  45   30     0    522 
  45   31     0    723 
  45   32     0    503 
  45   33     0    393 
  45   34     0    223 
  45   35     0    320 
  45   36     0    794 
  45   37     0    476 
  45   38     0    285 
  45   39     0    691 
  45   40     0    572 
  45   41     0    705 
  45   42     0    271 
  45   43     0    777 
  45   44     0    567 
  45   45     0    297 
  45   46     0    694 
  45   47     0    225 
  45   48     0    281 
  45   49     0    450 
  46    0     0    300 
  46    1     0    765 
  46    2     0    205 
  46    3     0    616 
  46    4     0    442 
  46    5     0    659 
  46    6     0    618 
  46    7     0    640 
  46    8     0    248 
  46    9     0    369 
  46   10     0    489 
  46   11     0    694 
  46   12     0    759 
  46   13     0    482 
  46   14     0    606 
  46   15     0    325 
  46   16     0    750 
  46   17     0    351 
  46   18     0    394 
  46   19     0    683 
  46   20     0    264 
  46   21     0    222 
  46   22     0    742 
  46   23     0    649 
  46   24     0    367 
  46   25     0    255 
  46   26     0    376 
  46   27     0    226 
  46   28     0    485 
  46   29     0    661 
  46   30     0    385 
  46   31     0    547 
  46   32     0    351 
  46   33     0    262 
  46   34     0    616 
  46   35     0    521 
  46   36     0    343 
  46   37     0    319 
  46   38     0    720 
  46   39     0    398 
  46   40     0    473 
  46   41     0    616 
  46   42     0    401 
  46   43     0    528 
  46   44     0    501 
  46   45     0    653 
  46   46     0    689 
  46   47     0    455 
  46   48     0    505 
  46   49     0    276 
  47    0     0    715 
  47    1     0    643 
  47    2     0    553 
  47    3     0    601 
  47    4     0    361 
  47    5     0    351 
  47    6     0    665 
  47    7     0    249 
  47    8     0    371 
  47    9     0    452 
  47   10     0    518 
  47   11     0    309 
  47   12     0    799 
  47   13     0    682 
  47   14     0    495 
  47   15     0    297 
  47   16     0    412 
  47   17     0    416 
  47   18     0    489 
  47   19     0    335 
  47   20     0    308 
  47   21     0    351 
  47   22     0    265 
  47   23     0    506 
  47   24     0    473 
  47   25     0    315 
  47   26     0    368 
  47   27     0    296 
  47   28     0    398 
  47   29     0    472 
  47   30     0    488 
  47   31     0    746 
  47   32     0    708 
  47   33     0    596 
  47   34     0    525 
  47   35     0    254 
  47   36     0    357 
  47   37     0    497 
  47   38     0    746 
  47   39     0    245 
  47   40     0    644 
  47   41     0    716 
  47   42     0    441 
  47   43     0    366 
  47   44     0    476 
  47   45     0    428 
  47   46     0    481 
  47   47     0    433 
  47   48     0    686 
  47   49     0    231 
  48    0     0    586 
  48    1     0    512 
  48    2     0    345 
  48    3     0    335 
  48    4     0    520 
  48    5     0    370 
  48    6     0    666 
  48    7     0    210 
  48    8     0    788 
  48    9     0    605 
  48   10     0    425 
  48   11     0    774 
  48   12     0    454 
  48   13     0    236 
  48   14     0    520 
  48   15     0    449 
  48   16     0    215 
  48   17     0    652 
  48   18     0    583 
  48   19     0    361 
  48   20     0    470 
  48   21     0    531 
  48   22     0    423 
  48   23     0    419 
  48   24     0    280 
  48   25     0    247 
  48   26     0    641 
  48   27     0    724 
  48   28     0    306 
  48   29     0    745 
  48   30     0    671 
  48   31     0    475 
  48   32     0    400 
  48   33     0    672 
  48   34     0    516 
  48   35     0    583 
  48   36     0    603 
  48   37     0    426 
  48   38     0    363 
  48   39     0    380 
  48   40     0    470 
  48   41     0    414 
  48   42     0    384 
  48   43     0    408 
  48   44     0    352 
  48   45     0    738 
  48   46     0    326 
  48   47     0    711 
  48   48     0    637 
  48   49     0    623 
  49    0     0    760 
  49    1     0    534 
  49    2     0    485 
  49    3     0    681 
  49    4     0    449 
  49    5     0    774 
  49    6     0    412 
  49    7     0    295 
  49    8     0    270 
  49    9     0    526 
  49   10     0    526 
  49   11     0    284 
  49   12     0    253 
  49   13     0    693 
  49   14     0    389 
  49   15     0    421 
  49   16     0    580 
  49   17     0    550 
  49   18     0    674 
  49   19     0    520 
  49   20     0    437 
  49   21     0    652 
  49   22     0    335 
  49   23     0    718 
  49   24     0    415 
  49   25     0    331 
  49   26     0    379 
  49   27     0    789 
  49   28     0    297 
  49   29     0    620 
  49   30     0    779 
  49   31     0    210 
  49   32     0    476 
  49   33     0    563 
  49   34     0    489 
  49   35     0    785 
  49   36     0    549 
  49   37     0    226 
  49   38     0    728 
  49   39     0    641 
  49   40     0    296 
  49   41     0    677 
  49   42     0    689 
  49   43     0    757 
  49   44     0    491 
  49   45     0    751 
  49   46     0    528 
  49   47     0    611 
  49   48     0    528 
  49   49     0    741 
