 50
 50

   14
    3
    4
    9
    3
    8
    8
   13
    9
   19
   18
    6
    6
    6
   10
   11
   13
   14
   11
   20
    4
    7
   11
   10
   12
   19
    1
   12
   20
    5
   19
   10
   15
    5
   10
    2
    9
   15
    5
   10
   14
   20
   14
    8
    3
   20
   11
    3
    5
   14

    8
   15
   10
    8
   19
   14
   17
   19
   14
   15
    1
   13
   13
   14
    7
   17
   16
    2
    6
    9
    9
   16
   18
   17
    8
    6
    1
   18
    7
    1
   18
    9
    9
    3
   13
   16
    9
    5
    7
   14
    8
    2
   18
   12
    3
    6
    4
    2
   10
   12

   0    0     0    695 
   0    1     0    200 
   0    2     0    660 
   0    3     0    583 
   0    4     0    295 
   0    5     0    210 
   0    6     0    416 
   0    7     0    241 
   0    8     0    708 
   0    9     0    460 
   0   10     0    613 
   0   11     0    471 
   0   12     0    720 
   0   13     0    603 
   0   14     0    364 
   0   15     0    268 
   0   16     0    383 
   0   17     0    776 
   0   18     0    437 
   0   19     0    230 
   0   20     0    471 
   0   21     0    217 
   0   22     0    302 
   0   23     0    397 
   0   24     0    314 
   0   25     0    203 
   0   26     0    723 
   0   27     0    538 
   0   28     0    285 
   0   29     0    249 
   0   30     0    747 
   0   31     0    497 
   0   32     0    216 
   0   33     0    688 
   0   34     0    245 
   0   35     0    335 
   0   36     0    445 
   0   37     0    659 
   0   38     0    706 
   0   39     0    386 
   0   40     0    604 
   0   41     0    727 
   0   42     0    423 
   0   43     0    286 
   0   44     0    355 
   0   45     0    699 
   0   46     0    266 
   0   47     0    319 
   0   48     0    493 
   0   49     0    453 
   1    0     0    786 
   1    1     0    527 
   1    2     0    380 
   1    3     0    470 
   1    4     0    541 
   1    5     0    526 
   1    6     0    430 
   1    7     0    450 
   1    8     0    418 
   1    9     0    304 
   1   10     0    592 
   1   11     0    594 
   1   12     0    574 
   1   13     0    590 
   1   14     0    257 
   1   15     0    640 
   1   16     0    492 
   1   17     0    349 
   1   18     0    280 
   1   19     0    288 
   1   20     0    303 
   1   21     0    648 
   1   22     0    345 
   1   23     0    332 
   1   24     0    315 
   1   25     0    765 
   1   26     0    364 
   1   27     0    653 
   1   28     0    668 
   1   29     0    723 
   1   30     0    400 
   1   31     0    553 
   1   32     0    324 
   1   33     0    741 
   1   34     0    300 
   1   35     0    200 
   1   36     0    261 
   1   37     0    612 
   1   38     0    471 
   1   39     0    499 
   1   40     0    522 
   1   41     0    740 
   1   42     0    568 
   1   43     0    557 
   1   44     0    595 
   1   45     0    717 
   1   46     0    366 
   1   47     0    557 
   1   48     0    242 
   1   49     0    216 
   2    0     0    525 
   2    1     0    283 
   2    2     0    499 
   2    3     0    222 
   2    4     0    522 
   2    5     0    368 
   2    6     0    704 
   2    7     0    751 
   2    8     0    700 
   2    9     0    353 
   2   10     0    532 
   2   11     0    449 
   2   12     0    571 
   2   13     0    421 
   2   14     0    477 
   2   15     0    238 
   2   16     0    396 
   2   17     0    729 
   2   18     0    394 
   2   19     0    321 
   2   20     0    532 
   2   21     0    730 
   2   22     0    244 
   2   23     0    311 
   2   24     0    677 
   2   25     0    293 
   2   26     0    200 
   2   27     0    447 
   2   28     0    386 
   2   29     0    720 
   2   30     0    241 
   2   31     0    279 
   2   32     0    237 
   2   33     0    586 
   2   34     0    380 
   2   35     0    790 
   2   36     0    762 
   2   37     0    216 
   2   38     0    249 
   2   39     0    446 
   2   40     0    566 
   2   41     0    483 
   2   42     0    510 
   2   43     0    293 
   2   44     0    509 
   2   45     0    668 
   2   46     0    626 
   2   47     0    656 
   2   48     0    393 
   2   49     0    308 
   3    0     0    560 
   3    1     0    261 
   3    2     0    686 
   3    3     0    386 
   3    4     0    381 
   3    5     0    640 
   3    6     0    633 
   3    7     0    752 
   3    8     0    442 
   3    9     0    575 
   3   10     0    397 
   3   11     0    636 
   3   12     0    334 
   3   13     0    725 
   3   14     0    384 
   3   15     0    472 
   3   16     0    699 
   3   17     0    395 
   3   18     0    670 
   3   19     0    496 
   3   20     0    341 
   3   21     0    493 
   3   22     0    474 
   3   23     0    797 
   3   24     0    256 
   3   25     0    423 
   3   26     0    613 
   3   27     0    246 
   3   28     0    220 
   3   29     0    756 
   3   30     0    728 
   3   31     0    438 
   3   32     0    580 
   3   33     0    436 
   3   34     0    672 
   3   35     0    340 
   3   36     0    255 
   3   37     0    503 
   3   38     0    547 
   3   39     0    755 
   3   40     0    488 
   3   41     0    694 
   3   42     0    487 
   3   43     0    424 
   3   44     0    411 
   3   45     0    720 
   3   46     0    555 
   3   47     0    639 
   3   48     0    630 
   3   49     0    400 
   4    0     0    433 
   4    1     0    481 
   4    2     0    353 
   4    3     0    201 
   4    4     0    446 
   4    5     0    669 
   4    6     0    250 
   4    7     0    484 
   4    8     0    317 
   4    9     0    521 
   4   10     0    531 
   4   11     0    395 
   4   12     0    429 
   4   13     0    410 
   4   14     0    474 
   4   15     0    588 
   4   16     0    209 
   4   17     0    617 
   4   18     0    751 
   4   19     0    657 
   4   20     0    378 
   4   21     0    229 
   4   22     0    277 
   4   23     0    708 
   4   24     0    408 
   4   25     0    632 
   4   26     0    747 
   4   27     0    500 
   4   28     0    764 
   4   29     0    514 
   4   30     0    440 
   4   31     0    675 
   4   32     0    476 
   4   33     0    396 
   4   34     0    276 
   4   35     0    550 
   4   36     0    351 
   4   37     0    609 
   4   38     0    519 
   4   39     0    666 
   4   40     0    579 
   4   41     0    283 
   4   42     0    785 
   4   43     0    762 
   4   44     0    779 
   4   45     0    391 
   4   46     0    750 
   4   47     0    430 
   4   48     0    483 
   4   49     0    442 
   5    0     0    708 
   5    1     0    501 
   5    2     0    480 
   5    3     0    551 
   5    4     0    264 
   5    5     0    259 
   5    6     0    464 
   5    7     0    410 
   5    8     0    719 
   5    9     0    429 
   5   10     0    241 
   5   11     0    373 
   5   12     0    307 
   5   13     0    230 
   5   14     0    655 
   5   15     0    529 
   5   16     0    773 
   5   17     0    585 
   5   18     0    456 
   5   19     0    744 
   5   20     0    744 
   5   21     0    583 
   5   22     0    477 
   5   23     0    216 
   5   24     0    249 
   5   25     0    222 
   5   26     0    478 
   5   27     0    766 
   5   28     0    631 
   5   29     0    614 
   5   30     0    254 
   5   31     0    590 
   5   32     0    755 
   5   33     0    503 
   5   34     0    456 
   5   35     0    340 
   5   36     0    504 
   5   37     0    763 
   5   38     0    339 
   5   39     0    433 
   5   40     0    376 
   5   41     0    451 
   5   42     0    448 
   5   43     0    740 
   5   44     0    269 
   5   45     0    733 
   5   46     0    438 
   5   47     0    685 
   5   48     0    407 
   5   49     0    680 
   6    0     0    274 
   6    1     0    247 
   6    2     0    439 
   6    3     0    502 
   6    4     0    299 
   6    5     0    467 
   6    6     0    642 
   6    7     0    587 
   6    8     0    738 
   6    9     0    365 
   6   10     0    426 
   6   11     0    276 
   6   12     0    353 
   6   13     0    782 
   6   14     0    448 
   6   15     0    658 
   6   16     0    594 
   6   17     0    526 
   6   18     0    338 
   6   19     0    655 
   6   20     0    609 
   6   21     0    633 
   6   22     0    726 
   6   23     0    353 
   6   24     0    260 
   6   25     0    213 
   6   26     0    595 
   6   27     0    588 
   6   28     0    789 
   6   29     0    730 
   6   30     0    243 
   6   31     0    792 
   6   32     0    317 
   6   33     0    341 
   6   34     0    575 
   6   35     0    346 
   6   36     0    598 
   6   37     0    356 
   6   38     0    431 
   6   39     0    245 
   6   40     0    504 
   6   41     0    329 
   6   42     0    331 
   6   43     0    666 
   6   44     0    360 
   6   45     0    459 
   6   46     0    245 
   6   47     0    282 
   6   48     0    452 
   6   49     0    508 
   7    0     0    510 
   7    1     0    487 
   7    2     0    288 
   7    3     0    662 
   7    4     0    390 
   7    5     0    417 
   7    6     0    780 
   7    7     0    697 
   7    8     0    236 
   7    9     0    313 
   7   10     0    273 
   7   11     0    649 
   7   12     0    475 
   7   13     0    718 
   7   14     0    631 
   7   15     0    380 
   7   16     0    781 
   7   17     0    666 
   7   18     0    676 
   7   19     0    209 
   7   20     0    535 
   7   21     0    429 
   7   22     0    348 
   7   23     0    268 
   7   24     0    459 
   7   25     0    368 
   7   26     0    488 
   7   27     0    379 
   7   28     0    334 
   7   29     0    280 
   7   30     0    564 
   7   31     0    768 
   7   32     0    449 
   7   33     0    207 
   7   34     0    484 
   7   35     0    578 
   7   36     0    464 
   7   37     0    452 
   7   38     0    530 
   7   39     0    398 
   7   40     0    462 
   7   41     0    451 
   7   42     0    671 
   7   43     0    487 
   7   44     0    713 
   7   45     0    464 
   7   46     0    769 
   7   47     0    223 
   7   48     0    600 
   7   49     0    521 
   8    0     0    730 
   8    1     0    443 
   8    2     0    398 
   8    3     0    726 
   8    4     0    632 
   8    5     0    587 
   8    6     0    206 
   8    7     0    655 
   8    8     0    248 
   8    9     0    793 
   8   10     0    403 
   8   11     0    279 
   8   12     0    420 
   8   13     0    570 
   8   14     0    413 
   8   15     0    703 
   8   16     0    797 
   8   17     0    553 
   8   18     0    572 
   8   19     0    736 
   8   20     0    256 
   8   21     0    744 
   8   22     0    286 
   8   23     0    601 
   8   24     0    480 
   8   25     0    643 
   8   26     0    665 
   8   27     0    424 
   8   28     0    736 
   8   29     0    292 
   8   30     0    350 
   8   31     0    798 
   8   32     0    623 
   8   33     0    647 
   8   34     0    738 
   8   35     0    617 
   8   36     0    658 
   8   37     0    763 
   8   38     0    372 
   8   39     0    707 
   8   40     0    360 
   8   41     0    523 
   8   42     0    441 
   8   43     0    634 
   8   44     0    509 
   8   45     0    605 
   8   46     0    234 
   8   47     0    430 
   8   48     0    437 
   8   49     0    800 
   9    0     0    410 
   9    1     0    786 
   9    2     0    215 
   9    3     0    723 
   9    4     0    779 
   9    5     0    413 
   9    6     0    552 
   9    7     0    770 
   9    8     0    344 
   9    9     0    599 
   9   10     0    644 
   9   11     0    625 
   9   12     0    578 
   9   13     0    264 
   9   14     0    483 
   9   15     0    478 
   9   16     0    200 
   9   17     0    599 
   9   18     0    487 
   9   19     0    781 
   9   20     0    729 
   9   21     0    332 
   9   22     0    634 
   9   23     0    573 
   9   24     0    509 
   9   25     0    653 
   9   26     0    569 
   9   27     0    262 
   9   28     0    516 
   9   29     0    585 
   9   30     0    763 
   9   31     0    441 
   9   32     0    289 
   9   33     0    331 
   9   34     0    508 
   9   35     0    743 
   9   36     0    468 
   9   37     0    739 
   9   38     0    201 
   9   39     0    556 
   9   40     0    432 
   9   41     0    232 
   9   42     0    402 
   9   43     0    623 
   9   44     0    513 
   9   45     0    405 
   9   46     0    731 
   9   47     0    305 
   9   48     0    791 
   9   49     0    463 
  10    0     0    237 
  10    1     0    270 
  10    2     0    390 
  10    3     0    224 
  10    4     0    230 
  10    5     0    232 
  10    6     0    398 
  10    7     0    427 
  10    8     0    419 
  10    9     0    411 
  10   10     0    605 
  10   11     0    563 
  10   12     0    629 
  10   13     0    783 
  10   14     0    281 
  10   15     0    686 
  10   16     0    750 
  10   17     0    256 
  10   18     0    512 
  10   19     0    652 
  10   20     0    524 
  10   21     0    668 
  10   22     0    744 
  10   23     0    550 
  10   24     0    681 
  10   25     0    793 
  10   26     0    476 
  10   27     0    638 
  10   28     0    222 
  10   29     0    278 
  10   30     0    358 
  10   31     0    414 
  10   32     0    477 
  10   33     0    597 
  10   34     0    442 
  10   35     0    784 
  10   36     0    352 
  10   37     0    683 
  10   38     0    257 
  10   39     0    775 
  10   40     0    327 
  10   41     0    623 
  10   42     0    335 
  10   43     0    354 
  10   44     0    412 
  10   45     0    502 
  10   46     0    525 
  10   47     0    400 
  10   48     0    345 
  10   49     0    424 
  11    0     0    414 
  11    1     0    398 
  11    2     0    508 
  11    3     0    401 
  11    4     0    247 
  11    5     0    791 
  11    6     0    460 
  11    7     0    685 
  11    8     0    388 
  11    9     0    354 
  11   10     0    226 
  11   11     0    320 
  11   12     0    683 
  11   13     0    582 
  11   14     0    422 
  11   15     0    655 
  11   16     0    660 
  11   17     0    668 
  11   18     0    432 
  11   19     0    481 
  11   20     0    279 
  11   21     0    610 
  11   22     0    385 
  11   23     0    717 
  11   24     0    599 
  11   25     0    290 
  11   26     0    467 
  11   27     0    769 
  11   28     0    266 
  11   29     0    238 
  11   30     0    669 
  11   31     0    279 
  11   32     0    534 
  11   33     0    562 
  11   34     0    293 
  11   35     0    576 
  11   36     0    674 
  11   37     0    402 
  11   38     0    315 
  11   39     0    387 
  11   40     0    368 
  11   41     0    484 
  11   42     0    758 
  11   43     0    733 
  11   44     0    325 
  11   45     0    306 
  11   46     0    570 
  11   47     0    476 
  11   48     0    418 
  11   49     0    589 
  12    0     0    744 
  12    1     0    676 
  12    2     0    414 
  12    3     0    775 
  12    4     0    792 
  12    5     0    760 
  12    6     0    432 
  12    7     0    672 
  12    8     0    472 
  12    9     0    441 
  12   10     0    619 
  12   11     0    522 
  12   12     0    484 
  12   13     0    563 
  12   14     0    201 
  12   15     0    237 
  12   16     0    571 
  12   17     0    666 
  12   18     0    479 
  12   19     0    760 
  12   20     0    670 
  12   21     0    519 
  12   22     0    740 
  12   23     0    440 
  12   24     0    298 
  12   25     0    731 
  12   26     0    554 
  12   27     0    285 
  12   28     0    668 
  12   29     0    624 
  12   30     0    207 
  12   31     0    684 
  12   32     0    311 
  12   33     0    289 
  12   34     0    629 
  12   35     0    492 
  12   36     0    396 
  12   37     0    723 
  12   38     0    242 
  12   39     0    654 
  12   40     0    427 
  12   41     0    556 
  12   42     0    370 
  12   43     0    550 
  12   44     0    206 
  12   45     0    460 
  12   46     0    724 
  12   47     0    633 
  12   48     0    526 
  12   49     0    472 
  13    0     0    568 
  13    1     0    422 
  13    2     0    283 
  13    3     0    430 
  13    4     0    510 
  13    5     0    577 
  13    6     0    626 
  13    7     0    770 
  13    8     0    620 
  13    9     0    510 
  13   10     0    574 
  13   11     0    392 
  13   12     0    402 
  13   13     0    202 
  13   14     0    592 
  13   15     0    236 
  13   16     0    361 
  13   17     0    340 
  13   18     0    529 
  13   19     0    224 
  13   20     0    351 
  13   21     0    559 
  13   22     0    570 
  13   23     0    725 
  13   24     0    696 
  13   25     0    379 
  13   26     0    334 
  13   27     0    577 
  13   28     0    635 
  13   29     0    526 
  13   30     0    548 
  13   31     0    507 
  13   32     0    713 
  13   33     0    473 
  13   34     0    399 
  13   35     0    608 
  13   36     0    374 
  13   37     0    329 
  13   38     0    464 
  13   39     0    533 
  13   40     0    391 
  13   41     0    502 
  13   42     0    251 
  13   43     0    239 
  13   44     0    668 
  13   45     0    533 
  13   46     0    254 
  13   47     0    632 
  13   48     0    608 
  13   49     0    738 
  14    0     0    284 
  14    1     0    644 
  14    2     0    343 
  14    3     0    451 
  14    4     0    229 
  14    5     0    674 
  14    6     0    783 
  14    7     0    220 
  14    8     0    327 
  14    9     0    280 
  14   10     0    754 
  14   11     0    547 
  14   12     0    326 
  14   13     0    751 
  14   14     0    390 
  14   15     0    380 
  14   16     0    308 
  14   17     0    583 
  14   18     0    371 
  14   19     0    360 
  14   20     0    349 
  14   21     0    366 
  14   22     0    408 
  14   23     0    561 
  14   24     0    715 
  14   25     0    214 
  14   26     0    580 
  14   27     0    320 
  14   28     0    662 
  14   29     0    430 
  14   30     0    579 
  14   31     0    200 
  14   32     0    324 
  14   33     0    239 
  14   34     0    655 
  14   35     0    678 
  14   36     0    488 
  14   37     0    483 
  14   38     0    695 
  14   39     0    439 
  14   40     0    326 
  14   41     0    355 
  14   42     0    590 
  14   43     0    724 
  14   44     0    782 
  14   45     0    383 
  14   46     0    375 
  14   47     0    678 
  14   48     0    611 
  14   49     0    708 
  15    0     0    370 
  15    1     0    416 
  15    2     0    423 
  15    3     0    392 
  15    4     0    625 
  15    5     0    231 
  15    6     0    401 
  15    7     0    611 
  15    8     0    492 
  15    9     0    348 
  15   10     0    468 
  15   11     0    528 
  15   12     0    760 
  15   13     0    369 
  15   14     0    299 
  15   15     0    569 
  15   16     0    670 
  15   17     0    725 
  15   18     0    635 
  15   19     0    319 
  15   20     0    307 
  15   21     0    669 
  15   22     0    637 
  15   23     0    320 
  15   24     0    765 
  15   25     0    481 
  15   26     0    388 
  15   27     0    477 
  15   28     0    259 
  15   29     0    544 
  15   30     0    240 
  15   31     0    666 
  15   32     0    496 
  15   33     0    295 
  15   34     0    266 
  15   35     0    250 
  15   36     0    784 
  15   37     0    722 
  15   38     0    228 
  15   39     0    800 
  15   40     0    669 
  15   41     0    511 
  15   42     0    652 
  15   43     0    656 
  15   44     0    762 
  15   45     0    642 
  15   46     0    229 
  15   47     0    671 
  15   48     0    286 
  15   49     0    362 
  16    0     0    797 
  16    1     0    468 
  16    2     0    713 
  16    3     0    697 
  16    4     0    758 
  16    5     0    515 
  16    6     0    586 
  16    7     0    786 
  16    8     0    572 
  16    9     0    652 
  16   10     0    278 
  16   11     0    221 
  16   12     0    645 
  16   13     0    702 
  16   14     0    447 
  16   15     0    366 
  16   16     0    607 
  16   17     0    217 
  16   18     0    640 
  16   19     0    400 
  16   20     0    679 
  16   21     0    629 
  16   22     0    375 
  16   23     0    703 
  16   24     0    426 
  16   25     0    351 
  16   26     0    558 
  16   27     0    624 
  16   28     0    586 
  16   29     0    428 
  16   30     0    203 
  16   31     0    271 
  16   32     0    478 
  16   33     0    648 
  16   34     0    647 
  16   35     0    781 
  16   36     0    325 
  16   37     0    350 
  16   38     0    766 
  16   39     0    457 
  16   40     0    363 
  16   41     0    358 
  16   42     0    739 
  16   43     0    711 
  16   44     0    689 
  16   45     0    366 
  16   46     0    696 
  16   47     0    739 
  16   48     0    613 
  16   49     0    398 
  17    0     0    624 
  17    1     0    500 
  17    2     0    542 
  17    3     0    505 
  17    4     0    253 
  17    5     0    241 
  17    6     0    415 
  17    7     0    440 
  17    8     0    762 
  17    9     0    307 
  17   10     0    744 
  17   11     0    599 
  17   12     0    721 
  17   13     0    274 
  17   14     0    365 
  17   15     0    699 
  17   16     0    690 
  17   17     0    705 
  17   18     0    570 
  17   19     0    344 
  17   20     0    413 
  17   21     0    484 
  17   22     0    547 
  17   23     0    597 
  17   24     0    764 
  17   25     0    766 
  17   26     0    288 
  17   27     0    658 
  17   28     0    742 
  17   29     0    289 
  17   30     0    373 
  17   31     0    361 
  17   32     0    293 
  17   33     0    322 
  17   34     0    229 
  17   35     0    485 
  17   36     0    283 
  17   37     0    530 
  17   38     0    361 
  17   39     0    636 
  17   40     0    233 
  17   41     0    523 
  17   42     0    506 
  17   43     0    620 
  17   44     0    511 
  17   45     0    447 
  17   46     0    521 
  17   47     0    231 
  17   48     0    606 
  17   49     0    462 
  18    0     0    486 
  18    1     0    348 
  18    2     0    613 
  18    3     0    624 
  18    4     0    685 
  18    5     0    372 
  18    6     0    748 
  18    7     0    208 
  18    8     0    330 
  18    9     0    392 
  18   10     0    572 
  18   11     0    637 
  18   12     0    528 
  18   13     0    652 
  18   14     0    737 
  18   15     0    786 
  18   16     0    577 
  18   17     0    215 
  18   18     0    593 
  18   19     0    596 
  18   20     0    560 
  18   21     0    405 
  18   22     0    589 
  18   23     0    685 
  18   24     0    407 
  18   25     0    489 
  18   26     0    562 
  18   27     0    319 
  18   28     0    362 
  18   29     0    438 
  18   30     0    750 
  18   31     0    774 
  18   32     0    663 
  18   33     0    461 
  18   34     0    563 
  18   35     0    662 
  18   36     0    606 
  18   37     0    550 
  18   38     0    216 
  18   39     0    216 
  18   40     0    372 
  18   41     0    748 
  18   42     0    689 
  18   43     0    423 
  18   44     0    782 
  18   45     0    706 
  18   46     0    743 
  18   47     0    613 
  18   48     0    727 
  18   49     0    532 
  19    0     0    624 
  19    1     0    691 
  19    2     0    660 
  19    3     0    242 
  19    4     0    775 
  19    5     0    418 
  19    6     0    779 
  19    7     0    449 
  19    8     0    576 
  19    9     0    621 
  19   10     0    484 
  19   11     0    224 
  19   12     0    661 
  19   13     0    714 
  19   14     0    597 
  19   15     0    399 
  19   16     0    576 
  19   17     0    691 
  19   18     0    403 
  19   19     0    600 
  19   20     0    250 
  19   21     0    347 
  19   22     0    372 
  19   23     0    405 
  19   24     0    251 
  19   25     0    661 
  19   26     0    219 
  19   27     0    674 
  19   28     0    287 
  19   29     0    458 
  19   30     0    272 
  19   31     0    374 
  19   32     0    332 
  19   33     0    440 
  19   34     0    314 
  19   35     0    393 
  19   36     0    695 
  19   37     0    389 
  19   38     0    315 
  19   39     0    364 
  19   40     0    426 
  19   41     0    276 
  19   42     0    259 
  19   43     0    620 
  19   44     0    206 
  19   45     0    742 
  19   46     0    550 
  19   47     0    441 
  19   48     0    538 
  19   49     0    519 
  20    0     0    778 
  20    1     0    683 
  20    2     0    777 
  20    3     0    575 
  20    4     0    395 
  20    5     0    725 
  20    6     0    450 
  20    7     0    590 
  20    8     0    304 
  20    9     0    745 
  20   10     0    332 
  20   11     0    268 
  20   12     0    402 
  20   13     0    416 
  20   14     0    762 
  20   15     0    718 
  20   16     0    328 
  20   17     0    304 
  20   18     0    297 
  20   19     0    217 
  20   20     0    794 
  20   21     0    629 
  20   22     0    476 
  20   23     0    349 
  20   24     0    528 
  20   25     0    712 
  20   26     0    529 
  20   27     0    554 
  20   28     0    577 
  20   29     0    770 
  20   30     0    222 
  20   31     0    235 
  20   32     0    553 
  20   33     0    734 
  20   34     0    566 
  20   35     0    768 
  20   36     0    355 
  20   37     0    252 
  20   38     0    248 
  20   39     0    358 
  20   40     0    653 
  20   41     0    308 
  20   42     0    683 
  20   43     0    408 
  20   44     0    639 
  20   45     0    665 
  20   46     0    442 
  20   47     0    571 
  20   48     0    601 
  20   49     0    687 
  21    0     0    488 
  21    1     0    307 
  21    2     0    524 
  21    3     0    374 
  21    4     0    403 
  21    5     0    676 
  21    6     0    310 
  21    7     0    508 
  21    8     0    697 
  21    9     0    317 
  21   10     0    243 
  21   11     0    301 
  21   12     0    230 
  21   13     0    269 
  21   14     0    649 
  21   15     0    752 
  21   16     0    544 
  21   17     0    348 
  21   18     0    274 
  21   19     0    787 
  21   20     0    635 
  21   21     0    742 
  21   22     0    259 
  21   23     0    646 
  21   24     0    561 
  21   25     0    533 
  21   26     0    328 
  21   27     0    775 
  21   28     0    506 
  21   29     0    270 
  21   30     0    668 
  21   31     0    281 
  21   32     0    703 
  21   33     0    300 
  21   34     0    642 
  21   35     0    463 
  21   36     0    396 
  21   37     0    516 
  21   38     0    374 
  21   39     0    735 
  21   40     0    713 
  21   41     0    669 
  21   42     0    476 
  21   43     0    340 
  21   44     0    738 
  21   45     0    450 
  21   46     0    759 
  21   47     0    567 
  21   48     0    771 
  21   49     0    381 
  22    0     0    598 
  22    1     0    769 
  22    2     0    375 
  22    3     0    686 
  22    4     0    524 
  22    5     0    728 
  22    6     0    487 
  22    7     0    743 
  22    8     0    441 
  22    9     0    331 
  22   10     0    483 
  22   11     0    428 
  22   12     0    359 
  22   13     0    553 
  22   14     0    421 
  22   15     0    596 
  22   16     0    616 
  22   17     0    516 
  22   18     0    795 
  22   19     0    669 
  22   20     0    613 
  22   21     0    408 
  22   22     0    333 
  22   23     0    570 
  22   24     0    485 
  22   25     0    243 
  22   26     0    317 
  22   27     0    628 
  22   28     0    560 
  22   29     0    644 
  22   30     0    460 
  22   31     0    598 
  22   32     0    394 
  22   33     0    374 
  22   34     0    519 
  22   35     0    674 
  22   36     0    659 
  22   37     0    789 
  22   38     0    658 
  22   39     0    404 
  22   40     0    251 
  22   41     0    628 
  22   42     0    393 
  22   43     0    710 
  22   44     0    370 
  22   45     0    708 
  22   46     0    708 
  22   47     0    547 
  22   48     0    626 
  22   49     0    664 
  23    0     0    389 
  23    1     0    676 
  23    2     0    211 
  23    3     0    693 
  23    4     0    303 
  23    5     0    364 
  23    6     0    528 
  23    7     0    266 
  23    8     0    461 
  23    9     0    628 
  23   10     0    567 
  23   11     0    364 
  23   12     0    672 
  23   13     0    314 
  23   14     0    667 
  23   15     0    599 
  23   16     0    547 
  23   17     0    303 
  23   18     0    483 
  23   19     0    264 
  23   20     0    796 
  23   21     0    239 
  23   22     0    375 
  23   23     0    545 
  23   24     0    484 
  23   25     0    522 
  23   26     0    487 
  23   27     0    590 
  23   28     0    503 
  23   29     0    315 
  23   30     0    672 
  23   31     0    367 
  23   32     0    518 
  23   33     0    474 
  23   34     0    795 
  23   35     0    784 
  23   36     0    441 
  23   37     0    579 
  23   38     0    661 
  23   39     0    572 
  23   40     0    430 
  23   41     0    610 
  23   42     0    699 
  23   43     0    374 
  23   44     0    421 
  23   45     0    771 
  23   46     0    413 
  23   47     0    285 
  23   48     0    711 
  23   49     0    653 
  24    0     0    708 
  24    1     0    456 
  24    2     0    610 
  24    3     0    210 
  24    4     0    331 
  24    5     0    354 
  24    6     0    260 
  24    7     0    469 
  24    8     0    736 
  24    9     0    759 
  24   10     0    387 
  24   11     0    449 
  24   12     0    264 
  24   13     0    536 
  24   14     0    663 
  24   15     0    227 
  24   16     0    333 
  24   17     0    225 
  24   18     0    691 
  24   19     0    641 
  24   20     0    497 
  24   21     0    370 
  24   22     0    604 
  24   23     0    448 
  24   24     0    228 
  24   25     0    521 
  24   26     0    544 
  24   27     0    678 
  24   28     0    569 
  24   29     0    609 
  24   30     0    263 
  24   31     0    455 
  24   32     0    768 
  24   33     0    692 
  24   34     0    798 
  24   35     0    491 
  24   36     0    380 
  24   37     0    575 
  24   38     0    345 
  24   39     0    293 
  24   40     0    235 
  24   41     0    637 
  24   42     0    300 
  24   43     0    794 
  24   44     0    249 
  24   45     0    210 
  24   46     0    449 
  24   47     0    468 
  24   48     0    380 
  24   49     0    768 
  25    0     0    673 
  25    1     0    499 
  25    2     0    624 
  25    3     0    576 
  25    4     0    645 
  25    5     0    299 
  25    6     0    207 
  25    7     0    743 
  25    8     0    457 
  25    9     0    413 
  25   10     0    690 
  25   11     0    275 
  25   12     0    773 
  25   13     0    500 
  25   14     0    392 
  25   15     0    626 
  25   16     0    559 
  25   17     0    752 
  25   18     0    600 
  25   19     0    747 
  25   20     0    359 
  25   21     0    595 
  25   22     0    484 
  25   23     0    337 
  25   24     0    570 
  25   25     0    776 
  25   26     0    407 
  25   27     0    479 
  25   28     0    358 
  25   29     0    498 
  25   30     0    327 
  25   31     0    334 
  25   32     0    392 
  25   33     0    230 
  25   34     0    275 
  25   35     0    578 
  25   36     0    707 
  25   37     0    375 
  25   38     0    465 
  25   39     0    727 
  25   40     0    796 
  25   41     0    512 
  25   42     0    469 
  25   43     0    615 
  25   44     0    378 
  25   45     0    716 
  25   46     0    202 
  25   47     0    341 
  25   48     0    389 
  25   49     0    274 
  26    0     0    579 
  26    1     0    681 
  26    2     0    697 
  26    3     0    538 
  26    4     0    216 
  26    5     0    691 
  26    6     0    394 
  26    7     0    547 
  26    8     0    315 
  26    9     0    223 
  26   10     0    732 
  26   11     0    270 
  26   12     0    485 
  26   13     0    224 
  26   14     0    498 
  26   15     0    352 
  26   16     0    334 
  26   17     0    272 
  26   18     0    254 
  26   19     0    254 
  26   20     0    784 
  26   21     0    278 
  26   22     0    465 
  26   23     0    460 
  26   24     0    280 
  26   25     0    514 
  26   26     0    424 
  26   27     0    741 
  26   28     0    456 
  26   29     0    582 
  26   30     0    778 
  26   31     0    268 
  26   32     0    329 
  26   33     0    382 
  26   34     0    783 
  26   35     0    460 
  26   36     0    576 
  26   37     0    448 
  26   38     0    760 
  26   39     0    730 
  26   40     0    599 
  26   41     0    710 
  26   42     0    598 
  26   43     0    599 
  26   44     0    515 
  26   45     0    631 
  26   46     0    483 
  26   47     0    679 
  26   48     0    567 
  26   49     0    400 
  27    0     0    754 
  27    1     0    744 
  27    2     0    325 
  27    3     0    778 
  27    4     0    215 
  27    5     0    214 
  27    6     0    662 
  27    7     0    595 
  27    8     0    653 
  27    9     0    213 
  27   10     0    508 
  27   11     0    699 
  27   12     0    220 
  27   13     0    610 
  27   14     0    311 
  27   15     0    417 
  27   16     0    526 
  27   17     0    723 
  27   18     0    570 
  27   19     0    592 
  27   20     0    350 
  27   21     0    589 
  27   22     0    480 
  27   23     0    715 
  27   24     0    413 
  27   25     0    545 
  27   26     0    319 
  27   27     0    660 
  27   28     0    798 
  27   29     0    578 
  27   30     0    561 
  27   31     0    750 
  27   32     0    560 
  27   33     0    560 
  27   34     0    631 
  27   35     0    382 
  27   36     0    500 
  27   37     0    486 
  27   38     0    746 
  27   39     0    469 
  27   40     0    719 
  27   41     0    598 
  27   42     0    260 
  27   43     0    704 
  27   44     0    522 
  27   45     0    446 
  27   46     0    466 
  27   47     0    368 
  27   48     0    611 
  27   49     0    799 
  28    0     0    671 
  28    1     0    394 
  28    2     0    270 
  28    3     0    481 
  28    4     0    201 
  28    5     0    429 
  28    6     0    521 
  28    7     0    658 
  28    8     0    746 
  28    9     0    341 
  28   10     0    395 
  28   11     0    746 
  28   12     0    666 
  28   13     0    702 
  28   14     0    313 
  28   15     0    505 
  28   16     0    218 
  28   17     0    625 
  28   18     0    698 
  28   19     0    627 
  28   20     0    713 
  28   21     0    654 
  28   22     0    453 
  28   23     0    639 
  28   24     0    538 
  28   25     0    383 
  28   26     0    527 
  28   27     0    562 
  28   28     0    299 
  28   29     0    670 
  28   30     0    749 
  28   31     0    445 
  28   32     0    704 
  28   33     0    364 
  28   34     0    779 
  28   35     0    607 
  28   36     0    457 
  28   37     0    322 
  28   38     0    238 
  28   39     0    310 
  28   40     0    738 
  28   41     0    737 
  28   42     0    441 
  28   43     0    286 
  28   44     0    400 
  28   45     0    512 
  28   46     0    569 
  28   47     0    232 
  28   48     0    274 
  28   49     0    469 
  29    0     0    748 
  29    1     0    798 
  29    2     0    541 
  29    3     0    339 
  29    4     0    487 
  29    5     0    622 
  29    6     0    261 
  29    7     0    558 
  29    8     0    352 
  29    9     0    413 
  29   10     0    283 
  29   11     0    770 
  29   12     0    538 
  29   13     0    671 
  29   14     0    214 
  29   15     0    554 
  29   16     0    377 
  29   17     0    407 
  29   18     0    247 
  29   19     0    767 
  29   20     0    624 
  29   21     0    673 
  29   22     0    450 
  29   23     0    281 
  29   24     0    605 
  29   25     0    204 
  29   26     0    333 
  29   27     0    367 
  29   28     0    569 
  29   29     0    279 
  29   30     0    736 
  29   31     0    401 
  29   32     0    717 
  29   33     0    659 
  29   34     0    342 
  29   35     0    768 
  29   36     0    452 
  29   37     0    519 
  29   38     0    500 
  29   39     0    595 
  29   40     0    759 
  29   41     0    236 
  29   42     0    482 
  29   43     0    681 
  29   44     0    665 
  29   45     0    344 
  29   46     0    760 
  29   47     0    449 
  29   48     0    616 
  29   49     0    732 
  30    0     0    484 
  30    1     0    268 
  30    2     0    483 
  30    3     0    229 
  30    4     0    298 
  30    5     0    503 
  30    6     0    597 
  30    7     0    515 
  30    8     0    569 
  30    9     0    362 
  30   10     0    643 
  30   11     0    583 
  30   12     0    630 
  30   13     0    739 
  30   14     0    662 
  30   15     0    682 
  30   16     0    653 
  30   17     0    738 
  30   18     0    782 
  30   19     0    323 
  30   20     0    733 
  30   21     0    239 
  30   22     0    437 
  30   23     0    683 
  30   24     0    413 
  30   25     0    606 
  30   26     0    215 
  30   27     0    496 
  30   28     0    641 
  30   29     0    543 
  30   30     0    712 
  30   31     0    731 
  30   32     0    700 
  30   33     0    295 
  30   34     0    674 
  30   35     0    486 
  30   36     0    393 
  30   37     0    275 
  30   38     0    516 
  30   39     0    473 
  30   40     0    405 
  30   41     0    550 
  30   42     0    461 
  30   43     0    504 
  30   44     0    769 
  30   45     0    346 
  30   46     0    394 
  30   47     0    551 
  30   48     0    315 
  30   49     0    469 
  31    0     0    593 
  31    1     0    342 
  31    2     0    446 
  31    3     0    238 
  31    4     0    523 
  31    5     0    497 
  31    6     0    356 
  31    7     0    737 
  31    8     0    591 
  31    9     0    330 
  31   10     0    747 
  31   11     0    215 
  31   12     0    500 
  31   13     0    649 
  31   14     0    275 
  31   15     0    706 
  31   16     0    377 
  31   17     0    235 
  31   18     0    482 
  31   19     0    393 
  31   20     0    474 
  31   21     0    689 
  31   22     0    765 
  31   23     0    317 
  31   24     0    729 
  31   25     0    629 
  31   26     0    397 
  31   27     0    320 
  31   28     0    400 
  31   29     0    446 
  31   30     0    397 
  31   31     0    689 
  31   32     0    722 
  31   33     0    568 
  31   34     0    304 
  31   35     0    229 
  31   36     0    736 
  31   37     0    381 
  31   38     0    414 
  31   39     0    541 
  31   40     0    365 
  31   41     0    561 
  31   42     0    223 
  31   43     0    739 
  31   44     0    774 
  31   45     0    288 
  31   46     0    790 
  31   47     0    746 
  31   48     0    252 
  31   49     0    695 
  32    0     0    607 
  32    1     0    224 
  32    2     0    317 
  32    3     0    727 
  32    4     0    617 
  32    5     0    758 
  32    6     0    288 
  32    7     0    314 
  32    8     0    283 
  32    9     0    280 
  32   10     0    292 
  32   11     0    388 
  32   12     0    614 
  32   13     0    308 
  32   14     0    373 
  32   15     0    727 
  32   16     0    298 
  32   17     0    513 
  32   18     0    498 
  32   19     0    277 
  32   20     0    800 
  32   21     0    364 
  32   22     0    428 
  32   23     0    443 
  32   24     0    518 
  32   25     0    758 
  32   26     0    570 
  32   27     0    489 
  32   28     0    641 
  32   29     0    455 
  32   30     0    796 
  32   31     0    392 
  32   32     0    760 
  32   33     0    429 
  32   34     0    586 
  32   35     0    333 
  32   36     0    242 
  32   37     0    238 
  32   38     0    273 
  32   39     0    769 
  32   40     0    518 
  32   41     0    301 
  32   42     0    645 
  32   43     0    579 
  32   44     0    475 
  32   45     0    233 
  32   46     0    471 
  32   47     0    235 
  32   48     0    451 
  32   49     0    280 
  33    0     0    791 
  33    1     0    309 
  33    2     0    633 
  33    3     0    483 
  33    4     0    353 
  33    5     0    686 
  33    6     0    395 
  33    7     0    471 
  33    8     0    768 
  33    9     0    789 
  33   10     0    766 
  33   11     0    719 
  33   12     0    640 
  33   13     0    253 
  33   14     0    340 
  33   15     0    555 
  33   16     0    641 
  33   17     0    609 
  33   18     0    630 
  33   19     0    632 
  33   20     0    504 
  33   21     0    773 
  33   22     0    286 
  33   23     0    468 
  33   24     0    245 
  33   25     0    437 
  33   26     0    227 
  33   27     0    417 
  33   28     0    623 
  33   29     0    358 
  33   30     0    710 
  33   31     0    324 
  33   32     0    264 
  33   33     0    442 
  33   34     0    396 
  33   35     0    478 
  33   36     0    204 
  33   37     0    279 
  33   38     0    658 
  33   39     0    533 
  33   40     0    519 
  33   41     0    250 
  33   42     0    434 
  33   43     0    555 
  33   44     0    369 
  33   45     0    318 
  33   46     0    499 
  33   47     0    500 
  33   48     0    771 
  33   49     0    383 
  34    0     0    789 
  34    1     0    771 
  34    2     0    398 
  34    3     0    645 
  34    4     0    551 
  34    5     0    409 
  34    6     0    668 
  34    7     0    787 
  34    8     0    515 
  34    9     0    457 
  34   10     0    350 
  34   11     0    507 
  34   12     0    716 
  34   13     0    615 
  34   14     0    302 
  34   15     0    796 
  34   16     0    342 
  34   17     0    494 
  34   18     0    560 
  34   19     0    558 
  34   20     0    315 
  34   21     0    719 
  34   22     0    793 
  34   23     0    209 
  34   24     0    487 
  34   25     0    430 
  34   26     0    506 
  34   27     0    334 
  34   28     0    540 
  34   29     0    280 
  34   30     0    736 
  34   31     0    781 
  34   32     0    465 
  34   33     0    281 
  34   34     0    492 
  34   35     0    388 
  34   36     0    455 
  34   37     0    417 
  34   38     0    501 
  34   39     0    782 
  34   40     0    339 
  34   41     0    772 
  34   42     0    238 
  34   43     0    769 
  34   44     0    374 
  34   45     0    586 
  34   46     0    214 
  34   47     0    784 
  34   48     0    599 
  34   49     0    293 
  35    0     0    396 
  35    1     0    507 
  35    2     0    731 
  35    3     0    608 
  35    4     0    515 
  35    5     0    665 
  35    6     0    440 
  35    7     0    428 
  35    8     0    260 
  35    9     0    363 
  35   10     0    372 
  35   11     0    600 
  35   12     0    654 
  35   13     0    366 
  35   14     0    430 
  35   15     0    576 
  35   16     0    291 
  35   17     0    631 
  35   18     0    579 
  35   19     0    245 
  35   20     0    208 
  35   21     0    357 
  35   22     0    303 
  35   23     0    512 
  35   24     0    210 
  35   25     0    577 
  35   26     0    772 
  35   27     0    673 
  35   28     0    298 
  35   29     0    236 
  35   30     0    775 
  35   31     0    483 
  35   32     0    664 
  35   33     0    283 
  35   34     0    244 
  35   35     0    784 
  35   36     0    454 
  35   37     0    546 
  35   38     0    203 
  35   39     0    567 
  35   40     0    530 
  35   41     0    491 
  35   42     0    743 
  35   43     0    426 
  35   44     0    660 
  35   45     0    573 
  35   46     0    358 
  35   47     0    573 
  35   48     0    707 
  35   49     0    511 
  36    0     0    597 
  36    1     0    680 
  36    2     0    294 
  36    3     0    776 
  36    4     0    227 
  36    5     0    277 
  36    6     0    364 
  36    7     0    329 
  36    8     0    257 
  36    9     0    489 
  36   10     0    555 
  36   11     0    679 
  36   12     0    328 
  36   13     0    407 
  36   14     0    744 
  36   15     0    408 
  36   16     0    435 
  36   17     0    693 
  36   18     0    252 
  36   19     0    791 
  36   20     0    712 
  36   21     0    224 
  36   22     0    613 
  36   23     0    774 
  36   24     0    318 
  36   25     0    303 
  36   26     0    332 
  36   27     0    304 
  36   28     0    379 
  36   29     0    298 
  36   30     0    760 
  36   31     0    368 
  36   32     0    448 
  36   33     0    453 
  36   34     0    681 
  36   35     0    796 
  36   36     0    670 
  36   37     0    284 
  36   38     0    685 
  36   39     0    711 
  36   40     0    449 
  36   41     0    362 
  36   42     0    453 
  36   43     0    476 
  36   44     0    315 
  36   45     0    226 
  36   46     0    474 
  36   47     0    749 
  36   48     0    516 
  36   49     0    757 
  37    0     0    766 
  37    1     0    664 
  37    2     0    633 
  37    3     0    773 
  37    4     0    608 
  37    5     0    722 
  37    6     0    407 
  37    7     0    607 
  37    8     0    548 
  37    9     0    388 
  37   10     0    386 
  37   11     0    677 
  37   12     0    560 
  37   13     0    563 
  37   14     0    363 
  37   15     0    476 
  37   16     0    475 
  37   17     0    504 
  37   18     0    211 
  37   19     0    712 
  37   20     0    471 
  37   21     0    286 
  37   22     0    255 
  37   23     0    346 
  37   24     0    423 
  37   25     0    549 
  37   26     0    726 
  37   27     0    664 
  37   28     0    234 
  37   29     0    336 
  37   30     0    224 
  37   31     0    314 
  37   32     0    210 
  37   33     0    498 
  37   34     0    546 
  37   35     0    541 
  37   36     0    501 
  37   37     0    413 
  37   38     0    464 
  37   39     0    232 
  37   40     0    373 
  37   41     0    637 
  37   42     0    751 
  37   43     0    399 
  37   44     0    390 
  37   45     0    543 
  37   46     0    527 
  37   47     0    289 
  37   48     0    312 
  37   49     0    480 
  38    0     0    515 
  38    1     0    442 
  38    2     0    423 
  38    3     0    390 
  38    4     0    336 
  38    5     0    636 
  38    6     0    623 
  38    7     0    799 
  38    8     0    771 
  38    9     0    546 
  38   10     0    554 
  38   11     0    574 
  38   12     0    476 
  38   13     0    254 
  38   14     0    445 
  38   15     0    470 
  38   16     0    564 
  38   17     0    508 
  38   18     0    479 
  38   19     0    554 
  38   20     0    556 
  38   21     0    622 
  38   22     0    459 
  38   23     0    416 
  38   24     0    754 
  38   25     0    257 
  38   26     0    764 
  38   27     0    406 
  38   28     0    788 
  38   29     0    671 
  38   30     0    561 
  38   31     0    232 
  38   32     0    718 
  38   33     0    693 
  38   34     0    214 
  38   35     0    526 
  38   36     0    445 
  38   37     0    263 
  38   38     0    654 
  38   39     0    656 
  38   40     0    399 
  38   41     0    748 
  38   42     0    386 
  38   43     0    202 
  38   44     0    393 
  38   45     0    670 
  38   46     0    371 
  38   47     0    648 
  38   48     0    597 
  38   49     0    356 
  39    0     0    643 
  39    1     0    674 
  39    2     0    724 
  39    3     0    249 
  39    4     0    561 
  39    5     0    761 
  39    6     0    671 
  39    7     0    323 
  39    8     0    277 
  39    9     0    511 
  39   10     0    688 
  39   11     0    399 
  39   12     0    486 
  39   13     0    340 
  39   14     0    353 
  39   15     0    554 
  39   16     0    346 
  39   17     0    509 
  39   18     0    576 
  39   19     0    490 
  39   20     0    792 
  39   21     0    646 
  39   22     0    240 
  39   23     0    277 
  39   24     0    687 
  39   25     0    333 
  39   26     0    511 
  39   27     0    542 
  39   28     0    451 
  39   29     0    630 
  39   30     0    716 
  39   31     0    329 
  39   32     0    353 
  39   33     0    300 
  39   34     0    649 
  39   35     0    711 
  39   36     0    242 
  39   37     0    458 
  39   38     0    626 
  39   39     0    313 
  39   40     0    731 
  39   41     0    350 
  39   42     0    320 
  39   43     0    459 
  39   44     0    544 
  39   45     0    333 
  39   46     0    293 
  39   47     0    797 
  39   48     0    581 
  39   49     0    466 
  40    0     0    410 
  40    1     0    240 
  40    2     0    412 
  40    3     0    221 
  40    4     0    488 
  40    5     0    788 
  40    6     0    498 
  40    7     0    646 
  40    8     0    483 
  40    9     0    427 
  40   10     0    301 
  40   11     0    482 
  40   12     0    762 
  40   13     0    263 
  40   14     0    714 
  40   15     0    759 
  40   16     0    306 
  40   17     0    662 
  40   18     0    260 
  40   19     0    253 
  40   20     0    252 
  40   21     0    219 
  40   22     0    209 
  40   23     0    332 
  40   24     0    673 
  40   25     0    381 
  40   26     0    372 
  40   27     0    527 
  40   28     0    287 
  40   29     0    376 
  40   30     0    305 
  40   31     0    234 
  40   32     0    528 
  40   33     0    303 
  40   34     0    477 
  40   35     0    504 
  40   36     0    243 
  40   37     0    555 
  40   38     0    263 
  40   39     0    760 
  40   40     0    227 
  40   41     0    662 
  40   42     0    443 
  40   43     0    739 
  40   44     0    451 
  40   45     0    296 
  40   46     0    284 
  40   47     0    687 
  40   48     0    536 
  40   49     0    675 
  41    0     0    529 
  41    1     0    445 
  41    2     0    208 
  41    3     0    511 
  41    4     0    315 
  41    5     0    259 
  41    6     0    282 
  41    7     0    417 
  41    8     0    516 
  41    9     0    474 
  41   10     0    563 
  41   11     0    242 
  41   12     0    311 
  41   13     0    278 
  41   14     0    229 
  41   15     0    381 
  41   16     0    792 
  41   17     0    395 
  41   18     0    516 
  41   19     0    497 
  41   20     0    601 
  41   21     0    663 
  41   22     0    216 
  41   23     0    469 
  41   24     0    295 
  41   25     0    287 
  41   26     0    782 
  41   27     0    730 
  41   28     0    257 
  41   29     0    261 
  41   30     0    355 
  41   31     0    758 
  41   32     0    744 
  41   33     0    286 
  41   34     0    396 
  41   35     0    732 
  41   36     0    420 
  41   37     0    561 
  41   38     0    669 
  41   39     0    566 
  41   40     0    728 
  41   41     0    484 
  41   42     0    544 
  41   43     0    706 
  41   44     0    333 
  41   45     0    746 
  41   46     0    336 
  41   47     0    558 
  41   48     0    291 
  41   49     0    728 
  42    0     0    365 
  42    1     0    242 
  42    2     0    266 
  42    3     0    626 
  42    4     0    613 
  42    5     0    678 
  42    6     0    494 
  42    7     0    259 
  42    8     0    488 
  42    9     0    653 
  42   10     0    481 
  42   11     0    226 
  42   12     0    536 
  42   13     0    439 
  42   14     0    307 
  42   15     0    439 
  42   16     0    492 
  42   17     0    645 
  42   18     0    700 
  42   19     0    753 
  42   20     0    325 
  42   21     0    341 
  42   22     0    467 
  42   23     0    450 
  42   24     0    361 
  42   25     0    494 
  42   26     0    678 
  42   27     0    609 
  42   28     0    710 
  42   29     0    688 
  42   30     0    356 
  42   31     0    398 
  42   32     0    734 
  42   33     0    290 
  42   34     0    566 
  42   35     0    320 
  42   36     0    333 
  42   37     0    349 
  42   38     0    519 
  42   39     0    480 
  42   40     0    553 
  42   41     0    262 
  42   42     0    435 
  42   43     0    470 
  42   44     0    654 
  42   45     0    532 
  42   46     0    491 
  42   47     0    752 
  42   48     0    644 
  42   49     0    234 
  43    0     0    643 
  43    1     0    685 
  43    2     0    416 
  43    3     0    237 
  43    4     0    434 
  43    5     0    677 
  43    6     0    310 
  43    7     0    383 
  43    8     0    594 
  43    9     0    352 
  43   10     0    275 
  43   11     0    720 
  43   12     0    350 
  43   13     0    288 
  43   14     0    325 
  43   15     0    447 
  43   16     0    660 
  43   17     0    639 
  43   18     0    673 
  43   19     0    207 
  43   20     0    522 
  43   21     0    616 
  43   22     0    529 
  43   23     0    286 
  43   24     0    683 
  43   25     0    561 
  43   26     0    525 
  43   27     0    717 
  43   28     0    783 
  43   29     0    370 
  43   30     0    483 
  43   31     0    356 
  43   32     0    540 
  43   33     0    783 
  43   34     0    569 
  43   35     0    208 
  43   36     0    490 
  43   37     0    791 
  43   38     0    454 
  43   39     0    770 
  43   40     0    449 
  43   41     0    744 
  43   42     0    678 
  43   43     0    690 
  43   44     0    228 
  43   45     0    206 
  43   46     0    639 
  43   47     0    767 
  43   48     0    452 
  43   49     0    702 
  44    0     0    531 
  44    1     0    379 
  44    2     0    382 
  44    3     0    775 
  44    4     0    416 
  44    5     0    213 
  44    6     0    792 
  44    7     0    379 
  44    8     0    256 
  44    9     0    475 
  44   10     0    771 
  44   11     0    419 
  44   12     0    692 
  44   13     0    259 
  44   14     0    539 
  44   15     0    633 
  44   16     0    703 
  44   17     0    327 
  44   18     0    564 
  44   19     0    234 
  44   20     0    417 
  44   21     0    207 
  44   22     0    495 
  44   23     0    491 
  44   24     0    487 
  44   25     0    698 
  44   26     0    354 
  44   27     0    742 
  44   28     0    310 
  44   29     0    634 
  44   30     0    652 
  44   31     0    800 
  44   32     0    507 
  44   33     0    226 
  44   34     0    312 
  44   35     0    645 
  44   36     0    666 
  44   37     0    325 
  44   38     0    500 
  44   39     0    459 
  44   40     0    222 
  44   41     0    550 
  44   42     0    344 
  44   43     0    326 
  44   44     0    546 
  44   45     0    354 
  44   46     0    419 
  44   47     0    369 
  44   48     0    691 
  44   49     0    414 
  45    0     0    576 
  45    1     0    405 
  45    2     0    221 
  45    3     0    445 
  45    4     0    297 
  45    5     0    701 
  45    6     0    368 
  45    7     0    648 
  45    8     0    771 
  45    9     0    239 
  45   10     0    483 
  45   11     0    568 
  45   12     0    705 
  45   13     0    361 
  45   14     0    347 
  45   15     0    685 
  45   16     0    623 
  45   17     0    386 
  45   18     0    296 
  45   19     0    291 
  45   20     0    689 
  45   21     0    391 
  45   22     0    462 
  45   23     0    578 
  45   24     0    351 
  45   25     0    641 
  45   26     0    370 
  45   27     0    669 
  45   28     0    444 
  45   29     0    489 
  45   30     0    671 
  45   31     0    721 
  45   32     0    257 
  45   33     0    508 
  45   34     0    650 
  45   35     0    218 
  45   36     0    799 
  45   37     0    386 
  45   38     0    648 
  45   39     0    532 
  45   40     0    418 
  45   41     0    774 
  45   42     0    638 
  45   43     0    422 
  45   44     0    521 
  45   45     0    614 
  45   46     0    636 
  45   47     0    353 
  45   48     0    411 
  45   49     0    569 
  46    0     0    575 
  46    1     0    259 
  46    2     0    585 
  46    3     0    391 
  46    4     0    392 
  46    5     0    309 
  46    6     0    797 
  46    7     0    238 
  46    8     0    286 
  46    9     0    278 
  46   10     0    792 
  46   11     0    263 
  46   12     0    472 
  46   13     0    335 
  46   14     0    530 
  46   15     0    448 
  46   16     0    455 
  46   17     0    540 
  46   18     0    766 
  46   19     0    365 
  46   20     0    433 
  46   21     0    406 
  46   22     0    679 
  46   23     0    737 
  46   24     0    677 
  46   25     0    581 
  46   26     0    495 
  46   27     0    695 
  46   28     0    421 
  46   29     0    663 
  46   30     0    363 
  46   31     0    488 
  46   32     0    506 
  46   33     0    649 
  46   34     0    243 
  46   35     0    386 
  46   36     0    297 
  46   37     0    733 
  46   38     0    529 
  46   39     0    553 
  46   40     0    263 
  46   41     0    593 
  46   42     0    616 
  46   43     0    498 
  46   44     0    791 
  46   45     0    260 
  46   46     0    299 
  46   47     0    629 
  46   48     0    639 
  46   49     0    614 
  47    0     0    627 
  47    1     0    276 
  47    2     0    298 
  47    3     0    731 
  47    4     0    268 
  47    5     0    424 
  47    6     0    610 
  47    7     0    476 
  47    8     0    649 
  47    9     0    655 
  47   10     0    533 
  47   11     0    678 
  47   12     0    578 
  47   13     0    452 
  47   14     0    401 
  47   15     0    302 
  47   16     0    233 
  47   17     0    327 
  47   18     0    753 
  47   19     0    550 
  47   20     0    528 
  47   21     0    769 
  47   22     0    381 
  47   23     0    553 
  47   24     0    756 
  47   25     0    486 
  47   26     0    502 
  47   27     0    366 
  47   28     0    315 
  47   29     0    691 
  47   30     0    537 
  47   31     0    431 
  47   32     0    438 
  47   33     0    670 
  47   34     0    481 
  47   35     0    540 
  47   36     0    631 
  47   37     0    629 
  47   38     0    271 
  47   39     0    646 
  47   40     0    581 
  47   41     0    255 
  47   42     0    265 
  47   43     0    781 
  47   44     0    342 
  47   45     0    637 
  47   46     0    369 
  47   47     0    393 
  47   48     0    671 
  47   49     0    766 
  48    0     0    774 
  48    1     0    331 
  48    2     0    644 
  48    3     0    568 
  48    4     0    540 
  48    5     0    520 
  48    6     0    792 
  48    7     0    458 
  48    8     0    520 
  48    9     0    320 
  48   10     0    458 
  48   11     0    773 
  48   12     0    482 
  48   13     0    548 
  48   14     0    743 
  48   15     0    582 
  48   16     0    601 
  48   17     0    760 
  48   18     0    307 
  48   19     0    781 
  48   20     0    229 
  48   21     0    389 
  48   22     0    401 
  48   23     0    770 
  48   24     0    718 
  48   25     0    217 
  48   26     0    757 
  48   27     0    201 
  48   28     0    393 
  48   29     0    255 
  48   30     0    699 
  48   31     0    736 
  48   32     0    580 
  48   33     0    758 
  48   34     0    771 
  48   35     0    360 
  48   36     0    751 
  48   37     0    215 
  48   38     0    764 
  48   39     0    302 
  48   40     0    276 
  48   41     0    772 
  48   42     0    365 
  48   43     0    512 
  48   44     0    343 
  48   45     0    223 
  48   46     0    772 
  48   47     0    587 
  48   48     0    251 
  48   49     0    579 
  49    0     0    232 
  49    1     0    782 
  49    2     0    563 
  49    3     0    738 
  49    4     0    708 
  49    5     0    755 
  49    6     0    201 
  49    7     0    722 
  49    8     0    569 
  49    9     0    520 
  49   10     0    226 
  49   11     0    303 
  49   12     0    261 
  49   13     0    524 
  49   14     0    632 
  49   15     0    464 
  49   16     0    220 
  49   17     0    422 
  49   18     0    272 
  49   19     0    468 
  49   20     0    602 
  49   21     0    586 
  49   22     0    644 
  49   23     0    656 
  49   24     0    319 
  49   25     0    645 
  49   26     0    411 
  49   27     0    505 
  49   28     0    554 
  49   29     0    657 
  49   30     0    497 
  49   31     0    502 
  49   32     0    522 
  49   33     0    685 
  49   34     0    284 
  49   35     0    253 
  49   36     0    499 
  49   37     0    619 
  49   38     0    663 
  49   39     0    234 
  49   40     0    709 
  49   41     0    458 
  49   42     0    670 
  49   43     0    336 
  49   44     0    677 
  49   45     0    702 
  49   46     0    480 
  49   47     0    286 
  49   48     0    774 
  49   49     0    274 
