 50
 50

   13
   20
    4
   11
   12
    5
    6
   14
   18
    2
    3
    9
    2
    2
    1
    3
   12
    4
   18
    5
   10
    5
   17
    7
    4
   15
    3
   18
   20
   15
    7
   17
    5
   12
   10
   18
    2
   16
    1
   15
   12
    7
    6
    4
   20
   12
   16
    4
   12
    7

   13
   10
   12
   16
    6
    7
    6
   17
    2
   11
    6
    1
    8
    3
    4
    5
    3
    7
    4
   10
   18
    8
   16
    8
   13
    6
   13
   10
    5
   18
   15
    3
    1
   17
    8
   10
    2
    2
   10
   18
    8
   10
   13
   17
   14
   20
   14
   11
    3
   19

   0    0     0    439 
   0    1     0    236 
   0    2     0    527 
   0    3     0    388 
   0    4     0    641 
   0    5     0    393 
   0    6     0    269 
   0    7     0    741 
   0    8     0    704 
   0    9     0    371 
   0   10     0    566 
   0   11     0    498 
   0   12     0    769 
   0   13     0    639 
   0   14     0    447 
   0   15     0    666 
   0   16     0    537 
   0   17     0    231 
   0   18     0    746 
   0   19     0    681 
   0   20     0    680 
   0   21     0    483 
   0   22     0    408 
   0   23     0    755 
   0   24     0    703 
   0   25     0    256 
   0   26     0    542 
   0   27     0    606 
   0   28     0    689 
   0   29     0    616 
   0   30     0    732 
   0   31     0    393 
   0   32     0    325 
   0   33     0    472 
   0   34     0    578 
   0   35     0    526 
   0   36     0    534 
   0   37     0    258 
   0   38     0    343 
   0   39     0    743 
   0   40     0    675 
   0   41     0    696 
   0   42     0    538 
   0   43     0    437 
   0   44     0    503 
   0   45     0    636 
   0   46     0    249 
   0   47     0    551 
   0   48     0    446 
   0   49     0    249 
   1    0     0    219 
   1    1     0    415 
   1    2     0    253 
   1    3     0    368 
   1    4     0    585 
   1    5     0    385 
   1    6     0    780 
   1    7     0    369 
   1    8     0    518 
   1    9     0    521 
   1   10     0    336 
   1   11     0    265 
   1   12     0    585 
   1   13     0    510 
   1   14     0    266 
   1   15     0    698 
   1   16     0    650 
   1   17     0    232 
   1   18     0    432 
   1   19     0    717 
   1   20     0    733 
   1   21     0    203 
   1   22     0    405 
   1   23     0    555 
   1   24     0    719 
   1   25     0    537 
   1   26     0    761 
   1   27     0    361 
   1   28     0    758 
   1   29     0    477 
   1   30     0    377 
   1   31     0    614 
   1   32     0    521 
   1   33     0    501 
   1   34     0    583 
   1   35     0    279 
   1   36     0    626 
   1   37     0    428 
   1   38     0    460 
   1   39     0    658 
   1   40     0    682 
   1   41     0    545 
   1   42     0    337 
   1   43     0    352 
   1   44     0    399 
   1   45     0    680 
   1   46     0    471 
   1   47     0    413 
   1   48     0    277 
   1   49     0    653 
   2    0     0    227 
   2    1     0    696 
   2    2     0    748 
   2    3     0    709 
   2    4     0    576 
   2    5     0    370 
   2    6     0    570 
   2    7     0    421 
   2    8     0    569 
   2    9     0    679 
   2   10     0    786 
   2   11     0    212 
   2   12     0    380 
   2   13     0    642 
   2   14     0    500 
   2   15     0    591 
   2   16     0    268 
   2   17     0    312 
   2   18     0    395 
   2   19     0    469 
   2   20     0    741 
   2   21     0    604 
   2   22     0    514 
   2   23     0    795 
   2   24     0    726 
   2   25     0    526 
   2   26     0    297 
   2   27     0    656 
   2   28     0    255 
   2   29     0    556 
   2   30     0    600 
   2   31     0    628 
   2   32     0    225 
   2   33     0    515 
   2   34     0    519 
   2   35     0    444 
   2   36     0    668 
   2   37     0    223 
   2   38     0    788 
   2   39     0    695 
   2   40     0    367 
   2   41     0    732 
   2   42     0    537 
   2   43     0    695 
   2   44     0    502 
   2   45     0    518 
   2   46     0    530 
   2   47     0    435 
   2   48     0    464 
   2   49     0    353 
   3    0     0    291 
   3    1     0    608 
   3    2     0    525 
   3    3     0    581 
   3    4     0    784 
   3    5     0    540 
   3    6     0    489 
   3    7     0    314 
   3    8     0    306 
   3    9     0    679 
   3   10     0    422 
   3   11     0    241 
   3   12     0    393 
   3   13     0    502 
   3   14     0    630 
   3   15     0    547 
   3   16     0    684 
   3   17     0    223 
   3   18     0    212 
   3   19     0    468 
   3   20     0    700 
   3   21     0    469 
   3   22     0    408 
   3   23     0    688 
   3   24     0    491 
   3   25     0    294 
   3   26     0    214 
   3   27     0    691 
   3   28     0    242 
   3   29     0    716 
   3   30     0    706 
   3   31     0    716 
   3   32     0    644 
   3   33     0    545 
   3   34     0    204 
   3   35     0    629 
   3   36     0    260 
   3   37     0    586 
   3   38     0    285 
   3   39     0    262 
   3   40     0    414 
   3   41     0    616 
   3   42     0    601 
   3   43     0    392 
   3   44     0    661 
   3   45     0    694 
   3   46     0    595 
   3   47     0    729 
   3   48     0    667 
   3   49     0    407 
   4    0     0    800 
   4    1     0    518 
   4    2     0    322 
   4    3     0    753 
   4    4     0    211 
   4    5     0    536 
   4    6     0    718 
   4    7     0    636 
   4    8     0    527 
   4    9     0    703 
   4   10     0    503 
   4   11     0    382 
   4   12     0    657 
   4   13     0    333 
   4   14     0    517 
   4   15     0    442 
   4   16     0    220 
   4   17     0    455 
   4   18     0    468 
   4   19     0    291 
   4   20     0    613 
   4   21     0    403 
   4   22     0    515 
   4   23     0    512 
   4   24     0    730 
   4   25     0    657 
   4   26     0    387 
   4   27     0    749 
   4   28     0    319 
   4   29     0    505 
   4   30     0    370 
   4   31     0    698 
   4   32     0    784 
   4   33     0    395 
   4   34     0    308 
   4   35     0    458 
   4   36     0    368 
   4   37     0    400 
   4   38     0    648 
   4   39     0    494 
   4   40     0    596 
   4   41     0    647 
   4   42     0    783 
   4   43     0    491 
   4   44     0    762 
   4   45     0    675 
   4   46     0    392 
   4   47     0    399 
   4   48     0    702 
   4   49     0    341 
   5    0     0    330 
   5    1     0    547 
   5    2     0    638 
   5    3     0    327 
   5    4     0    778 
   5    5     0    607 
   5    6     0    458 
   5    7     0    662 
   5    8     0    414 
   5    9     0    571 
   5   10     0    783 
   5   11     0    656 
   5   12     0    285 
   5   13     0    368 
   5   14     0    576 
   5   15     0    648 
   5   16     0    541 
   5   17     0    366 
   5   18     0    734 
   5   19     0    515 
   5   20     0    559 
   5   21     0    379 
   5   22     0    252 
   5   23     0    310 
   5   24     0    325 
   5   25     0    683 
   5   26     0    708 
   5   27     0    319 
   5   28     0    429 
   5   29     0    379 
   5   30     0    284 
   5   31     0    554 
   5   32     0    663 
   5   33     0    227 
   5   34     0    281 
   5   35     0    623 
   5   36     0    361 
   5   37     0    431 
   5   38     0    636 
   5   39     0    352 
   5   40     0    478 
   5   41     0    422 
   5   42     0    404 
   5   43     0    557 
   5   44     0    206 
   5   45     0    382 
   5   46     0    643 
   5   47     0    315 
   5   48     0    654 
   5   49     0    705 
   6    0     0    407 
   6    1     0    335 
   6    2     0    322 
   6    3     0    666 
   6    4     0    475 
   6    5     0    344 
   6    6     0    556 
   6    7     0    612 
   6    8     0    677 
   6    9     0    353 
   6   10     0    661 
   6   11     0    259 
   6   12     0    607 
   6   13     0    707 
   6   14     0    569 
   6   15     0    598 
   6   16     0    218 
   6   17     0    528 
   6   18     0    788 
   6   19     0    629 
   6   20     0    623 
   6   21     0    487 
   6   22     0    429 
   6   23     0    581 
   6   24     0    762 
   6   25     0    349 
   6   26     0    752 
   6   27     0    444 
   6   28     0    504 
   6   29     0    242 
   6   30     0    709 
   6   31     0    545 
   6   32     0    756 
   6   33     0    654 
   6   34     0    681 
   6   35     0    441 
   6   36     0    206 
   6   37     0    440 
   6   38     0    614 
   6   39     0    321 
   6   40     0    665 
   6   41     0    227 
   6   42     0    225 
   6   43     0    428 
   6   44     0    355 
   6   45     0    708 
   6   46     0    703 
   6   47     0    334 
   6   48     0    422 
   6   49     0    275 
   7    0     0    481 
   7    1     0    531 
   7    2     0    404 
   7    3     0    315 
   7    4     0    756 
   7    5     0    510 
   7    6     0    323 
   7    7     0    537 
   7    8     0    410 
   7    9     0    689 
   7   10     0    361 
   7   11     0    574 
   7   12     0    204 
   7   13     0    487 
   7   14     0    300 
   7   15     0    570 
   7   16     0    512 
   7   17     0    794 
   7   18     0    760 
   7   19     0    321 
   7   20     0    299 
   7   21     0    467 
   7   22     0    249 
   7   23     0    360 
   7   24     0    224 
   7   25     0    538 
   7   26     0    275 
   7   27     0    732 
   7   28     0    635 
   7   29     0    503 
   7   30     0    389 
   7   31     0    519 
   7   32     0    257 
   7   33     0    583 
   7   34     0    248 
   7   35     0    581 
   7   36     0    260 
   7   37     0    576 
   7   38     0    689 
   7   39     0    593 
   7   40     0    262 
   7   41     0    309 
   7   42     0    673 
   7   43     0    599 
   7   44     0    244 
   7   45     0    315 
   7   46     0    717 
   7   47     0    207 
   7   48     0    397 
   7   49     0    299 
   8    0     0    789 
   8    1     0    235 
   8    2     0    680 
   8    3     0    553 
   8    4     0    676 
   8    5     0    445 
   8    6     0    547 
   8    7     0    465 
   8    8     0    540 
   8    9     0    304 
   8   10     0    313 
   8   11     0    441 
   8   12     0    661 
   8   13     0    563 
   8   14     0    209 
   8   15     0    491 
   8   16     0    765 
   8   17     0    779 
   8   18     0    524 
   8   19     0    643 
   8   20     0    611 
   8   21     0    406 
   8   22     0    753 
   8   23     0    757 
   8   24     0    407 
   8   25     0    420 
   8   26     0    532 
   8   27     0    434 
   8   28     0    551 
   8   29     0    425 
   8   30     0    568 
   8   31     0    733 
   8   32     0    715 
   8   33     0    411 
   8   34     0    250 
   8   35     0    464 
   8   36     0    633 
   8   37     0    259 
   8   38     0    388 
   8   39     0    263 
   8   40     0    457 
   8   41     0    757 
   8   42     0    374 
   8   43     0    757 
   8   44     0    471 
   8   45     0    422 
   8   46     0    702 
   8   47     0    500 
   8   48     0    446 
   8   49     0    381 
   9    0     0    216 
   9    1     0    566 
   9    2     0    224 
   9    3     0    554 
   9    4     0    769 
   9    5     0    709 
   9    6     0    674 
   9    7     0    458 
   9    8     0    525 
   9    9     0    402 
   9   10     0    614 
   9   11     0    676 
   9   12     0    587 
   9   13     0    759 
   9   14     0    728 
   9   15     0    768 
   9   16     0    254 
   9   17     0    677 
   9   18     0    474 
   9   19     0    314 
   9   20     0    705 
   9   21     0    498 
   9   22     0    506 
   9   23     0    686 
   9   24     0    631 
   9   25     0    562 
   9   26     0    699 
   9   27     0    790 
   9   28     0    208 
   9   29     0    405 
   9   30     0    495 
   9   31     0    615 
   9   32     0    472 
   9   33     0    295 
   9   34     0    705 
   9   35     0    284 
   9   36     0    593 
   9   37     0    794 
   9   38     0    466 
   9   39     0    774 
   9   40     0    392 
   9   41     0    710 
   9   42     0    674 
   9   43     0    549 
   9   44     0    575 
   9   45     0    466 
   9   46     0    360 
   9   47     0    578 
   9   48     0    228 
   9   49     0    564 
  10    0     0    711 
  10    1     0    344 
  10    2     0    244 
  10    3     0    422 
  10    4     0    593 
  10    5     0    416 
  10    6     0    674 
  10    7     0    524 
  10    8     0    600 
  10    9     0    463 
  10   10     0    449 
  10   11     0    252 
  10   12     0    340 
  10   13     0    312 
  10   14     0    426 
  10   15     0    688 
  10   16     0    698 
  10   17     0    730 
  10   18     0    780 
  10   19     0    404 
  10   20     0    600 
  10   21     0    232 
  10   22     0    657 
  10   23     0    430 
  10   24     0    626 
  10   25     0    371 
  10   26     0    563 
  10   27     0    408 
  10   28     0    711 
  10   29     0    293 
  10   30     0    710 
  10   31     0    719 
  10   32     0    234 
  10   33     0    221 
  10   34     0    427 
  10   35     0    403 
  10   36     0    648 
  10   37     0    615 
  10   38     0    782 
  10   39     0    498 
  10   40     0    762 
  10   41     0    670 
  10   42     0    674 
  10   43     0    238 
  10   44     0    324 
  10   45     0    344 
  10   46     0    505 
  10   47     0    297 
  10   48     0    227 
  10   49     0    446 
  11    0     0    303 
  11    1     0    254 
  11    2     0    377 
  11    3     0    311 
  11    4     0    469 
  11    5     0    457 
  11    6     0    259 
  11    7     0    263 
  11    8     0    513 
  11    9     0    762 
  11   10     0    447 
  11   11     0    630 
  11   12     0    500 
  11   13     0    288 
  11   14     0    751 
  11   15     0    496 
  11   16     0    496 
  11   17     0    669 
  11   18     0    284 
  11   19     0    649 
  11   20     0    437 
  11   21     0    639 
  11   22     0    438 
  11   23     0    451 
  11   24     0    383 
  11   25     0    498 
  11   26     0    757 
  11   27     0    386 
  11   28     0    312 
  11   29     0    666 
  11   30     0    622 
  11   31     0    548 
  11   32     0    473 
  11   33     0    426 
  11   34     0    354 
  11   35     0    435 
  11   36     0    217 
  11   37     0    526 
  11   38     0    722 
  11   39     0    796 
  11   40     0    345 
  11   41     0    367 
  11   42     0    378 
  11   43     0    483 
  11   44     0    288 
  11   45     0    265 
  11   46     0    261 
  11   47     0    396 
  11   48     0    511 
  11   49     0    473 
  12    0     0    631 
  12    1     0    232 
  12    2     0    387 
  12    3     0    262 
  12    4     0    265 
  12    5     0    393 
  12    6     0    783 
  12    7     0    400 
  12    8     0    202 
  12    9     0    354 
  12   10     0    713 
  12   11     0    723 
  12   12     0    729 
  12   13     0    723 
  12   14     0    414 
  12   15     0    548 
  12   16     0    741 
  12   17     0    552 
  12   18     0    405 
  12   19     0    728 
  12   20     0    310 
  12   21     0    244 
  12   22     0    777 
  12   23     0    691 
  12   24     0    397 
  12   25     0    215 
  12   26     0    258 
  12   27     0    514 
  12   28     0    237 
  12   29     0    720 
  12   30     0    207 
  12   31     0    762 
  12   32     0    436 
  12   33     0    777 
  12   34     0    266 
  12   35     0    238 
  12   36     0    407 
  12   37     0    353 
  12   38     0    348 
  12   39     0    795 
  12   40     0    221 
  12   41     0    456 
  12   42     0    602 
  12   43     0    638 
  12   44     0    413 
  12   45     0    505 
  12   46     0    417 
  12   47     0    763 
  12   48     0    602 
  12   49     0    591 
  13    0     0    399 
  13    1     0    313 
  13    2     0    481 
  13    3     0    601 
  13    4     0    394 
  13    5     0    686 
  13    6     0    419 
  13    7     0    481 
  13    8     0    678 
  13    9     0    285 
  13   10     0    761 
  13   11     0    312 
  13   12     0    424 
  13   13     0    588 
  13   14     0    250 
  13   15     0    413 
  13   16     0    687 
  13   17     0    571 
  13   18     0    608 
  13   19     0    275 
  13   20     0    754 
  13   21     0    253 
  13   22     0    286 
  13   23     0    564 
  13   24     0    426 
  13   25     0    629 
  13   26     0    318 
  13   27     0    766 
  13   28     0    413 
  13   29     0    500 
  13   30     0    798 
  13   31     0    458 
  13   32     0    283 
  13   33     0    350 
  13   34     0    443 
  13   35     0    700 
  13   36     0    407 
  13   37     0    420 
  13   38     0    359 
  13   39     0    371 
  13   40     0    682 
  13   41     0    445 
  13   42     0    610 
  13   43     0    268 
  13   44     0    424 
  13   45     0    670 
  13   46     0    334 
  13   47     0    539 
  13   48     0    578 
  13   49     0    445 
  14    0     0    770 
  14    1     0    551 
  14    2     0    629 
  14    3     0    574 
  14    4     0    757 
  14    5     0    216 
  14    6     0    406 
  14    7     0    327 
  14    8     0    359 
  14    9     0    682 
  14   10     0    217 
  14   11     0    618 
  14   12     0    388 
  14   13     0    641 
  14   14     0    205 
  14   15     0    490 
  14   16     0    787 
  14   17     0    373 
  14   18     0    442 
  14   19     0    709 
  14   20     0    760 
  14   21     0    472 
  14   22     0    406 
  14   23     0    361 
  14   24     0    521 
  14   25     0    539 
  14   26     0    625 
  14   27     0    465 
  14   28     0    373 
  14   29     0    702 
  14   30     0    704 
  14   31     0    237 
  14   32     0    345 
  14   33     0    793 
  14   34     0    339 
  14   35     0    782 
  14   36     0    527 
  14   37     0    733 
  14   38     0    280 
  14   39     0    664 
  14   40     0    575 
  14   41     0    431 
  14   42     0    516 
  14   43     0    634 
  14   44     0    230 
  14   45     0    663 
  14   46     0    374 
  14   47     0    716 
  14   48     0    746 
  14   49     0    504 
  15    0     0    400 
  15    1     0    220 
  15    2     0    356 
  15    3     0    747 
  15    4     0    678 
  15    5     0    360 
  15    6     0    781 
  15    7     0    349 
  15    8     0    495 
  15    9     0    779 
  15   10     0    624 
  15   11     0    744 
  15   12     0    459 
  15   13     0    708 
  15   14     0    432 
  15   15     0    724 
  15   16     0    781 
  15   17     0    649 
  15   18     0    290 
  15   19     0    409 
  15   20     0    764 
  15   21     0    786 
  15   22     0    588 
  15   23     0    636 
  15   24     0    442 
  15   25     0    294 
  15   26     0    349 
  15   27     0    656 
  15   28     0    516 
  15   29     0    424 
  15   30     0    305 
  15   31     0    255 
  15   32     0    375 
  15   33     0    799 
  15   34     0    600 
  15   35     0    799 
  15   36     0    273 
  15   37     0    523 
  15   38     0    320 
  15   39     0    522 
  15   40     0    293 
  15   41     0    557 
  15   42     0    794 
  15   43     0    771 
  15   44     0    476 
  15   45     0    576 
  15   46     0    534 
  15   47     0    202 
  15   48     0    359 
  15   49     0    462 
  16    0     0    767 
  16    1     0    207 
  16    2     0    548 
  16    3     0    484 
  16    4     0    778 
  16    5     0    256 
  16    6     0    523 
  16    7     0    403 
  16    8     0    710 
  16    9     0    416 
  16   10     0    448 
  16   11     0    627 
  16   12     0    235 
  16   13     0    753 
  16   14     0    422 
  16   15     0    573 
  16   16     0    251 
  16   17     0    550 
  16   18     0    799 
  16   19     0    665 
  16   20     0    677 
  16   21     0    527 
  16   22     0    239 
  16   23     0    718 
  16   24     0    276 
  16   25     0    269 
  16   26     0    327 
  16   27     0    663 
  16   28     0    572 
  16   29     0    368 
  16   30     0    463 
  16   31     0    737 
  16   32     0    245 
  16   33     0    757 
  16   34     0    787 
  16   35     0    508 
  16   36     0    788 
  16   37     0    447 
  16   38     0    357 
  16   39     0    796 
  16   40     0    418 
  16   41     0    605 
  16   42     0    622 
  16   43     0    211 
  16   44     0    232 
  16   45     0    231 
  16   46     0    213 
  16   47     0    274 
  16   48     0    470 
  16   49     0    447 
  17    0     0    609 
  17    1     0    668 
  17    2     0    202 
  17    3     0    231 
  17    4     0    200 
  17    5     0    583 
  17    6     0    577 
  17    7     0    765 
  17    8     0    226 
  17    9     0    374 
  17   10     0    645 
  17   11     0    437 
  17   12     0    277 
  17   13     0    618 
  17   14     0    355 
  17   15     0    262 
  17   16     0    665 
  17   17     0    450 
  17   18     0    707 
  17   19     0    385 
  17   20     0    364 
  17   21     0    303 
  17   22     0    692 
  17   23     0    350 
  17   24     0    747 
  17   25     0    562 
  17   26     0    488 
  17   27     0    636 
  17   28     0    270 
  17   29     0    234 
  17   30     0    353 
  17   31     0    658 
  17   32     0    264 
  17   33     0    749 
  17   34     0    721 
  17   35     0    523 
  17   36     0    548 
  17   37     0    271 
  17   38     0    224 
  17   39     0    786 
  17   40     0    471 
  17   41     0    648 
  17   42     0    696 
  17   43     0    336 
  17   44     0    745 
  17   45     0    709 
  17   46     0    348 
  17   47     0    799 
  17   48     0    315 
  17   49     0    547 
  18    0     0    201 
  18    1     0    586 
  18    2     0    297 
  18    3     0    623 
  18    4     0    659 
  18    5     0    271 
  18    6     0    542 
  18    7     0    392 
  18    8     0    434 
  18    9     0    444 
  18   10     0    731 
  18   11     0    700 
  18   12     0    769 
  18   13     0    673 
  18   14     0    700 
  18   15     0    250 
  18   16     0    319 
  18   17     0    313 
  18   18     0    701 
  18   19     0    707 
  18   20     0    433 
  18   21     0    642 
  18   22     0    280 
  18   23     0    375 
  18   24     0    248 
  18   25     0    670 
  18   26     0    314 
  18   27     0    272 
  18   28     0    650 
  18   29     0    216 
  18   30     0    562 
  18   31     0    793 
  18   32     0    269 
  18   33     0    783 
  18   34     0    728 
  18   35     0    387 
  18   36     0    358 
  18   37     0    628 
  18   38     0    756 
  18   39     0    263 
  18   40     0    547 
  18   41     0    358 
  18   42     0    496 
  18   43     0    287 
  18   44     0    525 
  18   45     0    277 
  18   46     0    540 
  18   47     0    705 
  18   48     0    528 
  18   49     0    476 
  19    0     0    325 
  19    1     0    296 
  19    2     0    641 
  19    3     0    282 
  19    4     0    734 
  19    5     0    295 
  19    6     0    782 
  19    7     0    724 
  19    8     0    397 
  19    9     0    310 
  19   10     0    510 
  19   11     0    232 
  19   12     0    231 
  19   13     0    625 
  19   14     0    601 
  19   15     0    219 
  19   16     0    387 
  19   17     0    494 
  19   18     0    403 
  19   19     0    798 
  19   20     0    426 
  19   21     0    464 
  19   22     0    594 
  19   23     0    590 
  19   24     0    459 
  19   25     0    506 
  19   26     0    225 
  19   27     0    434 
  19   28     0    274 
  19   29     0    657 
  19   30     0    687 
  19   31     0    739 
  19   32     0    793 
  19   33     0    362 
  19   34     0    600 
  19   35     0    261 
  19   36     0    574 
  19   37     0    563 
  19   38     0    300 
  19   39     0    747 
  19   40     0    221 
  19   41     0    461 
  19   42     0    401 
  19   43     0    743 
  19   44     0    328 
  19   45     0    413 
  19   46     0    417 
  19   47     0    364 
  19   48     0    629 
  19   49     0    552 
  20    0     0    568 
  20    1     0    682 
  20    2     0    743 
  20    3     0    782 
  20    4     0    473 
  20    5     0    285 
  20    6     0    584 
  20    7     0    401 
  20    8     0    474 
  20    9     0    573 
  20   10     0    220 
  20   11     0    524 
  20   12     0    522 
  20   13     0    707 
  20   14     0    434 
  20   15     0    576 
  20   16     0    370 
  20   17     0    457 
  20   18     0    462 
  20   19     0    545 
  20   20     0    622 
  20   21     0    583 
  20   22     0    463 
  20   23     0    327 
  20   24     0    796 
  20   25     0    710 
  20   26     0    718 
  20   27     0    281 
  20   28     0    317 
  20   29     0    733 
  20   30     0    650 
  20   31     0    371 
  20   32     0    314 
  20   33     0    479 
  20   34     0    608 
  20   35     0    393 
  20   36     0    576 
  20   37     0    212 
  20   38     0    772 
  20   39     0    369 
  20   40     0    725 
  20   41     0    387 
  20   42     0    733 
  20   43     0    427 
  20   44     0    282 
  20   45     0    379 
  20   46     0    515 
  20   47     0    287 
  20   48     0    299 
  20   49     0    783 
  21    0     0    547 
  21    1     0    482 
  21    2     0    687 
  21    3     0    727 
  21    4     0    218 
  21    5     0    235 
  21    6     0    652 
  21    7     0    274 
  21    8     0    469 
  21    9     0    715 
  21   10     0    458 
  21   11     0    321 
  21   12     0    755 
  21   13     0    563 
  21   14     0    588 
  21   15     0    362 
  21   16     0    479 
  21   17     0    347 
  21   18     0    511 
  21   19     0    650 
  21   20     0    514 
  21   21     0    431 
  21   22     0    378 
  21   23     0    752 
  21   24     0    769 
  21   25     0    298 
  21   26     0    343 
  21   27     0    780 
  21   28     0    407 
  21   29     0    454 
  21   30     0    785 
  21   31     0    762 
  21   32     0    414 
  21   33     0    717 
  21   34     0    507 
  21   35     0    323 
  21   36     0    629 
  21   37     0    476 
  21   38     0    777 
  21   39     0    729 
  21   40     0    543 
  21   41     0    438 
  21   42     0    550 
  21   43     0    377 
  21   44     0    635 
  21   45     0    398 
  21   46     0    298 
  21   47     0    459 
  21   48     0    638 
  21   49     0    249 
  22    0     0    378 
  22    1     0    496 
  22    2     0    488 
  22    3     0    495 
  22    4     0    397 
  22    5     0    405 
  22    6     0    290 
  22    7     0    660 
  22    8     0    351 
  22    9     0    666 
  22   10     0    668 
  22   11     0    201 
  22   12     0    684 
  22   13     0    550 
  22   14     0    394 
  22   15     0    404 
  22   16     0    248 
  22   17     0    455 
  22   18     0    369 
  22   19     0    604 
  22   20     0    465 
  22   21     0    372 
  22   22     0    474 
  22   23     0    598 
  22   24     0    772 
  22   25     0    458 
  22   26     0    749 
  22   27     0    603 
  22   28     0    416 
  22   29     0    301 
  22   30     0    520 
  22   31     0    349 
  22   32     0    436 
  22   33     0    588 
  22   34     0    681 
  22   35     0    673 
  22   36     0    231 
  22   37     0    779 
  22   38     0    207 
  22   39     0    618 
  22   40     0    390 
  22   41     0    704 
  22   42     0    221 
  22   43     0    315 
  22   44     0    416 
  22   45     0    516 
  22   46     0    565 
  22   47     0    575 
  22   48     0    230 
  22   49     0    512 
  23    0     0    736 
  23    1     0    371 
  23    2     0    520 
  23    3     0    456 
  23    4     0    775 
  23    5     0    634 
  23    6     0    229 
  23    7     0    252 
  23    8     0    653 
  23    9     0    249 
  23   10     0    733 
  23   11     0    548 
  23   12     0    248 
  23   13     0    313 
  23   14     0    467 
  23   15     0    382 
  23   16     0    696 
  23   17     0    674 
  23   18     0    241 
  23   19     0    543 
  23   20     0    348 
  23   21     0    496 
  23   22     0    729 
  23   23     0    783 
  23   24     0    692 
  23   25     0    582 
  23   26     0    662 
  23   27     0    435 
  23   28     0    495 
  23   29     0    787 
  23   30     0    671 
  23   31     0    592 
  23   32     0    581 
  23   33     0    619 
  23   34     0    257 
  23   35     0    382 
  23   36     0    247 
  23   37     0    293 
  23   38     0    638 
  23   39     0    764 
  23   40     0    699 
  23   41     0    438 
  23   42     0    467 
  23   43     0    662 
  23   44     0    637 
  23   45     0    793 
  23   46     0    464 
  23   47     0    333 
  23   48     0    412 
  23   49     0    382 
  24    0     0    212 
  24    1     0    774 
  24    2     0    601 
  24    3     0    689 
  24    4     0    588 
  24    5     0    328 
  24    6     0    582 
  24    7     0    388 
  24    8     0    351 
  24    9     0    347 
  24   10     0    731 
  24   11     0    641 
  24   12     0    684 
  24   13     0    330 
  24   14     0    469 
  24   15     0    615 
  24   16     0    220 
  24   17     0    473 
  24   18     0    497 
  24   19     0    278 
  24   20     0    240 
  24   21     0    412 
  24   22     0    569 
  24   23     0    356 
  24   24     0    636 
  24   25     0    660 
  24   26     0    790 
  24   27     0    655 
  24   28     0    236 
  24   29     0    457 
  24   30     0    527 
  24   31     0    797 
  24   32     0    500 
  24   33     0    386 
  24   34     0    634 
  24   35     0    722 
  24   36     0    260 
  24   37     0    675 
  24   38     0    469 
  24   39     0    236 
  24   40     0    787 
  24   41     0    584 
  24   42     0    419 
  24   43     0    386 
  24   44     0    482 
  24   45     0    697 
  24   46     0    632 
  24   47     0    401 
  24   48     0    320 
  24   49     0    377 
  25    0     0    478 
  25    1     0    763 
  25    2     0    435 
  25    3     0    443 
  25    4     0    507 
  25    5     0    278 
  25    6     0    766 
  25    7     0    564 
  25    8     0    786 
  25    9     0    353 
  25   10     0    372 
  25   11     0    564 
  25   12     0    444 
  25   13     0    429 
  25   14     0    314 
  25   15     0    701 
  25   16     0    230 
  25   17     0    789 
  25   18     0    763 
  25   19     0    577 
  25   20     0    264 
  25   21     0    486 
  25   22     0    321 
  25   23     0    203 
  25   24     0    599 
  25   25     0    653 
  25   26     0    459 
  25   27     0    344 
  25   28     0    585 
  25   29     0    507 
  25   30     0    520 
  25   31     0    635 
  25   32     0    462 
  25   33     0    736 
  25   34     0    401 
  25   35     0    438 
  25   36     0    690 
  25   37     0    681 
  25   38     0    384 
  25   39     0    320 
  25   40     0    796 
  25   41     0    355 
  25   42     0    728 
  25   43     0    575 
  25   44     0    728 
  25   45     0    366 
  25   46     0    346 
  25   47     0    564 
  25   48     0    436 
  25   49     0    790 
  26    0     0    296 
  26    1     0    414 
  26    2     0    383 
  26    3     0    527 
  26    4     0    566 
  26    5     0    669 
  26    6     0    257 
  26    7     0    575 
  26    8     0    509 
  26    9     0    201 
  26   10     0    715 
  26   11     0    489 
  26   12     0    469 
  26   13     0    564 
  26   14     0    785 
  26   15     0    748 
  26   16     0    359 
  26   17     0    687 
  26   18     0    287 
  26   19     0    751 
  26   20     0    240 
  26   21     0    482 
  26   22     0    764 
  26   23     0    576 
  26   24     0    402 
  26   25     0    572 
  26   26     0    703 
  26   27     0    695 
  26   28     0    715 
  26   29     0    654 
  26   30     0    587 
  26   31     0    723 
  26   32     0    241 
  26   33     0    701 
  26   34     0    288 
  26   35     0    523 
  26   36     0    498 
  26   37     0    396 
  26   38     0    300 
  26   39     0    244 
  26   40     0    420 
  26   41     0    364 
  26   42     0    742 
  26   43     0    391 
  26   44     0    441 
  26   45     0    350 
  26   46     0    669 
  26   47     0    503 
  26   48     0    711 
  26   49     0    386 
  27    0     0    255 
  27    1     0    767 
  27    2     0    484 
  27    3     0    355 
  27    4     0    728 
  27    5     0    684 
  27    6     0    763 
  27    7     0    721 
  27    8     0    458 
  27    9     0    789 
  27   10     0    622 
  27   11     0    375 
  27   12     0    709 
  27   13     0    286 
  27   14     0    281 
  27   15     0    545 
  27   16     0    290 
  27   17     0    262 
  27   18     0    552 
  27   19     0    520 
  27   20     0    494 
  27   21     0    397 
  27   22     0    451 
  27   23     0    779 
  27   24     0    320 
  27   25     0    719 
  27   26     0    394 
  27   27     0    730 
  27   28     0    630 
  27   29     0    639 
  27   30     0    787 
  27   31     0    699 
  27   32     0    256 
  27   33     0    577 
  27   34     0    375 
  27   35     0    738 
  27   36     0    213 
  27   37     0    709 
  27   38     0    617 
  27   39     0    434 
  27   40     0    385 
  27   41     0    537 
  27   42     0    521 
  27   43     0    625 
  27   44     0    577 
  27   45     0    454 
  27   46     0    620 
  27   47     0    706 
  27   48     0    317 
  27   49     0    311 
  28    0     0    614 
  28    1     0    274 
  28    2     0    410 
  28    3     0    353 
  28    4     0    701 
  28    5     0    327 
  28    6     0    209 
  28    7     0    715 
  28    8     0    310 
  28    9     0    359 
  28   10     0    671 
  28   11     0    633 
  28   12     0    699 
  28   13     0    466 
  28   14     0    200 
  28   15     0    575 
  28   16     0    399 
  28   17     0    264 
  28   18     0    608 
  28   19     0    407 
  28   20     0    781 
  28   21     0    436 
  28   22     0    779 
  28   23     0    627 
  28   24     0    526 
  28   25     0    450 
  28   26     0    398 
  28   27     0    754 
  28   28     0    391 
  28   29     0    251 
  28   30     0    258 
  28   31     0    232 
  28   32     0    254 
  28   33     0    726 
  28   34     0    595 
  28   35     0    336 
  28   36     0    536 
  28   37     0    374 
  28   38     0    243 
  28   39     0    426 
  28   40     0    799 
  28   41     0    507 
  28   42     0    258 
  28   43     0    350 
  28   44     0    714 
  28   45     0    468 
  28   46     0    502 
  28   47     0    410 
  28   48     0    439 
  28   49     0    579 
  29    0     0    705 
  29    1     0    784 
  29    2     0    659 
  29    3     0    671 
  29    4     0    670 
  29    5     0    435 
  29    6     0    485 
  29    7     0    707 
  29    8     0    755 
  29    9     0    730 
  29   10     0    367 
  29   11     0    759 
  29   12     0    483 
  29   13     0    680 
  29   14     0    555 
  29   15     0    464 
  29   16     0    772 
  29   17     0    615 
  29   18     0    365 
  29   19     0    645 
  29   20     0    760 
  29   21     0    647 
  29   22     0    639 
  29   23     0    359 
  29   24     0    463 
  29   25     0    245 
  29   26     0    653 
  29   27     0    705 
  29   28     0    363 
  29   29     0    250 
  29   30     0    662 
  29   31     0    589 
  29   32     0    585 
  29   33     0    510 
  29   34     0    492 
  29   35     0    306 
  29   36     0    221 
  29   37     0    426 
  29   38     0    274 
  29   39     0    687 
  29   40     0    776 
  29   41     0    287 
  29   42     0    618 
  29   43     0    365 
  29   44     0    459 
  29   45     0    418 
  29   46     0    223 
  29   47     0    515 
  29   48     0    754 
  29   49     0    639 
  30    0     0    779 
  30    1     0    662 
  30    2     0    546 
  30    3     0    622 
  30    4     0    460 
  30    5     0    569 
  30    6     0    332 
  30    7     0    557 
  30    8     0    204 
  30    9     0    400 
  30   10     0    352 
  30   11     0    748 
  30   12     0    401 
  30   13     0    353 
  30   14     0    394 
  30   15     0    390 
  30   16     0    305 
  30   17     0    733 
  30   18     0    441 
  30   19     0    662 
  30   20     0    340 
  30   21     0    263 
  30   22     0    625 
  30   23     0    286 
  30   24     0    453 
  30   25     0    580 
  30   26     0    762 
  30   27     0    214 
  30   28     0    652 
  30   29     0    600 
  30   30     0    732 
  30   31     0    478 
  30   32     0    406 
  30   33     0    369 
  30   34     0    435 
  30   35     0    661 
  30   36     0    578 
  30   37     0    228 
  30   38     0    488 
  30   39     0    682 
  30   40     0    702 
  30   41     0    400 
  30   42     0    452 
  30   43     0    355 
  30   44     0    735 
  30   45     0    224 
  30   46     0    393 
  30   47     0    358 
  30   48     0    648 
  30   49     0    474 
  31    0     0    760 
  31    1     0    235 
  31    2     0    267 
  31    3     0    201 
  31    4     0    212 
  31    5     0    431 
  31    6     0    251 
  31    7     0    672 
  31    8     0    673 
  31    9     0    408 
  31   10     0    570 
  31   11     0    762 
  31   12     0    725 
  31   13     0    560 
  31   14     0    776 
  31   15     0    760 
  31   16     0    564 
  31   17     0    670 
  31   18     0    421 
  31   19     0    522 
  31   20     0    757 
  31   21     0    317 
  31   22     0    368 
  31   23     0    485 
  31   24     0    497 
  31   25     0    728 
  31   26     0    418 
  31   27     0    221 
  31   28     0    593 
  31   29     0    733 
  31   30     0    371 
  31   31     0    566 
  31   32     0    539 
  31   33     0    785 
  31   34     0    237 
  31   35     0    617 
  31   36     0    454 
  31   37     0    757 
  31   38     0    545 
  31   39     0    307 
  31   40     0    345 
  31   41     0    369 
  31   42     0    793 
  31   43     0    707 
  31   44     0    762 
  31   45     0    466 
  31   46     0    514 
  31   47     0    508 
  31   48     0    720 
  31   49     0    473 
  32    0     0    326 
  32    1     0    238 
  32    2     0    455 
  32    3     0    436 
  32    4     0    532 
  32    5     0    518 
  32    6     0    333 
  32    7     0    720 
  32    8     0    552 
  32    9     0    628 
  32   10     0    494 
  32   11     0    335 
  32   12     0    646 
  32   13     0    350 
  32   14     0    613 
  32   15     0    574 
  32   16     0    747 
  32   17     0    405 
  32   18     0    239 
  32   19     0    482 
  32   20     0    510 
  32   21     0    200 
  32   22     0    470 
  32   23     0    211 
  32   24     0    646 
  32   25     0    409 
  32   26     0    416 
  32   27     0    399 
  32   28     0    571 
  32   29     0    540 
  32   30     0    333 
  32   31     0    379 
  32   32     0    345 
  32   33     0    467 
  32   34     0    735 
  32   35     0    277 
  32   36     0    355 
  32   37     0    527 
  32   38     0    577 
  32   39     0    273 
  32   40     0    774 
  32   41     0    792 
  32   42     0    602 
  32   43     0    486 
  32   44     0    346 
  32   45     0    507 
  32   46     0    498 
  32   47     0    472 
  32   48     0    799 
  32   49     0    529 
  33    0     0    349 
  33    1     0    617 
  33    2     0    728 
  33    3     0    262 
  33    4     0    438 
  33    5     0    618 
  33    6     0    393 
  33    7     0    421 
  33    8     0    209 
  33    9     0    629 
  33   10     0    797 
  33   11     0    716 
  33   12     0    257 
  33   13     0    298 
  33   14     0    524 
  33   15     0    242 
  33   16     0    204 
  33   17     0    301 
  33   18     0    587 
  33   19     0    644 
  33   20     0    601 
  33   21     0    732 
  33   22     0    748 
  33   23     0    669 
  33   24     0    309 
  33   25     0    408 
  33   26     0    639 
  33   27     0    651 
  33   28     0    268 
  33   29     0    632 
  33   30     0    284 
  33   31     0    729 
  33   32     0    454 
  33   33     0    468 
  33   34     0    683 
  33   35     0    252 
  33   36     0    492 
  33   37     0    592 
  33   38     0    271 
  33   39     0    646 
  33   40     0    781 
  33   41     0    559 
  33   42     0    649 
  33   43     0    663 
  33   44     0    389 
  33   45     0    314 
  33   46     0    649 
  33   47     0    323 
  33   48     0    484 
  33   49     0    696 
  34    0     0    387 
  34    1     0    515 
  34    2     0    339 
  34    3     0    638 
  34    4     0    422 
  34    5     0    452 
  34    6     0    247 
  34    7     0    282 
  34    8     0    446 
  34    9     0    791 
  34   10     0    533 
  34   11     0    494 
  34   12     0    659 
  34   13     0    409 
  34   14     0    288 
  34   15     0    561 
  34   16     0    641 
  34   17     0    611 
  34   18     0    231 
  34   19     0    302 
  34   20     0    541 
  34   21     0    681 
  34   22     0    719 
  34   23     0    575 
  34   24     0    315 
  34   25     0    487 
  34   26     0    533 
  34   27     0    738 
  34   28     0    479 
  34   29     0    562 
  34   30     0    334 
  34   31     0    547 
  34   32     0    240 
  34   33     0    518 
  34   34     0    233 
  34   35     0    509 
  34   36     0    370 
  34   37     0    602 
  34   38     0    588 
  34   39     0    360 
  34   40     0    648 
  34   41     0    472 
  34   42     0    345 
  34   43     0    614 
  34   44     0    637 
  34   45     0    757 
  34   46     0    274 
  34   47     0    288 
  34   48     0    762 
  34   49     0    743 
  35    0     0    650 
  35    1     0    668 
  35    2     0    287 
  35    3     0    674 
  35    4     0    527 
  35    5     0    453 
  35    6     0    451 
  35    7     0    688 
  35    8     0    481 
  35    9     0    570 
  35   10     0    423 
  35   11     0    764 
  35   12     0    667 
  35   13     0    444 
  35   14     0    215 
  35   15     0    568 
  35   16     0    656 
  35   17     0    203 
  35   18     0    563 
  35   19     0    697 
  35   20     0    657 
  35   21     0    598 
  35   22     0    474 
  35   23     0    264 
  35   24     0    466 
  35   25     0    233 
  35   26     0    755 
  35   27     0    507 
  35   28     0    352 
  35   29     0    577 
  35   30     0    709 
  35   31     0    760 
  35   32     0    301 
  35   33     0    720 
  35   34     0    680 
  35   35     0    494 
  35   36     0    777 
  35   37     0    668 
  35   38     0    379 
  35   39     0    675 
  35   40     0    502 
  35   41     0    494 
  35   42     0    547 
  35   43     0    425 
  35   44     0    683 
  35   45     0    737 
  35   46     0    221 
  35   47     0    663 
  35   48     0    427 
  35   49     0    327 
  36    0     0    682 
  36    1     0    239 
  36    2     0    778 
  36    3     0    446 
  36    4     0    514 
  36    5     0    271 
  36    6     0    416 
  36    7     0    596 
  36    8     0    376 
  36    9     0    518 
  36   10     0    212 
  36   11     0    597 
  36   12     0    637 
  36   13     0    284 
  36   14     0    385 
  36   15     0    291 
  36   16     0    201 
  36   17     0    507 
  36   18     0    609 
  36   19     0    509 
  36   20     0    778 
  36   21     0    333 
  36   22     0    228 
  36   23     0    511 
  36   24     0    370 
  36   25     0    508 
  36   26     0    301 
  36   27     0    642 
  36   28     0    348 
  36   29     0    649 
  36   30     0    385 
  36   31     0    224 
  36   32     0    723 
  36   33     0    513 
  36   34     0    428 
  36   35     0    550 
  36   36     0    621 
  36   37     0    364 
  36   38     0    250 
  36   39     0    431 
  36   40     0    349 
  36   41     0    371 
  36   42     0    233 
  36   43     0    473 
  36   44     0    545 
  36   45     0    560 
  36   46     0    494 
  36   47     0    300 
  36   48     0    671 
  36   49     0    226 
  37    0     0    487 
  37    1     0    227 
  37    2     0    678 
  37    3     0    202 
  37    4     0    424 
  37    5     0    795 
  37    6     0    323 
  37    7     0    441 
  37    8     0    676 
  37    9     0    595 
  37   10     0    530 
  37   11     0    794 
  37   12     0    732 
  37   13     0    330 
  37   14     0    389 
  37   15     0    695 
  37   16     0    714 
  37   17     0    762 
  37   18     0    232 
  37   19     0    319 
  37   20     0    528 
  37   21     0    498 
  37   22     0    346 
  37   23     0    226 
  37   24     0    284 
  37   25     0    665 
  37   26     0    613 
  37   27     0    280 
  37   28     0    782 
  37   29     0    382 
  37   30     0    279 
  37   31     0    262 
  37   32     0    334 
  37   33     0    716 
  37   34     0    756 
  37   35     0    385 
  37   36     0    298 
  37   37     0    546 
  37   38     0    494 
  37   39     0    230 
  37   40     0    678 
  37   41     0    475 
  37   42     0    251 
  37   43     0    589 
  37   44     0    372 
  37   45     0    623 
  37   46     0    299 
  37   47     0    222 
  37   48     0    403 
  37   49     0    614 
  38    0     0    399 
  38    1     0    252 
  38    2     0    569 
  38    3     0    212 
  38    4     0    351 
  38    5     0    224 
  38    6     0    325 
  38    7     0    211 
  38    8     0    574 
  38    9     0    334 
  38   10     0    446 
  38   11     0    656 
  38   12     0    243 
  38   13     0    373 
  38   14     0    452 
  38   15     0    221 
  38   16     0    692 
  38   17     0    207 
  38   18     0    768 
  38   19     0    627 
  38   20     0    448 
  38   21     0    463 
  38   22     0    440 
  38   23     0    546 
  38   24     0    382 
  38   25     0    233 
  38   26     0    571 
  38   27     0    766 
  38   28     0    781 
  38   29     0    292 
  38   30     0    729 
  38   31     0    360 
  38   32     0    556 
  38   33     0    758 
  38   34     0    541 
  38   35     0    394 
  38   36     0    632 
  38   37     0    797 
  38   38     0    377 
  38   39     0    260 
  38   40     0    292 
  38   41     0    231 
  38   42     0    393 
  38   43     0    217 
  38   44     0    316 
  38   45     0    528 
  38   46     0    342 
  38   47     0    613 
  38   48     0    297 
  38   49     0    590 
  39    0     0    595 
  39    1     0    327 
  39    2     0    297 
  39    3     0    477 
  39    4     0    500 
  39    5     0    489 
  39    6     0    432 
  39    7     0    664 
  39    8     0    702 
  39    9     0    538 
  39   10     0    648 
  39   11     0    588 
  39   12     0    667 
  39   13     0    221 
  39   14     0    315 
  39   15     0    737 
  39   16     0    202 
  39   17     0    290 
  39   18     0    310 
  39   19     0    213 
  39   20     0    579 
  39   21     0    226 
  39   22     0    724 
  39   23     0    218 
  39   24     0    289 
  39   25     0    501 
  39   26     0    799 
  39   27     0    701 
  39   28     0    487 
  39   29     0    541 
  39   30     0    424 
  39   31     0    501 
  39   32     0    304 
  39   33     0    622 
  39   34     0    519 
  39   35     0    789 
  39   36     0    284 
  39   37     0    627 
  39   38     0    379 
  39   39     0    523 
  39   40     0    697 
  39   41     0    578 
  39   42     0    250 
  39   43     0    460 
  39   44     0    402 
  39   45     0    226 
  39   46     0    307 
  39   47     0    399 
  39   48     0    474 
  39   49     0    205 
  40    0     0    276 
  40    1     0    327 
  40    2     0    533 
  40    3     0    455 
  40    4     0    267 
  40    5     0    366 
  40    6     0    619 
  40    7     0    691 
  40    8     0    265 
  40    9     0    533 
  40   10     0    256 
  40   11     0    474 
  40   12     0    618 
  40   13     0    507 
  40   14     0    297 
  40   15     0    576 
  40   16     0    672 
  40   17     0    694 
  40   18     0    771 
  40   19     0    442 
  40   20     0    355 
  40   21     0    679 
  40   22     0    392 
  40   23     0    781 
  40   24     0    539 
  40   25     0    727 
  40   26     0    261 
  40   27     0    736 
  40   28     0    743 
  40   29     0    692 
  40   30     0    720 
  40   31     0    362 
  40   32     0    247 
  40   33     0    278 
  40   34     0    530 
  40   35     0    479 
  40   36     0    791 
  40   37     0    249 
  40   38     0    600 
  40   39     0    222 
  40   40     0    266 
  40   41     0    216 
  40   42     0    282 
  40   43     0    352 
  40   44     0    554 
  40   45     0    422 
  40   46     0    363 
  40   47     0    365 
  40   48     0    314 
  40   49     0    669 
  41    0     0    651 
  41    1     0    662 
  41    2     0    649 
  41    3     0    647 
  41    4     0    502 
  41    5     0    643 
  41    6     0    688 
  41    7     0    382 
  41    8     0    324 
  41    9     0    640 
  41   10     0    213 
  41   11     0    271 
  41   12     0    213 
  41   13     0    293 
  41   14     0    564 
  41   15     0    361 
  41   16     0    638 
  41   17     0    418 
  41   18     0    428 
  41   19     0    785 
  41   20     0    298 
  41   21     0    794 
  41   22     0    548 
  41   23     0    551 
  41   24     0    715 
  41   25     0    443 
  41   26     0    717 
  41   27     0    768 
  41   28     0    512 
  41   29     0    343 
  41   30     0    232 
  41   31     0    227 
  41   32     0    481 
  41   33     0    567 
  41   34     0    216 
  41   35     0    624 
  41   36     0    443 
  41   37     0    489 
  41   38     0    442 
  41   39     0    203 
  41   40     0    785 
  41   41     0    387 
  41   42     0    440 
  41   43     0    326 
  41   44     0    300 
  41   45     0    596 
  41   46     0    340 
  41   47     0    537 
  41   48     0    728 
  41   49     0    778 
  42    0     0    442 
  42    1     0    277 
  42    2     0    598 
  42    3     0    388 
  42    4     0    308 
  42    5     0    486 
  42    6     0    566 
  42    7     0    776 
  42    8     0    775 
  42    9     0    692 
  42   10     0    658 
  42   11     0    488 
  42   12     0    606 
  42   13     0    402 
  42   14     0    335 
  42   15     0    687 
  42   16     0    567 
  42   17     0    370 
  42   18     0    768 
  42   19     0    503 
  42   20     0    800 
  42   21     0    628 
  42   22     0    387 
  42   23     0    470 
  42   24     0    296 
  42   25     0    359 
  42   26     0    693 
  42   27     0    291 
  42   28     0    225 
  42   29     0    772 
  42   30     0    735 
  42   31     0    306 
  42   32     0    479 
  42   33     0    202 
  42   34     0    229 
  42   35     0    218 
  42   36     0    516 
  42   37     0    726 
  42   38     0    740 
  42   39     0    218 
  42   40     0    634 
  42   41     0    647 
  42   42     0    389 
  42   43     0    638 
  42   44     0    443 
  42   45     0    352 
  42   46     0    321 
  42   47     0    363 
  42   48     0    679 
  42   49     0    617 
  43    0     0    472 
  43    1     0    473 
  43    2     0    641 
  43    3     0    250 
  43    4     0    679 
  43    5     0    251 
  43    6     0    353 
  43    7     0    603 
  43    8     0    515 
  43    9     0    375 
  43   10     0    269 
  43   11     0    669 
  43   12     0    682 
  43   13     0    798 
  43   14     0    650 
  43   15     0    625 
  43   16     0    544 
  43   17     0    470 
  43   18     0    367 
  43   19     0    492 
  43   20     0    714 
  43   21     0    375 
  43   22     0    590 
  43   23     0    651 
  43   24     0    715 
  43   25     0    261 
  43   26     0    547 
  43   27     0    442 
  43   28     0    692 
  43   29     0    527 
  43   30     0    574 
  43   31     0    767 
  43   32     0    574 
  43   33     0    409 
  43   34     0    360 
  43   35     0    667 
  43   36     0    583 
  43   37     0    284 
  43   38     0    709 
  43   39     0    518 
  43   40     0    285 
  43   41     0    560 
  43   42     0    546 
  43   43     0    412 
  43   44     0    684 
  43   45     0    489 
  43   46     0    309 
  43   47     0    520 
  43   48     0    740 
  43   49     0    329 
  44    0     0    566 
  44    1     0    732 
  44    2     0    657 
  44    3     0    517 
  44    4     0    256 
  44    5     0    488 
  44    6     0    463 
  44    7     0    512 
  44    8     0    547 
  44    9     0    387 
  44   10     0    222 
  44   11     0    349 
  44   12     0    452 
  44   13     0    333 
  44   14     0    564 
  44   15     0    786 
  44   16     0    376 
  44   17     0    430 
  44   18     0    627 
  44   19     0    333 
  44   20     0    729 
  44   21     0    556 
  44   22     0    456 
  44   23     0    756 
  44   24     0    527 
  44   25     0    767 
  44   26     0    343 
  44   27     0    660 
  44   28     0    480 
  44   29     0    228 
  44   30     0    259 
  44   31     0    697 
  44   32     0    617 
  44   33     0    598 
  44   34     0    254 
  44   35     0    245 
  44   36     0    265 
  44   37     0    708 
  44   38     0    221 
  44   39     0    344 
  44   40     0    359 
  44   41     0    483 
  44   42     0    204 
  44   43     0    218 
  44   44     0    671 
  44   45     0    714 
  44   46     0    413 
  44   47     0    790 
  44   48     0    792 
  44   49     0    468 
  45    0     0    201 
  45    1     0    780 
  45    2     0    534 
  45    3     0    419 
  45    4     0    210 
  45    5     0    734 
  45    6     0    281 
  45    7     0    358 
  45    8     0    240 
  45    9     0    549 
  45   10     0    538 
  45   11     0    768 
  45   12     0    254 
  45   13     0    560 
  45   14     0    361 
  45   15     0    397 
  45   16     0    402 
  45   17     0    436 
  45   18     0    540 
  45   19     0    766 
  45   20     0    799 
  45   21     0    687 
  45   22     0    208 
  45   23     0    405 
  45   24     0    533 
  45   25     0    597 
  45   26     0    514 
  45   27     0    779 
  45   28     0    651 
  45   29     0    723 
  45   30     0    534 
  45   31     0    462 
  45   32     0    586 
  45   33     0    536 
  45   34     0    426 
  45   35     0    234 
  45   36     0    780 
  45   37     0    206 
  45   38     0    506 
  45   39     0    795 
  45   40     0    445 
  45   41     0    325 
  45   42     0    617 
  45   43     0    610 
  45   44     0    633 
  45   45     0    281 
  45   46     0    501 
  45   47     0    728 
  45   48     0    364 
  45   49     0    465 
  46    0     0    220 
  46    1     0    228 
  46    2     0    220 
  46    3     0    295 
  46    4     0    658 
  46    5     0    380 
  46    6     0    253 
  46    7     0    788 
  46    8     0    361 
  46    9     0    396 
  46   10     0    567 
  46   11     0    748 
  46   12     0    642 
  46   13     0    701 
  46   14     0    436 
  46   15     0    697 
  46   16     0    551 
  46   17     0    232 
  46   18     0    641 
  46   19     0    574 
  46   20     0    405 
  46   21     0    349 
  46   22     0    491 
  46   23     0    229 
  46   24     0    715 
  46   25     0    417 
  46   26     0    299 
  46   27     0    448 
  46   28     0    299 
  46   29     0    626 
  46   30     0    329 
  46   31     0    407 
  46   32     0    454 
  46   33     0    597 
  46   34     0    388 
  46   35     0    213 
  46   36     0    757 
  46   37     0    640 
  46   38     0    298 
  46   39     0    739 
  46   40     0    747 
  46   41     0    456 
  46   42     0    532 
  46   43     0    338 
  46   44     0    668 
  46   45     0    223 
  46   46     0    326 
  46   47     0    263 
  46   48     0    605 
  46   49     0    758 
  47    0     0    579 
  47    1     0    409 
  47    2     0    384 
  47    3     0    273 
  47    4     0    627 
  47    5     0    516 
  47    6     0    414 
  47    7     0    420 
  47    8     0    257 
  47    9     0    651 
  47   10     0    795 
  47   11     0    619 
  47   12     0    287 
  47   13     0    641 
  47   14     0    719 
  47   15     0    796 
  47   16     0    709 
  47   17     0    773 
  47   18     0    779 
  47   19     0    743 
  47   20     0    208 
  47   21     0    756 
  47   22     0    244 
  47   23     0    756 
  47   24     0    301 
  47   25     0    686 
  47   26     0    759 
  47   27     0    735 
  47   28     0    578 
  47   29     0    732 
  47   30     0    442 
  47   31     0    515 
  47   32     0    710 
  47   33     0    601 
  47   34     0    559 
  47   35     0    285 
  47   36     0    565 
  47   37     0    628 
  47   38     0    598 
  47   39     0    326 
  47   40     0    474 
  47   41     0    340 
  47   42     0    359 
  47   43     0    618 
  47   44     0    319 
  47   45     0    415 
  47   46     0    356 
  47   47     0    771 
  47   48     0    209 
  47   49     0    702 
  48    0     0    368 
  48    1     0    565 
  48    2     0    782 
  48    3     0    274 
  48    4     0    614 
  48    5     0    657 
  48    6     0    424 
  48    7     0    441 
  48    8     0    776 
  48    9     0    319 
  48   10     0    717 
  48   11     0    304 
  48   12     0    410 
  48   13     0    405 
  48   14     0    223 
  48   15     0    435 
  48   16     0    756 
  48   17     0    368 
  48   18     0    709 
  48   19     0    308 
  48   20     0    557 
  48   21     0    581 
  48   22     0    621 
  48   23     0    393 
  48   24     0    626 
  48   25     0    795 
  48   26     0    282 
  48   27     0    223 
  48   28     0    380 
  48   29     0    576 
  48   30     0    303 
  48   31     0    734 
  48   32     0    735 
  48   33     0    510 
  48   34     0    223 
  48   35     0    575 
  48   36     0    451 
  48   37     0    201 
  48   38     0    210 
  48   39     0    595 
  48   40     0    290 
  48   41     0    640 
  48   42     0    332 
  48   43     0    538 
  48   44     0    674 
  48   45     0    236 
  48   46     0    304 
  48   47     0    575 
  48   48     0    515 
  48   49     0    797 
  49    0     0    349 
  49    1     0    572 
  49    2     0    623 
  49    3     0    566 
  49    4     0    533 
  49    5     0    373 
  49    6     0    307 
  49    7     0    676 
  49    8     0    438 
  49    9     0    316 
  49   10     0    731 
  49   11     0    403 
  49   12     0    484 
  49   13     0    602 
  49   14     0    373 
  49   15     0    699 
  49   16     0    400 
  49   17     0    608 
  49   18     0    337 
  49   19     0    770 
  49   20     0    415 
  49   21     0    484 
  49   22     0    699 
  49   23     0    626 
  49   24     0    329 
  49   25     0    664 
  49   26     0    689 
  49   27     0    581 
  49   28     0    581 
  49   29     0    424 
  49   30     0    285 
  49   31     0    285 
  49   32     0    642 
  49   33     0    393 
  49   34     0    397 
  49   35     0    658 
  49   36     0    631 
  49   37     0    648 
  49   38     0    485 
  49   39     0    392 
  49   40     0    796 
  49   41     0    649 
  49   42     0    356 
  49   43     0    578 
  49   44     0    516 
  49   45     0    524 
  49   46     0    464 
  49   47     0    293 
  49   48     0    295 
  49   49     0    255 
