 50
 50

   16
   17
    5
   12
   14
   12
    9
    6
    6
   11
   10
   10
    4
    8
    1
    9
   20
   20
   11
   19
   14
   13
    4
   20
    2
   18
    9
    1
   20
   19
    3
    3
   13
    9
   11
    5
    9
   12
    7
   13
   10
    1
   16
    7
    9
    6
   11
    1
    7
    4

    8
   10
   16
   10
    5
    5
    1
    6
   14
    7
    5
    8
    3
    5
   15
   10
   12
    6
   18
   12
    4
    8
    3
   12
   13
   20
    8
    4
    9
   13
   16
   10
   20
   17
   12
    6
   14
    4
    4
   20
    7
   18
    3
   19
    6
    6
    8
   14
   14
    9

   0    0     0    394 
   0    1     0    371 
   0    2     0    426 
   0    3     0    440 
   0    4     0    281 
   0    5     0    332 
   0    6     0    264 
   0    7     0    305 
   0    8     0    750 
   0    9     0    762 
   0   10     0    441 
   0   11     0    411 
   0   12     0    393 
   0   13     0    761 
   0   14     0    269 
   0   15     0    384 
   0   16     0    340 
   0   17     0    474 
   0   18     0    471 
   0   19     0    781 
   0   20     0    327 
   0   21     0    755 
   0   22     0    616 
   0   23     0    463 
   0   24     0    327 
   0   25     0    597 
   0   26     0    590 
   0   27     0    431 
   0   28     0    768 
   0   29     0    443 
   0   30     0    316 
   0   31     0    609 
   0   32     0    784 
   0   33     0    289 
   0   34     0    269 
   0   35     0    750 
   0   36     0    226 
   0   37     0    544 
   0   38     0    212 
   0   39     0    356 
   0   40     0    513 
   0   41     0    234 
   0   42     0    208 
   0   43     0    407 
   0   44     0    693 
   0   45     0    314 
   0   46     0    534 
   0   47     0    753 
   0   48     0    624 
   0   49     0    781 
   1    0     0    289 
   1    1     0    301 
   1    2     0    776 
   1    3     0    273 
   1    4     0    302 
   1    5     0    543 
   1    6     0    209 
   1    7     0    685 
   1    8     0    533 
   1    9     0    491 
   1   10     0    764 
   1   11     0    298 
   1   12     0    356 
   1   13     0    451 
   1   14     0    563 
   1   15     0    612 
   1   16     0    458 
   1   17     0    717 
   1   18     0    407 
   1   19     0    609 
   1   20     0    211 
   1   21     0    279 
   1   22     0    376 
   1   23     0    566 
   1   24     0    303 
   1   25     0    710 
   1   26     0    435 
   1   27     0    764 
   1   28     0    787 
   1   29     0    579 
   1   30     0    670 
   1   31     0    447 
   1   32     0    214 
   1   33     0    211 
   1   34     0    379 
   1   35     0    762 
   1   36     0    754 
   1   37     0    433 
   1   38     0    556 
   1   39     0    530 
   1   40     0    342 
   1   41     0    227 
   1   42     0    496 
   1   43     0    763 
   1   44     0    583 
   1   45     0    684 
   1   46     0    794 
   1   47     0    568 
   1   48     0    662 
   1   49     0    455 
   2    0     0    279 
   2    1     0    704 
   2    2     0    680 
   2    3     0    606 
   2    4     0    301 
   2    5     0    415 
   2    6     0    585 
   2    7     0    290 
   2    8     0    400 
   2    9     0    719 
   2   10     0    768 
   2   11     0    363 
   2   12     0    584 
   2   13     0    659 
   2   14     0    363 
   2   15     0    487 
   2   16     0    445 
   2   17     0    532 
   2   18     0    238 
   2   19     0    330 
   2   20     0    530 
   2   21     0    331 
   2   22     0    453 
   2   23     0    744 
   2   24     0    349 
   2   25     0    798 
   2   26     0    206 
   2   27     0    405 
   2   28     0    392 
   2   29     0    321 
   2   30     0    241 
   2   31     0    746 
   2   32     0    547 
   2   33     0    276 
   2   34     0    711 
   2   35     0    625 
   2   36     0    769 
   2   37     0    265 
   2   38     0    606 
   2   39     0    581 
   2   40     0    212 
   2   41     0    461 
   2   42     0    696 
   2   43     0    512 
   2   44     0    724 
   2   45     0    795 
   2   46     0    544 
   2   47     0    622 
   2   48     0    497 
   2   49     0    735 
   3    0     0    737 
   3    1     0    389 
   3    2     0    723 
   3    3     0    544 
   3    4     0    395 
   3    5     0    203 
   3    6     0    411 
   3    7     0    463 
   3    8     0    713 
   3    9     0    444 
   3   10     0    506 
   3   11     0    297 
   3   12     0    653 
   3   13     0    370 
   3   14     0    782 
   3   15     0    699 
   3   16     0    681 
   3   17     0    416 
   3   18     0    629 
   3   19     0    287 
   3   20     0    786 
   3   21     0    421 
   3   22     0    478 
   3   23     0    685 
   3   24     0    556 
   3   25     0    479 
   3   26     0    683 
   3   27     0    261 
   3   28     0    229 
   3   29     0    773 
   3   30     0    730 
   3   31     0    621 
   3   32     0    449 
   3   33     0    358 
   3   34     0    675 
   3   35     0    792 
   3   36     0    276 
   3   37     0    202 
   3   38     0    270 
   3   39     0    256 
   3   40     0    327 
   3   41     0    390 
   3   42     0    714 
   3   43     0    369 
   3   44     0    274 
   3   45     0    572 
   3   46     0    599 
   3   47     0    527 
   3   48     0    216 
   3   49     0    337 
   4    0     0    735 
   4    1     0    386 
   4    2     0    294 
   4    3     0    221 
   4    4     0    623 
   4    5     0    782 
   4    6     0    498 
   4    7     0    249 
   4    8     0    309 
   4    9     0    263 
   4   10     0    359 
   4   11     0    300 
   4   12     0    469 
   4   13     0    452 
   4   14     0    398 
   4   15     0    574 
   4   16     0    438 
   4   17     0    638 
   4   18     0    756 
   4   19     0    600 
   4   20     0    703 
   4   21     0    232 
   4   22     0    468 
   4   23     0    627 
   4   24     0    477 
   4   25     0    384 
   4   26     0    206 
   4   27     0    601 
   4   28     0    234 
   4   29     0    298 
   4   30     0    539 
   4   31     0    649 
   4   32     0    652 
   4   33     0    782 
   4   34     0    394 
   4   35     0    200 
   4   36     0    717 
   4   37     0    294 
   4   38     0    752 
   4   39     0    342 
   4   40     0    510 
   4   41     0    543 
   4   42     0    653 
   4   43     0    427 
   4   44     0    282 
   4   45     0    672 
   4   46     0    516 
   4   47     0    650 
   4   48     0    579 
   4   49     0    328 
   5    0     0    699 
   5    1     0    429 
   5    2     0    469 
   5    3     0    626 
   5    4     0    546 
   5    5     0    295 
   5    6     0    690 
   5    7     0    212 
   5    8     0    300 
   5    9     0    681 
   5   10     0    592 
   5   11     0    364 
   5   12     0    605 
   5   13     0    660 
   5   14     0    436 
   5   15     0    463 
   5   16     0    528 
   5   17     0    610 
   5   18     0    584 
   5   19     0    437 
   5   20     0    798 
   5   21     0    611 
   5   22     0    592 
   5   23     0    500 
   5   24     0    781 
   5   25     0    666 
   5   26     0    211 
   5   27     0    393 
   5   28     0    585 
   5   29     0    761 
   5   30     0    353 
   5   31     0    652 
   5   32     0    411 
   5   33     0    301 
   5   34     0    461 
   5   35     0    602 
   5   36     0    682 
   5   37     0    558 
   5   38     0    588 
   5   39     0    666 
   5   40     0    358 
   5   41     0    213 
   5   42     0    533 
   5   43     0    370 
   5   44     0    391 
   5   45     0    524 
   5   46     0    341 
   5   47     0    586 
   5   48     0    689 
   5   49     0    646 
   6    0     0    409 
   6    1     0    751 
   6    2     0    538 
   6    3     0    239 
   6    4     0    379 
   6    5     0    499 
   6    6     0    705 
   6    7     0    620 
   6    8     0    311 
   6    9     0    684 
   6   10     0    782 
   6   11     0    728 
   6   12     0    702 
   6   13     0    361 
   6   14     0    777 
   6   15     0    344 
   6   16     0    441 
   6   17     0    704 
   6   18     0    534 
   6   19     0    738 
   6   20     0    553 
   6   21     0    723 
   6   22     0    503 
   6   23     0    202 
   6   24     0    450 
   6   25     0    693 
   6   26     0    616 
   6   27     0    302 
   6   28     0    796 
   6   29     0    448 
   6   30     0    564 
   6   31     0    428 
   6   32     0    394 
   6   33     0    357 
   6   34     0    296 
   6   35     0    747 
   6   36     0    781 
   6   37     0    564 
   6   38     0    368 
   6   39     0    581 
   6   40     0    425 
   6   41     0    652 
   6   42     0    531 
   6   43     0    306 
   6   44     0    366 
   6   45     0    584 
   6   46     0    256 
   6   47     0    463 
   6   48     0    789 
   6   49     0    433 
   7    0     0    493 
   7    1     0    347 
   7    2     0    223 
   7    3     0    276 
   7    4     0    470 
   7    5     0    515 
   7    6     0    466 
   7    7     0    399 
   7    8     0    587 
   7    9     0    302 
   7   10     0    368 
   7   11     0    315 
   7   12     0    679 
   7   13     0    532 
   7   14     0    523 
   7   15     0    334 
   7   16     0    793 
   7   17     0    297 
   7   18     0    792 
   7   19     0    770 
   7   20     0    552 
   7   21     0    618 
   7   22     0    382 
   7   23     0    473 
   7   24     0    255 
   7   25     0    643 
   7   26     0    403 
   7   27     0    668 
   7   28     0    293 
   7   29     0    310 
   7   30     0    754 
   7   31     0    356 
   7   32     0    460 
   7   33     0    692 
   7   34     0    667 
   7   35     0    758 
   7   36     0    600 
   7   37     0    221 
   7   38     0    776 
   7   39     0    488 
   7   40     0    637 
   7   41     0    479 
   7   42     0    489 
   7   43     0    738 
   7   44     0    363 
   7   45     0    656 
   7   46     0    797 
   7   47     0    426 
   7   48     0    511 
   7   49     0    277 
   8    0     0    525 
   8    1     0    589 
   8    2     0    555 
   8    3     0    290 
   8    4     0    714 
   8    5     0    508 
   8    6     0    511 
   8    7     0    759 
   8    8     0    530 
   8    9     0    275 
   8   10     0    480 
   8   11     0    257 
   8   12     0    203 
   8   13     0    283 
   8   14     0    446 
   8   15     0    549 
   8   16     0    724 
   8   17     0    281 
   8   18     0    324 
   8   19     0    570 
   8   20     0    728 
   8   21     0    338 
   8   22     0    349 
   8   23     0    719 
   8   24     0    388 
   8   25     0    774 
   8   26     0    415 
   8   27     0    301 
   8   28     0    663 
   8   29     0    535 
   8   30     0    413 
   8   31     0    517 
   8   32     0    578 
   8   33     0    379 
   8   34     0    202 
   8   35     0    419 
   8   36     0    478 
   8   37     0    641 
   8   38     0    478 
   8   39     0    520 
   8   40     0    716 
   8   41     0    553 
   8   42     0    704 
   8   43     0    449 
   8   44     0    591 
   8   45     0    778 
   8   46     0    310 
   8   47     0    489 
   8   48     0    349 
   8   49     0    274 
   9    0     0    516 
   9    1     0    783 
   9    2     0    291 
   9    3     0    369 
   9    4     0    298 
   9    5     0    215 
   9    6     0    698 
   9    7     0    682 
   9    8     0    382 
   9    9     0    261 
   9   10     0    551 
   9   11     0    400 
   9   12     0    716 
   9   13     0    782 
   9   14     0    549 
   9   15     0    235 
   9   16     0    213 
   9   17     0    456 
   9   18     0    292 
   9   19     0    627 
   9   20     0    358 
   9   21     0    273 
   9   22     0    766 
   9   23     0    611 
   9   24     0    202 
   9   25     0    237 
   9   26     0    382 
   9   27     0    500 
   9   28     0    593 
   9   29     0    672 
   9   30     0    586 
   9   31     0    674 
   9   32     0    511 
   9   33     0    486 
   9   34     0    706 
   9   35     0    585 
   9   36     0    599 
   9   37     0    234 
   9   38     0    474 
   9   39     0    461 
   9   40     0    393 
   9   41     0    531 
   9   42     0    308 
   9   43     0    545 
   9   44     0    252 
   9   45     0    741 
   9   46     0    524 
   9   47     0    253 
   9   48     0    398 
   9   49     0    776 
  10    0     0    477 
  10    1     0    402 
  10    2     0    461 
  10    3     0    666 
  10    4     0    712 
  10    5     0    707 
  10    6     0    306 
  10    7     0    522 
  10    8     0    204 
  10    9     0    322 
  10   10     0    511 
  10   11     0    619 
  10   12     0    276 
  10   13     0    243 
  10   14     0    253 
  10   15     0    257 
  10   16     0    541 
  10   17     0    513 
  10   18     0    586 
  10   19     0    438 
  10   20     0    410 
  10   21     0    705 
  10   22     0    267 
  10   23     0    539 
  10   24     0    426 
  10   25     0    449 
  10   26     0    655 
  10   27     0    652 
  10   28     0    503 
  10   29     0    550 
  10   30     0    491 
  10   31     0    697 
  10   32     0    250 
  10   33     0    630 
  10   34     0    319 
  10   35     0    738 
  10   36     0    788 
  10   37     0    232 
  10   38     0    786 
  10   39     0    203 
  10   40     0    729 
  10   41     0    728 
  10   42     0    252 
  10   43     0    355 
  10   44     0    264 
  10   45     0    745 
  10   46     0    238 
  10   47     0    215 
  10   48     0    208 
  10   49     0    780 
  11    0     0    617 
  11    1     0    470 
  11    2     0    567 
  11    3     0    494 
  11    4     0    378 
  11    5     0    435 
  11    6     0    553 
  11    7     0    344 
  11    8     0    404 
  11    9     0    652 
  11   10     0    661 
  11   11     0    616 
  11   12     0    234 
  11   13     0    773 
  11   14     0    675 
  11   15     0    357 
  11   16     0    516 
  11   17     0    661 
  11   18     0    224 
  11   19     0    722 
  11   20     0    214 
  11   21     0    363 
  11   22     0    293 
  11   23     0    499 
  11   24     0    763 
  11   25     0    784 
  11   26     0    367 
  11   27     0    623 
  11   28     0    626 
  11   29     0    202 
  11   30     0    795 
  11   31     0    337 
  11   32     0    243 
  11   33     0    458 
  11   34     0    549 
  11   35     0    759 
  11   36     0    790 
  11   37     0    456 
  11   38     0    695 
  11   39     0    330 
  11   40     0    490 
  11   41     0    265 
  11   42     0    483 
  11   43     0    278 
  11   44     0    234 
  11   45     0    789 
  11   46     0    716 
  11   47     0    269 
  11   48     0    542 
  11   49     0    568 
  12    0     0    231 
  12    1     0    651 
  12    2     0    748 
  12    3     0    684 
  12    4     0    545 
  12    5     0    742 
  12    6     0    388 
  12    7     0    597 
  12    8     0    344 
  12    9     0    776 
  12   10     0    670 
  12   11     0    779 
  12   12     0    399 
  12   13     0    434 
  12   14     0    381 
  12   15     0    200 
  12   16     0    766 
  12   17     0    287 
  12   18     0    292 
  12   19     0    617 
  12   20     0    274 
  12   21     0    350 
  12   22     0    523 
  12   23     0    695 
  12   24     0    259 
  12   25     0    593 
  12   26     0    765 
  12   27     0    564 
  12   28     0    610 
  12   29     0    322 
  12   30     0    282 
  12   31     0    499 
  12   32     0    728 
  12   33     0    375 
  12   34     0    266 
  12   35     0    595 
  12   36     0    511 
  12   37     0    260 
  12   38     0    607 
  12   39     0    274 
  12   40     0    699 
  12   41     0    584 
  12   42     0    775 
  12   43     0    478 
  12   44     0    507 
  12   45     0    618 
  12   46     0    542 
  12   47     0    603 
  12   48     0    650 
  12   49     0    637 
  13    0     0    396 
  13    1     0    392 
  13    2     0    586 
  13    3     0    528 
  13    4     0    565 
  13    5     0    416 
  13    6     0    767 
  13    7     0    782 
  13    8     0    276 
  13    9     0    663 
  13   10     0    378 
  13   11     0    653 
  13   12     0    674 
  13   13     0    452 
  13   14     0    637 
  13   15     0    508 
  13   16     0    254 
  13   17     0    274 
  13   18     0    436 
  13   19     0    758 
  13   20     0    320 
  13   21     0    462 
  13   22     0    678 
  13   23     0    342 
  13   24     0    411 
  13   25     0    640 
  13   26     0    509 
  13   27     0    674 
  13   28     0    372 
  13   29     0    731 
  13   30     0    412 
  13   31     0    617 
  13   32     0    475 
  13   33     0    291 
  13   34     0    567 
  13   35     0    228 
  13   36     0    731 
  13   37     0    240 
  13   38     0    579 
  13   39     0    695 
  13   40     0    800 
  13   41     0    458 
  13   42     0    318 
  13   43     0    612 
  13   44     0    387 
  13   45     0    646 
  13   46     0    567 
  13   47     0    800 
  13   48     0    376 
  13   49     0    507 
  14    0     0    639 
  14    1     0    203 
  14    2     0    340 
  14    3     0    306 
  14    4     0    589 
  14    5     0    656 
  14    6     0    258 
  14    7     0    239 
  14    8     0    464 
  14    9     0    487 
  14   10     0    226 
  14   11     0    470 
  14   12     0    461 
  14   13     0    293 
  14   14     0    744 
  14   15     0    544 
  14   16     0    400 
  14   17     0    484 
  14   18     0    440 
  14   19     0    596 
  14   20     0    562 
  14   21     0    206 
  14   22     0    717 
  14   23     0    381 
  14   24     0    226 
  14   25     0    331 
  14   26     0    261 
  14   27     0    633 
  14   28     0    701 
  14   29     0    687 
  14   30     0    536 
  14   31     0    419 
  14   32     0    278 
  14   33     0    580 
  14   34     0    413 
  14   35     0    347 
  14   36     0    364 
  14   37     0    354 
  14   38     0    630 
  14   39     0    795 
  14   40     0    790 
  14   41     0    411 
  14   42     0    597 
  14   43     0    553 
  14   44     0    493 
  14   45     0    326 
  14   46     0    220 
  14   47     0    635 
  14   48     0    596 
  14   49     0    398 
  15    0     0    680 
  15    1     0    645 
  15    2     0    578 
  15    3     0    676 
  15    4     0    477 
  15    5     0    584 
  15    6     0    540 
  15    7     0    728 
  15    8     0    726 
  15    9     0    496 
  15   10     0    588 
  15   11     0    544 
  15   12     0    643 
  15   13     0    691 
  15   14     0    359 
  15   15     0    479 
  15   16     0    393 
  15   17     0    770 
  15   18     0    400 
  15   19     0    352 
  15   20     0    333 
  15   21     0    573 
  15   22     0    433 
  15   23     0    381 
  15   24     0    569 
  15   25     0    729 
  15   26     0    719 
  15   27     0    463 
  15   28     0    305 
  15   29     0    375 
  15   30     0    565 
  15   31     0    398 
  15   32     0    460 
  15   33     0    711 
  15   34     0    407 
  15   35     0    486 
  15   36     0    248 
  15   37     0    763 
  15   38     0    202 
  15   39     0    441 
  15   40     0    465 
  15   41     0    570 
  15   42     0    788 
  15   43     0    430 
  15   44     0    557 
  15   45     0    602 
  15   46     0    703 
  15   47     0    710 
  15   48     0    272 
  15   49     0    492 
  16    0     0    431 
  16    1     0    675 
  16    2     0    243 
  16    3     0    619 
  16    4     0    473 
  16    5     0    487 
  16    6     0    306 
  16    7     0    684 
  16    8     0    636 
  16    9     0    474 
  16   10     0    521 
  16   11     0    291 
  16   12     0    595 
  16   13     0    496 
  16   14     0    754 
  16   15     0    708 
  16   16     0    601 
  16   17     0    418 
  16   18     0    409 
  16   19     0    364 
  16   20     0    369 
  16   21     0    670 
  16   22     0    754 
  16   23     0    516 
  16   24     0    624 
  16   25     0    742 
  16   26     0    719 
  16   27     0    725 
  16   28     0    341 
  16   29     0    485 
  16   30     0    463 
  16   31     0    480 
  16   32     0    365 
  16   33     0    488 
  16   34     0    299 
  16   35     0    294 
  16   36     0    572 
  16   37     0    659 
  16   38     0    626 
  16   39     0    635 
  16   40     0    543 
  16   41     0    471 
  16   42     0    398 
  16   43     0    370 
  16   44     0    756 
  16   45     0    284 
  16   46     0    500 
  16   47     0    511 
  16   48     0    424 
  16   49     0    393 
  17    0     0    459 
  17    1     0    410 
  17    2     0    382 
  17    3     0    705 
  17    4     0    519 
  17    5     0    220 
  17    6     0    796 
  17    7     0    649 
  17    8     0    636 
  17    9     0    778 
  17   10     0    384 
  17   11     0    350 
  17   12     0    288 
  17   13     0    720 
  17   14     0    601 
  17   15     0    726 
  17   16     0    705 
  17   17     0    222 
  17   18     0    723 
  17   19     0    697 
  17   20     0    709 
  17   21     0    474 
  17   22     0    339 
  17   23     0    219 
  17   24     0    359 
  17   25     0    720 
  17   26     0    588 
  17   27     0    369 
  17   28     0    603 
  17   29     0    530 
  17   30     0    232 
  17   31     0    302 
  17   32     0    736 
  17   33     0    526 
  17   34     0    572 
  17   35     0    281 
  17   36     0    654 
  17   37     0    413 
  17   38     0    375 
  17   39     0    543 
  17   40     0    390 
  17   41     0    314 
  17   42     0    238 
  17   43     0    401 
  17   44     0    692 
  17   45     0    529 
  17   46     0    247 
  17   47     0    262 
  17   48     0    470 
  17   49     0    204 
  18    0     0    649 
  18    1     0    268 
  18    2     0    758 
  18    3     0    570 
  18    4     0    411 
  18    5     0    740 
  18    6     0    437 
  18    7     0    308 
  18    8     0    539 
  18    9     0    655 
  18   10     0    589 
  18   11     0    218 
  18   12     0    579 
  18   13     0    662 
  18   14     0    381 
  18   15     0    715 
  18   16     0    396 
  18   17     0    459 
  18   18     0    671 
  18   19     0    245 
  18   20     0    464 
  18   21     0    557 
  18   22     0    335 
  18   23     0    432 
  18   24     0    241 
  18   25     0    604 
  18   26     0    354 
  18   27     0    357 
  18   28     0    703 
  18   29     0    656 
  18   30     0    647 
  18   31     0    756 
  18   32     0    458 
  18   33     0    396 
  18   34     0    483 
  18   35     0    656 
  18   36     0    459 
  18   37     0    622 
  18   38     0    385 
  18   39     0    566 
  18   40     0    210 
  18   41     0    282 
  18   42     0    666 
  18   43     0    738 
  18   44     0    705 
  18   45     0    499 
  18   46     0    264 
  18   47     0    467 
  18   48     0    271 
  18   49     0    423 
  19    0     0    794 
  19    1     0    339 
  19    2     0    247 
  19    3     0    794 
  19    4     0    799 
  19    5     0    550 
  19    6     0    462 
  19    7     0    795 
  19    8     0    465 
  19    9     0    618 
  19   10     0    278 
  19   11     0    204 
  19   12     0    748 
  19   13     0    344 
  19   14     0    248 
  19   15     0    743 
  19   16     0    620 
  19   17     0    706 
  19   18     0    644 
  19   19     0    308 
  19   20     0    224 
  19   21     0    670 
  19   22     0    475 
  19   23     0    351 
  19   24     0    604 
  19   25     0    495 
  19   26     0    365 
  19   27     0    352 
  19   28     0    374 
  19   29     0    565 
  19   30     0    630 
  19   31     0    656 
  19   32     0    467 
  19   33     0    600 
  19   34     0    314 
  19   35     0    467 
  19   36     0    288 
  19   37     0    720 
  19   38     0    751 
  19   39     0    361 
  19   40     0    548 
  19   41     0    427 
  19   42     0    747 
  19   43     0    488 
  19   44     0    607 
  19   45     0    240 
  19   46     0    530 
  19   47     0    268 
  19   48     0    523 
  19   49     0    605 
  20    0     0    754 
  20    1     0    526 
  20    2     0    236 
  20    3     0    717 
  20    4     0    425 
  20    5     0    628 
  20    6     0    567 
  20    7     0    546 
  20    8     0    690 
  20    9     0    474 
  20   10     0    651 
  20   11     0    653 
  20   12     0    491 
  20   13     0    650 
  20   14     0    758 
  20   15     0    604 
  20   16     0    226 
  20   17     0    643 
  20   18     0    553 
  20   19     0    224 
  20   20     0    664 
  20   21     0    647 
  20   22     0    237 
  20   23     0    350 
  20   24     0    507 
  20   25     0    715 
  20   26     0    271 
  20   27     0    289 
  20   28     0    313 
  20   29     0    458 
  20   30     0    285 
  20   31     0    796 
  20   32     0    779 
  20   33     0    512 
  20   34     0    661 
  20   35     0    322 
  20   36     0    421 
  20   37     0    746 
  20   38     0    259 
  20   39     0    363 
  20   40     0    348 
  20   41     0    511 
  20   42     0    385 
  20   43     0    780 
  20   44     0    402 
  20   45     0    601 
  20   46     0    468 
  20   47     0    746 
  20   48     0    688 
  20   49     0    532 
  21    0     0    659 
  21    1     0    211 
  21    2     0    429 
  21    3     0    751 
  21    4     0    475 
  21    5     0    569 
  21    6     0    560 
  21    7     0    373 
  21    8     0    706 
  21    9     0    427 
  21   10     0    484 
  21   11     0    267 
  21   12     0    707 
  21   13     0    741 
  21   14     0    279 
  21   15     0    417 
  21   16     0    538 
  21   17     0    677 
  21   18     0    241 
  21   19     0    496 
  21   20     0    717 
  21   21     0    555 
  21   22     0    244 
  21   23     0    424 
  21   24     0    677 
  21   25     0    769 
  21   26     0    355 
  21   27     0    623 
  21   28     0    599 
  21   29     0    470 
  21   30     0    746 
  21   31     0    311 
  21   32     0    797 
  21   33     0    716 
  21   34     0    315 
  21   35     0    553 
  21   36     0    280 
  21   37     0    629 
  21   38     0    279 
  21   39     0    206 
  21   40     0    428 
  21   41     0    680 
  21   42     0    741 
  21   43     0    319 
  21   44     0    297 
  21   45     0    437 
  21   46     0    248 
  21   47     0    389 
  21   48     0    663 
  21   49     0    661 
  22    0     0    335 
  22    1     0    394 
  22    2     0    372 
  22    3     0    486 
  22    4     0    337 
  22    5     0    484 
  22    6     0    775 
  22    7     0    535 
  22    8     0    386 
  22    9     0    361 
  22   10     0    795 
  22   11     0    640 
  22   12     0    279 
  22   13     0    725 
  22   14     0    251 
  22   15     0    349 
  22   16     0    352 
  22   17     0    347 
  22   18     0    526 
  22   19     0    293 
  22   20     0    441 
  22   21     0    644 
  22   22     0    622 
  22   23     0    537 
  22   24     0    570 
  22   25     0    792 
  22   26     0    416 
  22   27     0    727 
  22   28     0    334 
  22   29     0    601 
  22   30     0    610 
  22   31     0    445 
  22   32     0    309 
  22   33     0    280 
  22   34     0    480 
  22   35     0    606 
  22   36     0    730 
  22   37     0    389 
  22   38     0    509 
  22   39     0    368 
  22   40     0    603 
  22   41     0    212 
  22   42     0    214 
  22   43     0    248 
  22   44     0    565 
  22   45     0    460 
  22   46     0    399 
  22   47     0    529 
  22   48     0    297 
  22   49     0    352 
  23    0     0    449 
  23    1     0    745 
  23    2     0    245 
  23    3     0    595 
  23    4     0    648 
  23    5     0    489 
  23    6     0    673 
  23    7     0    215 
  23    8     0    730 
  23    9     0    271 
  23   10     0    704 
  23   11     0    336 
  23   12     0    218 
  23   13     0    551 
  23   14     0    388 
  23   15     0    695 
  23   16     0    631 
  23   17     0    458 
  23   18     0    582 
  23   19     0    719 
  23   20     0    575 
  23   21     0    649 
  23   22     0    240 
  23   23     0    731 
  23   24     0    234 
  23   25     0    340 
  23   26     0    656 
  23   27     0    600 
  23   28     0    770 
  23   29     0    646 
  23   30     0    265 
  23   31     0    283 
  23   32     0    595 
  23   33     0    439 
  23   34     0    557 
  23   35     0    539 
  23   36     0    448 
  23   37     0    521 
  23   38     0    307 
  23   39     0    279 
  23   40     0    728 
  23   41     0    381 
  23   42     0    548 
  23   43     0    677 
  23   44     0    506 
  23   45     0    441 
  23   46     0    551 
  23   47     0    559 
  23   48     0    239 
  23   49     0    384 
  24    0     0    401 
  24    1     0    279 
  24    2     0    445 
  24    3     0    333 
  24    4     0    668 
  24    5     0    563 
  24    6     0    545 
  24    7     0    377 
  24    8     0    430 
  24    9     0    738 
  24   10     0    242 
  24   11     0    755 
  24   12     0    391 
  24   13     0    669 
  24   14     0    730 
  24   15     0    426 
  24   16     0    637 
  24   17     0    609 
  24   18     0    228 
  24   19     0    675 
  24   20     0    292 
  24   21     0    453 
  24   22     0    324 
  24   23     0    497 
  24   24     0    692 
  24   25     0    330 
  24   26     0    670 
  24   27     0    503 
  24   28     0    537 
  24   29     0    463 
  24   30     0    625 
  24   31     0    369 
  24   32     0    606 
  24   33     0    589 
  24   34     0    459 
  24   35     0    296 
  24   36     0    323 
  24   37     0    287 
  24   38     0    394 
  24   39     0    379 
  24   40     0    513 
  24   41     0    754 
  24   42     0    392 
  24   43     0    427 
  24   44     0    304 
  24   45     0    646 
  24   46     0    443 
  24   47     0    516 
  24   48     0    578 
  24   49     0    679 
  25    0     0    462 
  25    1     0    200 
  25    2     0    260 
  25    3     0    644 
  25    4     0    451 
  25    5     0    280 
  25    6     0    704 
  25    7     0    376 
  25    8     0    748 
  25    9     0    351 
  25   10     0    416 
  25   11     0    237 
  25   12     0    561 
  25   13     0    619 
  25   14     0    619 
  25   15     0    449 
  25   16     0    336 
  25   17     0    246 
  25   18     0    377 
  25   19     0    346 
  25   20     0    601 
  25   21     0    590 
  25   22     0    300 
  25   23     0    579 
  25   24     0    685 
  25   25     0    499 
  25   26     0    252 
  25   27     0    740 
  25   28     0    662 
  25   29     0    737 
  25   30     0    329 
  25   31     0    619 
  25   32     0    400 
  25   33     0    208 
  25   34     0    543 
  25   35     0    606 
  25   36     0    668 
  25   37     0    553 
  25   38     0    637 
  25   39     0    455 
  25   40     0    779 
  25   41     0    554 
  25   42     0    326 
  25   43     0    209 
  25   44     0    699 
  25   45     0    413 
  25   46     0    660 
  25   47     0    200 
  25   48     0    661 
  25   49     0    296 
  26    0     0    267 
  26    1     0    426 
  26    2     0    347 
  26    3     0    269 
  26    4     0    218 
  26    5     0    716 
  26    6     0    223 
  26    7     0    694 
  26    8     0    527 
  26    9     0    740 
  26   10     0    306 
  26   11     0    764 
  26   12     0    358 
  26   13     0    327 
  26   14     0    472 
  26   15     0    728 
  26   16     0    261 
  26   17     0    612 
  26   18     0    351 
  26   19     0    243 
  26   20     0    746 
  26   21     0    785 
  26   22     0    473 
  26   23     0    594 
  26   24     0    740 
  26   25     0    206 
  26   26     0    654 
  26   27     0    422 
  26   28     0    526 
  26   29     0    781 
  26   30     0    481 
  26   31     0    677 
  26   32     0    653 
  26   33     0    708 
  26   34     0    410 
  26   35     0    727 
  26   36     0    609 
  26   37     0    518 
  26   38     0    493 
  26   39     0    226 
  26   40     0    577 
  26   41     0    276 
  26   42     0    546 
  26   43     0    205 
  26   44     0    730 
  26   45     0    583 
  26   46     0    460 
  26   47     0    334 
  26   48     0    722 
  26   49     0    722 
  27    0     0    503 
  27    1     0    639 
  27    2     0    572 
  27    3     0    690 
  27    4     0    689 
  27    5     0    615 
  27    6     0    655 
  27    7     0    264 
  27    8     0    725 
  27    9     0    367 
  27   10     0    239 
  27   11     0    754 
  27   12     0    340 
  27   13     0    739 
  27   14     0    459 
  27   15     0    613 
  27   16     0    528 
  27   17     0    515 
  27   18     0    240 
  27   19     0    797 
  27   20     0    555 
  27   21     0    487 
  27   22     0    495 
  27   23     0    651 
  27   24     0    547 
  27   25     0    405 
  27   26     0    796 
  27   27     0    392 
  27   28     0    440 
  27   29     0    409 
  27   30     0    273 
  27   31     0    292 
  27   32     0    434 
  27   33     0    247 
  27   34     0    772 
  27   35     0    721 
  27   36     0    491 
  27   37     0    568 
  27   38     0    659 
  27   39     0    547 
  27   40     0    458 
  27   41     0    210 
  27   42     0    310 
  27   43     0    741 
  27   44     0    419 
  27   45     0    578 
  27   46     0    747 
  27   47     0    318 
  27   48     0    496 
  27   49     0    495 
  28    0     0    743 
  28    1     0    616 
  28    2     0    652 
  28    3     0    242 
  28    4     0    418 
  28    5     0    317 
  28    6     0    210 
  28    7     0    524 
  28    8     0    425 
  28    9     0    272 
  28   10     0    439 
  28   11     0    623 
  28   12     0    283 
  28   13     0    635 
  28   14     0    791 
  28   15     0    796 
  28   16     0    374 
  28   17     0    227 
  28   18     0    385 
  28   19     0    752 
  28   20     0    752 
  28   21     0    512 
  28   22     0    422 
  28   23     0    739 
  28   24     0    536 
  28   25     0    241 
  28   26     0    617 
  28   27     0    641 
  28   28     0    530 
  28   29     0    755 
  28   30     0    297 
  28   31     0    601 
  28   32     0    659 
  28   33     0    524 
  28   34     0    376 
  28   35     0    490 
  28   36     0    527 
  28   37     0    312 
  28   38     0    773 
  28   39     0    568 
  28   40     0    545 
  28   41     0    452 
  28   42     0    776 
  28   43     0    423 
  28   44     0    703 
  28   45     0    528 
  28   46     0    239 
  28   47     0    397 
  28   48     0    410 
  28   49     0    671 
  29    0     0    568 
  29    1     0    379 
  29    2     0    408 
  29    3     0    347 
  29    4     0    696 
  29    5     0    268 
  29    6     0    601 
  29    7     0    527 
  29    8     0    472 
  29    9     0    261 
  29   10     0    354 
  29   11     0    636 
  29   12     0    285 
  29   13     0    360 
  29   14     0    220 
  29   15     0    207 
  29   16     0    215 
  29   17     0    437 
  29   18     0    474 
  29   19     0    286 
  29   20     0    265 
  29   21     0    794 
  29   22     0    223 
  29   23     0    244 
  29   24     0    235 
  29   25     0    232 
  29   26     0    300 
  29   27     0    392 
  29   28     0    585 
  29   29     0    332 
  29   30     0    338 
  29   31     0    222 
  29   32     0    300 
  29   33     0    244 
  29   34     0    604 
  29   35     0    421 
  29   36     0    578 
  29   37     0    392 
  29   38     0    417 
  29   39     0    779 
  29   40     0    704 
  29   41     0    665 
  29   42     0    552 
  29   43     0    603 
  29   44     0    375 
  29   45     0    773 
  29   46     0    457 
  29   47     0    210 
  29   48     0    607 
  29   49     0    346 
  30    0     0    212 
  30    1     0    698 
  30    2     0    458 
  30    3     0    474 
  30    4     0    790 
  30    5     0    500 
  30    6     0    555 
  30    7     0    564 
  30    8     0    627 
  30    9     0    515 
  30   10     0    715 
  30   11     0    669 
  30   12     0    361 
  30   13     0    365 
  30   14     0    311 
  30   15     0    628 
  30   16     0    326 
  30   17     0    630 
  30   18     0    392 
  30   19     0    466 
  30   20     0    384 
  30   21     0    779 
  30   22     0    782 
  30   23     0    452 
  30   24     0    242 
  30   25     0    305 
  30   26     0    276 
  30   27     0    631 
  30   28     0    515 
  30   29     0    241 
  30   30     0    769 
  30   31     0    517 
  30   32     0    683 
  30   33     0    622 
  30   34     0    227 
  30   35     0    618 
  30   36     0    800 
  30   37     0    556 
  30   38     0    765 
  30   39     0    221 
  30   40     0    539 
  30   41     0    454 
  30   42     0    562 
  30   43     0    779 
  30   44     0    626 
  30   45     0    783 
  30   46     0    707 
  30   47     0    675 
  30   48     0    353 
  30   49     0    451 
  31    0     0    310 
  31    1     0    434 
  31    2     0    475 
  31    3     0    357 
  31    4     0    781 
  31    5     0    743 
  31    6     0    758 
  31    7     0    694 
  31    8     0    750 
  31    9     0    202 
  31   10     0    314 
  31   11     0    583 
  31   12     0    497 
  31   13     0    453 
  31   14     0    756 
  31   15     0    539 
  31   16     0    699 
  31   17     0    363 
  31   18     0    470 
  31   19     0    400 
  31   20     0    473 
  31   21     0    497 
  31   22     0    451 
  31   23     0    207 
  31   24     0    484 
  31   25     0    281 
  31   26     0    566 
  31   27     0    579 
  31   28     0    660 
  31   29     0    532 
  31   30     0    333 
  31   31     0    430 
  31   32     0    585 
  31   33     0    460 
  31   34     0    290 
  31   35     0    205 
  31   36     0    443 
  31   37     0    577 
  31   38     0    419 
  31   39     0    499 
  31   40     0    235 
  31   41     0    259 
  31   42     0    259 
  31   43     0    652 
  31   44     0    453 
  31   45     0    346 
  31   46     0    256 
  31   47     0    747 
  31   48     0    708 
  31   49     0    299 
  32    0     0    273 
  32    1     0    278 
  32    2     0    440 
  32    3     0    346 
  32    4     0    560 
  32    5     0    241 
  32    6     0    662 
  32    7     0    531 
  32    8     0    673 
  32    9     0    373 
  32   10     0    235 
  32   11     0    724 
  32   12     0    272 
  32   13     0    356 
  32   14     0    719 
  32   15     0    642 
  32   16     0    204 
  32   17     0    464 
  32   18     0    662 
  32   19     0    337 
  32   20     0    620 
  32   21     0    750 
  32   22     0    625 
  32   23     0    335 
  32   24     0    700 
  32   25     0    439 
  32   26     0    679 
  32   27     0    452 
  32   28     0    545 
  32   29     0    208 
  32   30     0    398 
  32   31     0    346 
  32   32     0    512 
  32   33     0    775 
  32   34     0    206 
  32   35     0    329 
  32   36     0    766 
  32   37     0    290 
  32   38     0    783 
  32   39     0    412 
  32   40     0    496 
  32   41     0    755 
  32   42     0    650 
  32   43     0    664 
  32   44     0    794 
  32   45     0    483 
  32   46     0    612 
  32   47     0    408 
  32   48     0    794 
  32   49     0    361 
  33    0     0    510 
  33    1     0    760 
  33    2     0    423 
  33    3     0    774 
  33    4     0    633 
  33    5     0    754 
  33    6     0    641 
  33    7     0    299 
  33    8     0    279 
  33    9     0    544 
  33   10     0    335 
  33   11     0    787 
  33   12     0    334 
  33   13     0    329 
  33   14     0    519 
  33   15     0    383 
  33   16     0    490 
  33   17     0    494 
  33   18     0    442 
  33   19     0    529 
  33   20     0    672 
  33   21     0    230 
  33   22     0    642 
  33   23     0    591 
  33   24     0    385 
  33   25     0    457 
  33   26     0    504 
  33   27     0    622 
  33   28     0    609 
  33   29     0    322 
  33   30     0    458 
  33   31     0    633 
  33   32     0    239 
  33   33     0    580 
  33   34     0    397 
  33   35     0    708 
  33   36     0    593 
  33   37     0    629 
  33   38     0    493 
  33   39     0    534 
  33   40     0    715 
  33   41     0    743 
  33   42     0    499 
  33   43     0    239 
  33   44     0    334 
  33   45     0    662 
  33   46     0    428 
  33   47     0    285 
  33   48     0    762 
  33   49     0    639 
  34    0     0    778 
  34    1     0    717 
  34    2     0    262 
  34    3     0    566 
  34    4     0    407 
  34    5     0    780 
  34    6     0    304 
  34    7     0    583 
  34    8     0    715 
  34    9     0    450 
  34   10     0    569 
  34   11     0    595 
  34   12     0    749 
  34   13     0    529 
  34   14     0    680 
  34   15     0    712 
  34   16     0    578 
  34   17     0    503 
  34   18     0    349 
  34   19     0    779 
  34   20     0    264 
  34   21     0    292 
  34   22     0    762 
  34   23     0    373 
  34   24     0    728 
  34   25     0    451 
  34   26     0    607 
  34   27     0    436 
  34   28     0    257 
  34   29     0    800 
  34   30     0    500 
  34   31     0    680 
  34   32     0    344 
  34   33     0    737 
  34   34     0    222 
  34   35     0    389 
  34   36     0    227 
  34   37     0    786 
  34   38     0    361 
  34   39     0    384 
  34   40     0    435 
  34   41     0    403 
  34   42     0    768 
  34   43     0    454 
  34   44     0    757 
  34   45     0    210 
  34   46     0    213 
  34   47     0    359 
  34   48     0    735 
  34   49     0    606 
  35    0     0    456 
  35    1     0    442 
  35    2     0    477 
  35    3     0    239 
  35    4     0    638 
  35    5     0    652 
  35    6     0    781 
  35    7     0    719 
  35    8     0    299 
  35    9     0    219 
  35   10     0    516 
  35   11     0    442 
  35   12     0    305 
  35   13     0    307 
  35   14     0    448 
  35   15     0    684 
  35   16     0    731 
  35   17     0    432 
  35   18     0    686 
  35   19     0    357 
  35   20     0    461 
  35   21     0    235 
  35   22     0    776 
  35   23     0    754 
  35   24     0    709 
  35   25     0    262 
  35   26     0    632 
  35   27     0    463 
  35   28     0    517 
  35   29     0    588 
  35   30     0    421 
  35   31     0    416 
  35   32     0    742 
  35   33     0    330 
  35   34     0    630 
  35   35     0    721 
  35   36     0    539 
  35   37     0    455 
  35   38     0    776 
  35   39     0    207 
  35   40     0    466 
  35   41     0    482 
  35   42     0    450 
  35   43     0    728 
  35   44     0    499 
  35   45     0    503 
  35   46     0    636 
  35   47     0    752 
  35   48     0    299 
  35   49     0    447 
  36    0     0    505 
  36    1     0    468 
  36    2     0    777 
  36    3     0    258 
  36    4     0    207 
  36    5     0    473 
  36    6     0    627 
  36    7     0    630 
  36    8     0    438 
  36    9     0    557 
  36   10     0    504 
  36   11     0    467 
  36   12     0    692 
  36   13     0    377 
  36   14     0    205 
  36   15     0    748 
  36   16     0    419 
  36   17     0    622 
  36   18     0    612 
  36   19     0    578 
  36   20     0    534 
  36   21     0    351 
  36   22     0    499 
  36   23     0    459 
  36   24     0    343 
  36   25     0    795 
  36   26     0    756 
  36   27     0    224 
  36   28     0    499 
  36   29     0    432 
  36   30     0    552 
  36   31     0    430 
  36   32     0    672 
  36   33     0    603 
  36   34     0    258 
  36   35     0    666 
  36   36     0    556 
  36   37     0    457 
  36   38     0    554 
  36   39     0    584 
  36   40     0    757 
  36   41     0    673 
  36   42     0    607 
  36   43     0    357 
  36   44     0    274 
  36   45     0    800 
  36   46     0    692 
  36   47     0    473 
  36   48     0    343 
  36   49     0    602 
  37    0     0    411 
  37    1     0    364 
  37    2     0    575 
  37    3     0    651 
  37    4     0    497 
  37    5     0    800 
  37    6     0    731 
  37    7     0    696 
  37    8     0    701 
  37    9     0    607 
  37   10     0    587 
  37   11     0    568 
  37   12     0    533 
  37   13     0    288 
  37   14     0    283 
  37   15     0    216 
  37   16     0    235 
  37   17     0    561 
  37   18     0    694 
  37   19     0    271 
  37   20     0    372 
  37   21     0    313 
  37   22     0    539 
  37   23     0    732 
  37   24     0    585 
  37   25     0    393 
  37   26     0    628 
  37   27     0    662 
  37   28     0    558 
  37   29     0    275 
  37   30     0    501 
  37   31     0    454 
  37   32     0    642 
  37   33     0    763 
  37   34     0    234 
  37   35     0    737 
  37   36     0    697 
  37   37     0    604 
  37   38     0    208 
  37   39     0    478 
  37   40     0    565 
  37   41     0    787 
  37   42     0    606 
  37   43     0    673 
  37   44     0    622 
  37   45     0    510 
  37   46     0    753 
  37   47     0    619 
  37   48     0    503 
  37   49     0    649 
  38    0     0    447 
  38    1     0    265 
  38    2     0    645 
  38    3     0    514 
  38    4     0    738 
  38    5     0    311 
  38    6     0    202 
  38    7     0    200 
  38    8     0    279 
  38    9     0    583 
  38   10     0    382 
  38   11     0    314 
  38   12     0    592 
  38   13     0    574 
  38   14     0    503 
  38   15     0    696 
  38   16     0    379 
  38   17     0    734 
  38   18     0    241 
  38   19     0    676 
  38   20     0    573 
  38   21     0    503 
  38   22     0    218 
  38   23     0    278 
  38   24     0    566 
  38   25     0    387 
  38   26     0    421 
  38   27     0    267 
  38   28     0    640 
  38   29     0    400 
  38   30     0    236 
  38   31     0    785 
  38   32     0    550 
  38   33     0    312 
  38   34     0    610 
  38   35     0    326 
  38   36     0    395 
  38   37     0    241 
  38   38     0    688 
  38   39     0    669 
  38   40     0    487 
  38   41     0    480 
  38   42     0    278 
  38   43     0    313 
  38   44     0    202 
  38   45     0    491 
  38   46     0    317 
  38   47     0    692 
  38   48     0    487 
  38   49     0    294 
  39    0     0    212 
  39    1     0    581 
  39    2     0    223 
  39    3     0    242 
  39    4     0    740 
  39    5     0    458 
  39    6     0    576 
  39    7     0    734 
  39    8     0    530 
  39    9     0    203 
  39   10     0    270 
  39   11     0    292 
  39   12     0    362 
  39   13     0    628 
  39   14     0    631 
  39   15     0    758 
  39   16     0    790 
  39   17     0    338 
  39   18     0    579 
  39   19     0    463 
  39   20     0    512 
  39   21     0    402 
  39   22     0    756 
  39   23     0    367 
  39   24     0    754 
  39   25     0    609 
  39   26     0    608 
  39   27     0    596 
  39   28     0    442 
  39   29     0    739 
  39   30     0    600 
  39   31     0    453 
  39   32     0    599 
  39   33     0    416 
  39   34     0    471 
  39   35     0    679 
  39   36     0    755 
  39   37     0    733 
  39   38     0    445 
  39   39     0    202 
  39   40     0    482 
  39   41     0    582 
  39   42     0    693 
  39   43     0    397 
  39   44     0    298 
  39   45     0    212 
  39   46     0    650 
  39   47     0    611 
  39   48     0    640 
  39   49     0    444 
  40    0     0    731 
  40    1     0    601 
  40    2     0    261 
  40    3     0    756 
  40    4     0    344 
  40    5     0    470 
  40    6     0    683 
  40    7     0    791 
  40    8     0    307 
  40    9     0    729 
  40   10     0    245 
  40   11     0    318 
  40   12     0    568 
  40   13     0    598 
  40   14     0    611 
  40   15     0    212 
  40   16     0    715 
  40   17     0    394 
  40   18     0    671 
  40   19     0    545 
  40   20     0    370 
  40   21     0    725 
  40   22     0    259 
  40   23     0    687 
  40   24     0    208 
  40   25     0    267 
  40   26     0    330 
  40   27     0    263 
  40   28     0    296 
  40   29     0    239 
  40   30     0    641 
  40   31     0    786 
  40   32     0    493 
  40   33     0    280 
  40   34     0    477 
  40   35     0    201 
  40   36     0    644 
  40   37     0    568 
  40   38     0    217 
  40   39     0    462 
  40   40     0    664 
  40   41     0    417 
  40   42     0    327 
  40   43     0    200 
  40   44     0    261 
  40   45     0    561 
  40   46     0    796 
  40   47     0    220 
  40   48     0    527 
  40   49     0    710 
  41    0     0    248 
  41    1     0    656 
  41    2     0    278 
  41    3     0    501 
  41    4     0    214 
  41    5     0    360 
  41    6     0    581 
  41    7     0    316 
  41    8     0    721 
  41    9     0    396 
  41   10     0    534 
  41   11     0    764 
  41   12     0    494 
  41   13     0    262 
  41   14     0    596 
  41   15     0    689 
  41   16     0    764 
  41   17     0    272 
  41   18     0    429 
  41   19     0    567 
  41   20     0    562 
  41   21     0    594 
  41   22     0    267 
  41   23     0    697 
  41   24     0    300 
  41   25     0    643 
  41   26     0    221 
  41   27     0    379 
  41   28     0    611 
  41   29     0    338 
  41   30     0    623 
  41   31     0    200 
  41   32     0    739 
  41   33     0    714 
  41   34     0    738 
  41   35     0    286 
  41   36     0    574 
  41   37     0    579 
  41   38     0    511 
  41   39     0    405 
  41   40     0    773 
  41   41     0    286 
  41   42     0    540 
  41   43     0    775 
  41   44     0    609 
  41   45     0    369 
  41   46     0    484 
  41   47     0    273 
  41   48     0    707 
  41   49     0    509 
  42    0     0    265 
  42    1     0    585 
  42    2     0    627 
  42    3     0    341 
  42    4     0    279 
  42    5     0    544 
  42    6     0    698 
  42    7     0    456 
  42    8     0    690 
  42    9     0    480 
  42   10     0    245 
  42   11     0    395 
  42   12     0    661 
  42   13     0    523 
  42   14     0    373 
  42   15     0    718 
  42   16     0    250 
  42   17     0    704 
  42   18     0    448 
  42   19     0    426 
  42   20     0    651 
  42   21     0    710 
  42   22     0    420 
  42   23     0    331 
  42   24     0    791 
  42   25     0    214 
  42   26     0    331 
  42   27     0    758 
  42   28     0    400 
  42   29     0    218 
  42   30     0    756 
  42   31     0    509 
  42   32     0    215 
  42   33     0    523 
  42   34     0    633 
  42   35     0    253 
  42   36     0    292 
  42   37     0    706 
  42   38     0    203 
  42   39     0    680 
  42   40     0    496 
  42   41     0    611 
  42   42     0    289 
  42   43     0    756 
  42   44     0    530 
  42   45     0    593 
  42   46     0    335 
  42   47     0    471 
  42   48     0    413 
  42   49     0    417 
  43    0     0    596 
  43    1     0    430 
  43    2     0    362 
  43    3     0    462 
  43    4     0    698 
  43    5     0    699 
  43    6     0    239 
  43    7     0    383 
  43    8     0    631 
  43    9     0    703 
  43   10     0    450 
  43   11     0    796 
  43   12     0    454 
  43   13     0    278 
  43   14     0    359 
  43   15     0    234 
  43   16     0    652 
  43   17     0    240 
  43   18     0    642 
  43   19     0    467 
  43   20     0    767 
  43   21     0    614 
  43   22     0    311 
  43   23     0    650 
  43   24     0    577 
  43   25     0    227 
  43   26     0    319 
  43   27     0    234 
  43   28     0    586 
  43   29     0    465 
  43   30     0    416 
  43   31     0    385 
  43   32     0    370 
  43   33     0    794 
  43   34     0    439 
  43   35     0    773 
  43   36     0    271 
  43   37     0    711 
  43   38     0    649 
  43   39     0    648 
  43   40     0    785 
  43   41     0    324 
  43   42     0    394 
  43   43     0    497 
  43   44     0    469 
  43   45     0    483 
  43   46     0    247 
  43   47     0    245 
  43   48     0    574 
  43   49     0    744 
  44    0     0    722 
  44    1     0    597 
  44    2     0    717 
  44    3     0    539 
  44    4     0    537 
  44    5     0    626 
  44    6     0    740 
  44    7     0    529 
  44    8     0    292 
  44    9     0    497 
  44   10     0    754 
  44   11     0    368 
  44   12     0    718 
  44   13     0    470 
  44   14     0    462 
  44   15     0    686 
  44   16     0    618 
  44   17     0    298 
  44   18     0    759 
  44   19     0    403 
  44   20     0    487 
  44   21     0    530 
  44   22     0    518 
  44   23     0    587 
  44   24     0    737 
  44   25     0    530 
  44   26     0    303 
  44   27     0    393 
  44   28     0    649 
  44   29     0    404 
  44   30     0    373 
  44   31     0    338 
  44   32     0    383 
  44   33     0    692 
  44   34     0    762 
  44   35     0    536 
  44   36     0    735 
  44   37     0    466 
  44   38     0    573 
  44   39     0    336 
  44   40     0    337 
  44   41     0    343 
  44   42     0    758 
  44   43     0    252 
  44   44     0    648 
  44   45     0    452 
  44   46     0    209 
  44   47     0    775 
  44   48     0    266 
  44   49     0    772 
  45    0     0    731 
  45    1     0    503 
  45    2     0    693 
  45    3     0    619 
  45    4     0    554 
  45    5     0    251 
  45    6     0    700 
  45    7     0    298 
  45    8     0    580 
  45    9     0    256 
  45   10     0    286 
  45   11     0    399 
  45   12     0    788 
  45   13     0    507 
  45   14     0    278 
  45   15     0    656 
  45   16     0    674 
  45   17     0    464 
  45   18     0    507 
  45   19     0    511 
  45   20     0    239 
  45   21     0    657 
  45   22     0    206 
  45   23     0    246 
  45   24     0    471 
  45   25     0    540 
  45   26     0    439 
  45   27     0    529 
  45   28     0    521 
  45   29     0    408 
  45   30     0    751 
  45   31     0    558 
  45   32     0    563 
  45   33     0    287 
  45   34     0    449 
  45   35     0    434 
  45   36     0    523 
  45   37     0    751 
  45   38     0    302 
  45   39     0    431 
  45   40     0    419 
  45   41     0    408 
  45   42     0    357 
  45   43     0    649 
  45   44     0    262 
  45   45     0    317 
  45   46     0    663 
  45   47     0    394 
  45   48     0    779 
  45   49     0    557 
  46    0     0    702 
  46    1     0    396 
  46    2     0    377 
  46    3     0    608 
  46    4     0    476 
  46    5     0    677 
  46    6     0    632 
  46    7     0    568 
  46    8     0    712 
  46    9     0    792 
  46   10     0    352 
  46   11     0    409 
  46   12     0    611 
  46   13     0    501 
  46   14     0    271 
  46   15     0    662 
  46   16     0    467 
  46   17     0    300 
  46   18     0    531 
  46   19     0    735 
  46   20     0    368 
  46   21     0    355 
  46   22     0    405 
  46   23     0    361 
  46   24     0    589 
  46   25     0    580 
  46   26     0    351 
  46   27     0    230 
  46   28     0    790 
  46   29     0    723 
  46   30     0    522 
  46   31     0    539 
  46   32     0    724 
  46   33     0    485 
  46   34     0    508 
  46   35     0    779 
  46   36     0    413 
  46   37     0    305 
  46   38     0    783 
  46   39     0    625 
  46   40     0    586 
  46   41     0    261 
  46   42     0    597 
  46   43     0    618 
  46   44     0    415 
  46   45     0    215 
  46   46     0    763 
  46   47     0    796 
  46   48     0    646 
  46   49     0    359 
  47    0     0    767 
  47    1     0    591 
  47    2     0    405 
  47    3     0    695 
  47    4     0    787 
  47    5     0    319 
  47    6     0    723 
  47    7     0    631 
  47    8     0    371 
  47    9     0    354 
  47   10     0    714 
  47   11     0    681 
  47   12     0    474 
  47   13     0    225 
  47   14     0    622 
  47   15     0    722 
  47   16     0    601 
  47   17     0    462 
  47   18     0    369 
  47   19     0    251 
  47   20     0    706 
  47   21     0    541 
  47   22     0    481 
  47   23     0    224 
  47   24     0    742 
  47   25     0    495 
  47   26     0    278 
  47   27     0    540 
  47   28     0    524 
  47   29     0    522 
  47   30     0    270 
  47   31     0    333 
  47   32     0    328 
  47   33     0    351 
  47   34     0    408 
  47   35     0    327 
  47   36     0    620 
  47   37     0    260 
  47   38     0    315 
  47   39     0    250 
  47   40     0    610 
  47   41     0    731 
  47   42     0    691 
  47   43     0    796 
  47   44     0    296 
  47   45     0    405 
  47   46     0    776 
  47   47     0    320 
  47   48     0    709 
  47   49     0    402 
  48    0     0    611 
  48    1     0    381 
  48    2     0    764 
  48    3     0    757 
  48    4     0    521 
  48    5     0    639 
  48    6     0    411 
  48    7     0    375 
  48    8     0    283 
  48    9     0    200 
  48   10     0    681 
  48   11     0    389 
  48   12     0    528 
  48   13     0    412 
  48   14     0    276 
  48   15     0    552 
  48   16     0    603 
  48   17     0    788 
  48   18     0    686 
  48   19     0    280 
  48   20     0    397 
  48   21     0    791 
  48   22     0    312 
  48   23     0    446 
  48   24     0    236 
  48   25     0    729 
  48   26     0    518 
  48   27     0    474 
  48   28     0    435 
  48   29     0    422 
  48   30     0    759 
  48   31     0    386 
  48   32     0    692 
  48   33     0    639 
  48   34     0    410 
  48   35     0    656 
  48   36     0    611 
  48   37     0    412 
  48   38     0    251 
  48   39     0    787 
  48   40     0    346 
  48   41     0    371 
  48   42     0    563 
  48   43     0    409 
  48   44     0    218 
  48   45     0    630 
  48   46     0    265 
  48   47     0    206 
  48   48     0    786 
  48   49     0    662 
  49    0     0    255 
  49    1     0    799 
  49    2     0    296 
  49    3     0    521 
  49    4     0    612 
  49    5     0    295 
  49    6     0    294 
  49    7     0    429 
  49    8     0    759 
  49    9     0    776 
  49   10     0    695 
  49   11     0    550 
  49   12     0    762 
  49   13     0    396 
  49   14     0    652 
  49   15     0    339 
  49   16     0    537 
  49   17     0    573 
  49   18     0    362 
  49   19     0    413 
  49   20     0    730 
  49   21     0    415 
  49   22     0    297 
  49   23     0    400 
  49   24     0    655 
  49   25     0    398 
  49   26     0    303 
  49   27     0    571 
  49   28     0    374 
  49   29     0    318 
  49   30     0    641 
  49   31     0    307 
  49   32     0    384 
  49   33     0    576 
  49   34     0    561 
  49   35     0    215 
  49   36     0    713 
  49   37     0    457 
  49   38     0    522 
  49   39     0    470 
  49   40     0    278 
  49   41     0    255 
  49   42     0    553 
  49   43     0    381 
  49   44     0    263 
  49   45     0    686 
  49   46     0    448 
  49   47     0    309 
  49   48     0    530 
  49   49     0    644 
