 50
 50

    4
   15
   10
   13
   14
    6
    7
   15
    8
   18
   19
    6
    3
   15
   12
    9
   14
    6
    7
    6
    1
   20
    2
    1
   17
   15
    8
    4
    5
   11
    9
   17
   20
   20
   10
   19
    5
   16
    8
   12
    8
    9
   18
    3
    6
    5
    9
   18
   16
    2

   19
    9
   16
   14
    4
    7
   16
    3
   17
    2
   17
    6
   13
   14
    6
   15
   15
    5
    5
   17
   16
    9
    1
   11
    2
    3
   15
   17
   11
    2
   17
   13
    2
    5
   19
   17
   10
    8
    9
   19
   12
    7
    4
   19
   13
   19
    4
    1
    7
    9

   0    0     0    354 
   0    1     0    478 
   0    2     0    282 
   0    3     0    560 
   0    4     0    436 
   0    5     0    613 
   0    6     0    323 
   0    7     0    672 
   0    8     0    629 
   0    9     0    285 
   0   10     0    249 
   0   11     0    799 
   0   12     0    222 
   0   13     0    465 
   0   14     0    520 
   0   15     0    286 
   0   16     0    768 
   0   17     0    730 
   0   18     0    590 
   0   19     0    339 
   0   20     0    569 
   0   21     0    491 
   0   22     0    720 
   0   23     0    358 
   0   24     0    680 
   0   25     0    209 
   0   26     0    417 
   0   27     0    461 
   0   28     0    301 
   0   29     0    380 
   0   30     0    368 
   0   31     0    513 
   0   32     0    741 
   0   33     0    243 
   0   34     0    445 
   0   35     0    369 
   0   36     0    750 
   0   37     0    733 
   0   38     0    359 
   0   39     0    673 
   0   40     0    740 
   0   41     0    278 
   0   42     0    541 
   0   43     0    635 
   0   44     0    237 
   0   45     0    464 
   0   46     0    735 
   0   47     0    355 
   0   48     0    293 
   0   49     0    515 
   1    0     0    317 
   1    1     0    572 
   1    2     0    229 
   1    3     0    234 
   1    4     0    209 
   1    5     0    313 
   1    6     0    629 
   1    7     0    700 
   1    8     0    352 
   1    9     0    487 
   1   10     0    713 
   1   11     0    782 
   1   12     0    594 
   1   13     0    463 
   1   14     0    255 
   1   15     0    612 
   1   16     0    731 
   1   17     0    690 
   1   18     0    260 
   1   19     0    445 
   1   20     0    745 
   1   21     0    391 
   1   22     0    651 
   1   23     0    406 
   1   24     0    295 
   1   25     0    517 
   1   26     0    452 
   1   27     0    476 
   1   28     0    399 
   1   29     0    661 
   1   30     0    328 
   1   31     0    251 
   1   32     0    345 
   1   33     0    644 
   1   34     0    518 
   1   35     0    251 
   1   36     0    480 
   1   37     0    644 
   1   38     0    223 
   1   39     0    533 
   1   40     0    321 
   1   41     0    770 
   1   42     0    395 
   1   43     0    247 
   1   44     0    764 
   1   45     0    570 
   1   46     0    513 
   1   47     0    358 
   1   48     0    395 
   1   49     0    502 
   2    0     0    313 
   2    1     0    297 
   2    2     0    244 
   2    3     0    313 
   2    4     0    483 
   2    5     0    429 
   2    6     0    561 
   2    7     0    656 
   2    8     0    555 
   2    9     0    280 
   2   10     0    242 
   2   11     0    279 
   2   12     0    399 
   2   13     0    488 
   2   14     0    289 
   2   15     0    603 
   2   16     0    759 
   2   17     0    242 
   2   18     0    718 
   2   19     0    306 
   2   20     0    600 
   2   21     0    227 
   2   22     0    373 
   2   23     0    370 
   2   24     0    483 
   2   25     0    267 
   2   26     0    359 
   2   27     0    624 
   2   28     0    489 
   2   29     0    609 
   2   30     0    586 
   2   31     0    635 
   2   32     0    320 
   2   33     0    344 
   2   34     0    527 
   2   35     0    526 
   2   36     0    327 
   2   37     0    399 
   2   38     0    646 
   2   39     0    422 
   2   40     0    699 
   2   41     0    364 
   2   42     0    641 
   2   43     0    285 
   2   44     0    654 
   2   45     0    268 
   2   46     0    426 
   2   47     0    568 
   2   48     0    453 
   2   49     0    305 
   3    0     0    330 
   3    1     0    518 
   3    2     0    518 
   3    3     0    255 
   3    4     0    645 
   3    5     0    768 
   3    6     0    751 
   3    7     0    639 
   3    8     0    337 
   3    9     0    586 
   3   10     0    306 
   3   11     0    695 
   3   12     0    738 
   3   13     0    443 
   3   14     0    421 
   3   15     0    779 
   3   16     0    252 
   3   17     0    717 
   3   18     0    613 
   3   19     0    346 
   3   20     0    603 
   3   21     0    458 
   3   22     0    307 
   3   23     0    463 
   3   24     0    391 
   3   25     0    758 
   3   26     0    354 
   3   27     0    673 
   3   28     0    236 
   3   29     0    675 
   3   30     0    745 
   3   31     0    413 
   3   32     0    771 
   3   33     0    637 
   3   34     0    276 
   3   35     0    466 
   3   36     0    424 
   3   37     0    511 
   3   38     0    556 
   3   39     0    410 
   3   40     0    360 
   3   41     0    649 
   3   42     0    739 
   3   43     0    788 
   3   44     0    376 
   3   45     0    270 
   3   46     0    364 
   3   47     0    700 
   3   48     0    381 
   3   49     0    775 
   4    0     0    253 
   4    1     0    253 
   4    2     0    208 
   4    3     0    220 
   4    4     0    758 
   4    5     0    422 
   4    6     0    335 
   4    7     0    772 
   4    8     0    273 
   4    9     0    389 
   4   10     0    491 
   4   11     0    503 
   4   12     0    506 
   4   13     0    306 
   4   14     0    712 
   4   15     0    482 
   4   16     0    430 
   4   17     0    403 
   4   18     0    628 
   4   19     0    280 
   4   20     0    584 
   4   21     0    537 
   4   22     0    311 
   4   23     0    261 
   4   24     0    471 
   4   25     0    436 
   4   26     0    605 
   4   27     0    446 
   4   28     0    626 
   4   29     0    518 
   4   30     0    298 
   4   31     0    473 
   4   32     0    614 
   4   33     0    371 
   4   34     0    554 
   4   35     0    410 
   4   36     0    584 
   4   37     0    223 
   4   38     0    622 
   4   39     0    781 
   4   40     0    581 
   4   41     0    457 
   4   42     0    224 
   4   43     0    590 
   4   44     0    645 
   4   45     0    777 
   4   46     0    560 
   4   47     0    384 
   4   48     0    703 
   4   49     0    448 
   5    0     0    436 
   5    1     0    541 
   5    2     0    528 
   5    3     0    599 
   5    4     0    344 
   5    5     0    591 
   5    6     0    559 
   5    7     0    397 
   5    8     0    214 
   5    9     0    201 
   5   10     0    636 
   5   11     0    205 
   5   12     0    546 
   5   13     0    676 
   5   14     0    605 
   5   15     0    351 
   5   16     0    421 
   5   17     0    602 
   5   18     0    271 
   5   19     0    530 
   5   20     0    788 
   5   21     0    261 
   5   22     0    274 
   5   23     0    380 
   5   24     0    673 
   5   25     0    344 
   5   26     0    656 
   5   27     0    349 
   5   28     0    396 
   5   29     0    251 
   5   30     0    758 
   5   31     0    387 
   5   32     0    292 
   5   33     0    545 
   5   34     0    496 
   5   35     0    596 
   5   36     0    237 
   5   37     0    602 
   5   38     0    626 
   5   39     0    752 
   5   40     0    460 
   5   41     0    295 
   5   42     0    608 
   5   43     0    415 
   5   44     0    687 
   5   45     0    674 
   5   46     0    415 
   5   47     0    690 
   5   48     0    769 
   5   49     0    698 
   6    0     0    490 
   6    1     0    366 
   6    2     0    533 
   6    3     0    355 
   6    4     0    746 
   6    5     0    557 
   6    6     0    737 
   6    7     0    362 
   6    8     0    214 
   6    9     0    634 
   6   10     0    779 
   6   11     0    529 
   6   12     0    340 
   6   13     0    560 
   6   14     0    758 
   6   15     0    245 
   6   16     0    463 
   6   17     0    639 
   6   18     0    583 
   6   19     0    660 
   6   20     0    549 
   6   21     0    672 
   6   22     0    313 
   6   23     0    331 
   6   24     0    309 
   6   25     0    451 
   6   26     0    217 
   6   27     0    529 
   6   28     0    204 
   6   29     0    369 
   6   30     0    532 
   6   31     0    645 
   6   32     0    236 
   6   33     0    381 
   6   34     0    460 
   6   35     0    628 
   6   36     0    387 
   6   37     0    449 
   6   38     0    344 
   6   39     0    454 
   6   40     0    381 
   6   41     0    687 
   6   42     0    740 
   6   43     0    613 
   6   44     0    339 
   6   45     0    373 
   6   46     0    367 
   6   47     0    499 
   6   48     0    589 
   6   49     0    400 
   7    0     0    424 
   7    1     0    707 
   7    2     0    547 
   7    3     0    510 
   7    4     0    323 
   7    5     0    557 
   7    6     0    549 
   7    7     0    297 
   7    8     0    393 
   7    9     0    221 
   7   10     0    731 
   7   11     0    444 
   7   12     0    221 
   7   13     0    748 
   7   14     0    202 
   7   15     0    704 
   7   16     0    764 
   7   17     0    533 
   7   18     0    329 
   7   19     0    673 
   7   20     0    664 
   7   21     0    420 
   7   22     0    253 
   7   23     0    589 
   7   24     0    419 
   7   25     0    436 
   7   26     0    521 
   7   27     0    722 
   7   28     0    434 
   7   29     0    744 
   7   30     0    584 
   7   31     0    520 
   7   32     0    535 
   7   33     0    596 
   7   34     0    235 
   7   35     0    572 
   7   36     0    501 
   7   37     0    664 
   7   38     0    516 
   7   39     0    729 
   7   40     0    576 
   7   41     0    789 
   7   42     0    689 
   7   43     0    429 
   7   44     0    466 
   7   45     0    755 
   7   46     0    607 
   7   47     0    741 
   7   48     0    686 
   7   49     0    325 
   8    0     0    787 
   8    1     0    334 
   8    2     0    551 
   8    3     0    442 
   8    4     0    573 
   8    5     0    529 
   8    6     0    515 
   8    7     0    710 
   8    8     0    285 
   8    9     0    344 
   8   10     0    562 
   8   11     0    752 
   8   12     0    576 
   8   13     0    315 
   8   14     0    424 
   8   15     0    382 
   8   16     0    454 
   8   17     0    254 
   8   18     0    345 
   8   19     0    414 
   8   20     0    444 
   8   21     0    777 
   8   22     0    661 
   8   23     0    208 
   8   24     0    261 
   8   25     0    420 
   8   26     0    442 
   8   27     0    772 
   8   28     0    339 
   8   29     0    265 
   8   30     0    313 
   8   31     0    747 
   8   32     0    798 
   8   33     0    608 
   8   34     0    777 
   8   35     0    436 
   8   36     0    776 
   8   37     0    230 
   8   38     0    459 
   8   39     0    228 
   8   40     0    307 
   8   41     0    694 
   8   42     0    729 
   8   43     0    335 
   8   44     0    327 
   8   45     0    674 
   8   46     0    732 
   8   47     0    294 
   8   48     0    530 
   8   49     0    733 
   9    0     0    676 
   9    1     0    788 
   9    2     0    718 
   9    3     0    518 
   9    4     0    791 
   9    5     0    236 
   9    6     0    279 
   9    7     0    781 
   9    8     0    644 
   9    9     0    321 
   9   10     0    267 
   9   11     0    416 
   9   12     0    241 
   9   13     0    339 
   9   14     0    602 
   9   15     0    559 
   9   16     0    665 
   9   17     0    673 
   9   18     0    738 
   9   19     0    727 
   9   20     0    790 
   9   21     0    416 
   9   22     0    636 
   9   23     0    467 
   9   24     0    403 
   9   25     0    555 
   9   26     0    587 
   9   27     0    527 
   9   28     0    545 
   9   29     0    502 
   9   30     0    411 
   9   31     0    709 
   9   32     0    572 
   9   33     0    721 
   9   34     0    733 
   9   35     0    768 
   9   36     0    440 
   9   37     0    425 
   9   38     0    320 
   9   39     0    648 
   9   40     0    428 
   9   41     0    798 
   9   42     0    790 
   9   43     0    325 
   9   44     0    423 
   9   45     0    246 
   9   46     0    460 
   9   47     0    377 
   9   48     0    541 
   9   49     0    266 
  10    0     0    493 
  10    1     0    789 
  10    2     0    492 
  10    3     0    756 
  10    4     0    744 
  10    5     0    422 
  10    6     0    659 
  10    7     0    738 
  10    8     0    515 
  10    9     0    435 
  10   10     0    371 
  10   11     0    435 
  10   12     0    360 
  10   13     0    402 
  10   14     0    377 
  10   15     0    708 
  10   16     0    271 
  10   17     0    336 
  10   18     0    529 
  10   19     0    529 
  10   20     0    640 
  10   21     0    344 
  10   22     0    443 
  10   23     0    638 
  10   24     0    371 
  10   25     0    460 
  10   26     0    432 
  10   27     0    612 
  10   28     0    320 
  10   29     0    573 
  10   30     0    218 
  10   31     0    465 
  10   32     0    253 
  10   33     0    491 
  10   34     0    624 
  10   35     0    360 
  10   36     0    701 
  10   37     0    411 
  10   38     0    516 
  10   39     0    518 
  10   40     0    596 
  10   41     0    489 
  10   42     0    652 
  10   43     0    611 
  10   44     0    637 
  10   45     0    587 
  10   46     0    239 
  10   47     0    374 
  10   48     0    525 
  10   49     0    283 
  11    0     0    687 
  11    1     0    790 
  11    2     0    236 
  11    3     0    425 
  11    4     0    511 
  11    5     0    437 
  11    6     0    659 
  11    7     0    225 
  11    8     0    689 
  11    9     0    266 
  11   10     0    467 
  11   11     0    697 
  11   12     0    778 
  11   13     0    785 
  11   14     0    648 
  11   15     0    337 
  11   16     0    610 
  11   17     0    314 
  11   18     0    605 
  11   19     0    266 
  11   20     0    313 
  11   21     0    225 
  11   22     0    612 
  11   23     0    263 
  11   24     0    272 
  11   25     0    288 
  11   26     0    324 
  11   27     0    214 
  11   28     0    708 
  11   29     0    614 
  11   30     0    725 
  11   31     0    549 
  11   32     0    787 
  11   33     0    763 
  11   34     0    277 
  11   35     0    571 
  11   36     0    259 
  11   37     0    495 
  11   38     0    716 
  11   39     0    306 
  11   40     0    634 
  11   41     0    329 
  11   42     0    272 
  11   43     0    587 
  11   44     0    385 
  11   45     0    472 
  11   46     0    713 
  11   47     0    361 
  11   48     0    460 
  11   49     0    731 
  12    0     0    234 
  12    1     0    371 
  12    2     0    740 
  12    3     0    494 
  12    4     0    445 
  12    5     0    383 
  12    6     0    741 
  12    7     0    384 
  12    8     0    307 
  12    9     0    301 
  12   10     0    281 
  12   11     0    226 
  12   12     0    285 
  12   13     0    350 
  12   14     0    350 
  12   15     0    778 
  12   16     0    410 
  12   17     0    696 
  12   18     0    576 
  12   19     0    606 
  12   20     0    724 
  12   21     0    639 
  12   22     0    553 
  12   23     0    344 
  12   24     0    329 
  12   25     0    353 
  12   26     0    614 
  12   27     0    619 
  12   28     0    525 
  12   29     0    708 
  12   30     0    405 
  12   31     0    383 
  12   32     0    596 
  12   33     0    460 
  12   34     0    798 
  12   35     0    542 
  12   36     0    212 
  12   37     0    408 
  12   38     0    521 
  12   39     0    532 
  12   40     0    578 
  12   41     0    644 
  12   42     0    578 
  12   43     0    223 
  12   44     0    235 
  12   45     0    475 
  12   46     0    316 
  12   47     0    765 
  12   48     0    570 
  12   49     0    695 
  13    0     0    355 
  13    1     0    298 
  13    2     0    655 
  13    3     0    693 
  13    4     0    666 
  13    5     0    632 
  13    6     0    633 
  13    7     0    653 
  13    8     0    697 
  13    9     0    300 
  13   10     0    606 
  13   11     0    458 
  13   12     0    295 
  13   13     0    671 
  13   14     0    606 
  13   15     0    302 
  13   16     0    471 
  13   17     0    204 
  13   18     0    421 
  13   19     0    292 
  13   20     0    388 
  13   21     0    252 
  13   22     0    529 
  13   23     0    391 
  13   24     0    275 
  13   25     0    690 
  13   26     0    298 
  13   27     0    355 
  13   28     0    674 
  13   29     0    281 
  13   30     0    456 
  13   31     0    730 
  13   32     0    353 
  13   33     0    628 
  13   34     0    402 
  13   35     0    622 
  13   36     0    212 
  13   37     0    513 
  13   38     0    599 
  13   39     0    664 
  13   40     0    271 
  13   41     0    382 
  13   42     0    454 
  13   43     0    288 
  13   44     0    542 
  13   45     0    455 
  13   46     0    406 
  13   47     0    791 
  13   48     0    401 
  13   49     0    561 
  14    0     0    583 
  14    1     0    701 
  14    2     0    762 
  14    3     0    751 
  14    4     0    491 
  14    5     0    785 
  14    6     0    229 
  14    7     0    612 
  14    8     0    352 
  14    9     0    765 
  14   10     0    429 
  14   11     0    260 
  14   12     0    625 
  14   13     0    654 
  14   14     0    240 
  14   15     0    611 
  14   16     0    272 
  14   17     0    742 
  14   18     0    792 
  14   19     0    708 
  14   20     0    243 
  14   21     0    691 
  14   22     0    238 
  14   23     0    628 
  14   24     0    326 
  14   25     0    409 
  14   26     0    574 
  14   27     0    652 
  14   28     0    709 
  14   29     0    398 
  14   30     0    751 
  14   31     0    675 
  14   32     0    654 
  14   33     0    372 
  14   34     0    478 
  14   35     0    777 
  14   36     0    479 
  14   37     0    643 
  14   38     0    213 
  14   39     0    791 
  14   40     0    429 
  14   41     0    467 
  14   42     0    321 
  14   43     0    318 
  14   44     0    774 
  14   45     0    585 
  14   46     0    641 
  14   47     0    218 
  14   48     0    470 
  14   49     0    248 
  15    0     0    622 
  15    1     0    623 
  15    2     0    496 
  15    3     0    730 
  15    4     0    389 
  15    5     0    791 
  15    6     0    633 
  15    7     0    282 
  15    8     0    354 
  15    9     0    210 
  15   10     0    453 
  15   11     0    263 
  15   12     0    542 
  15   13     0    513 
  15   14     0    744 
  15   15     0    216 
  15   16     0    452 
  15   17     0    711 
  15   18     0    533 
  15   19     0    539 
  15   20     0    348 
  15   21     0    297 
  15   22     0    719 
  15   23     0    451 
  15   24     0    764 
  15   25     0    276 
  15   26     0    594 
  15   27     0    281 
  15   28     0    779 
  15   29     0    666 
  15   30     0    724 
  15   31     0    302 
  15   32     0    543 
  15   33     0    496 
  15   34     0    481 
  15   35     0    441 
  15   36     0    630 
  15   37     0    749 
  15   38     0    452 
  15   39     0    650 
  15   40     0    380 
  15   41     0    706 
  15   42     0    400 
  15   43     0    329 
  15   44     0    375 
  15   45     0    428 
  15   46     0    517 
  15   47     0    704 
  15   48     0    588 
  15   49     0    588 
  16    0     0    376 
  16    1     0    711 
  16    2     0    272 
  16    3     0    337 
  16    4     0    388 
  16    5     0    642 
  16    6     0    535 
  16    7     0    466 
  16    8     0    692 
  16    9     0    733 
  16   10     0    256 
  16   11     0    501 
  16   12     0    346 
  16   13     0    661 
  16   14     0    466 
  16   15     0    709 
  16   16     0    261 
  16   17     0    666 
  16   18     0    303 
  16   19     0    344 
  16   20     0    217 
  16   21     0    591 
  16   22     0    480 
  16   23     0    630 
  16   24     0    712 
  16   25     0    465 
  16   26     0    682 
  16   27     0    787 
  16   28     0    733 
  16   29     0    274 
  16   30     0    752 
  16   31     0    306 
  16   32     0    673 
  16   33     0    200 
  16   34     0    288 
  16   35     0    356 
  16   36     0    222 
  16   37     0    499 
  16   38     0    516 
  16   39     0    510 
  16   40     0    497 
  16   41     0    742 
  16   42     0    278 
  16   43     0    714 
  16   44     0    291 
  16   45     0    298 
  16   46     0    496 
  16   47     0    383 
  16   48     0    473 
  16   49     0    712 
  17    0     0    357 
  17    1     0    428 
  17    2     0    202 
  17    3     0    519 
  17    4     0    443 
  17    5     0    418 
  17    6     0    660 
  17    7     0    548 
  17    8     0    413 
  17    9     0    515 
  17   10     0    766 
  17   11     0    558 
  17   12     0    714 
  17   13     0    562 
  17   14     0    283 
  17   15     0    691 
  17   16     0    473 
  17   17     0    472 
  17   18     0    300 
  17   19     0    450 
  17   20     0    578 
  17   21     0    514 
  17   22     0    610 
  17   23     0    315 
  17   24     0    599 
  17   25     0    278 
  17   26     0    207 
  17   27     0    418 
  17   28     0    385 
  17   29     0    619 
  17   30     0    603 
  17   31     0    462 
  17   32     0    627 
  17   33     0    671 
  17   34     0    578 
  17   35     0    645 
  17   36     0    252 
  17   37     0    478 
  17   38     0    427 
  17   39     0    716 
  17   40     0    753 
  17   41     0    698 
  17   42     0    773 
  17   43     0    551 
  17   44     0    519 
  17   45     0    479 
  17   46     0    781 
  17   47     0    243 
  17   48     0    421 
  17   49     0    533 
  18    0     0    568 
  18    1     0    514 
  18    2     0    553 
  18    3     0    502 
  18    4     0    485 
  18    5     0    328 
  18    6     0    202 
  18    7     0    587 
  18    8     0    443 
  18    9     0    267 
  18   10     0    443 
  18   11     0    312 
  18   12     0    708 
  18   13     0    381 
  18   14     0    439 
  18   15     0    787 
  18   16     0    728 
  18   17     0    714 
  18   18     0    449 
  18   19     0    734 
  18   20     0    484 
  18   21     0    464 
  18   22     0    547 
  18   23     0    346 
  18   24     0    461 
  18   25     0    301 
  18   26     0    720 
  18   27     0    242 
  18   28     0    421 
  18   29     0    212 
  18   30     0    390 
  18   31     0    718 
  18   32     0    502 
  18   33     0    476 
  18   34     0    493 
  18   35     0    382 
  18   36     0    458 
  18   37     0    720 
  18   38     0    511 
  18   39     0    675 
  18   40     0    672 
  18   41     0    691 
  18   42     0    290 
  18   43     0    676 
  18   44     0    272 
  18   45     0    259 
  18   46     0    695 
  18   47     0    558 
  18   48     0    558 
  18   49     0    606 
  19    0     0    622 
  19    1     0    477 
  19    2     0    435 
  19    3     0    489 
  19    4     0    244 
  19    5     0    320 
  19    6     0    613 
  19    7     0    564 
  19    8     0    311 
  19    9     0    551 
  19   10     0    226 
  19   11     0    703 
  19   12     0    702 
  19   13     0    676 
  19   14     0    644 
  19   15     0    573 
  19   16     0    671 
  19   17     0    263 
  19   18     0    292 
  19   19     0    520 
  19   20     0    661 
  19   21     0    248 
  19   22     0    664 
  19   23     0    556 
  19   24     0    388 
  19   25     0    381 
  19   26     0    603 
  19   27     0    518 
  19   28     0    274 
  19   29     0    388 
  19   30     0    362 
  19   31     0    598 
  19   32     0    266 
  19   33     0    637 
  19   34     0    513 
  19   35     0    531 
  19   36     0    330 
  19   37     0    661 
  19   38     0    360 
  19   39     0    718 
  19   40     0    314 
  19   41     0    791 
  19   42     0    564 
  19   43     0    286 
  19   44     0    619 
  19   45     0    387 
  19   46     0    519 
  19   47     0    548 
  19   48     0    431 
  19   49     0    745 
  20    0     0    635 
  20    1     0    200 
  20    2     0    767 
  20    3     0    231 
  20    4     0    401 
  20    5     0    639 
  20    6     0    222 
  20    7     0    442 
  20    8     0    292 
  20    9     0    332 
  20   10     0    259 
  20   11     0    435 
  20   12     0    642 
  20   13     0    503 
  20   14     0    610 
  20   15     0    566 
  20   16     0    293 
  20   17     0    331 
  20   18     0    548 
  20   19     0    512 
  20   20     0    477 
  20   21     0    589 
  20   22     0    790 
  20   23     0    261 
  20   24     0    365 
  20   25     0    226 
  20   26     0    329 
  20   27     0    216 
  20   28     0    380 
  20   29     0    282 
  20   30     0    223 
  20   31     0    536 
  20   32     0    357 
  20   33     0    523 
  20   34     0    718 
  20   35     0    705 
  20   36     0    306 
  20   37     0    390 
  20   38     0    723 
  20   39     0    219 
  20   40     0    358 
  20   41     0    315 
  20   42     0    282 
  20   43     0    328 
  20   44     0    254 
  20   45     0    269 
  20   46     0    754 
  20   47     0    733 
  20   48     0    343 
  20   49     0    445 
  21    0     0    361 
  21    1     0    292 
  21    2     0    434 
  21    3     0    374 
  21    4     0    249 
  21    5     0    237 
  21    6     0    620 
  21    7     0    253 
  21    8     0    448 
  21    9     0    519 
  21   10     0    374 
  21   11     0    365 
  21   12     0    748 
  21   13     0    322 
  21   14     0    757 
  21   15     0    430 
  21   16     0    494 
  21   17     0    621 
  21   18     0    642 
  21   19     0    517 
  21   20     0    666 
  21   21     0    526 
  21   22     0    616 
  21   23     0    799 
  21   24     0    404 
  21   25     0    600 
  21   26     0    298 
  21   27     0    240 
  21   28     0    278 
  21   29     0    579 
  21   30     0    577 
  21   31     0    288 
  21   32     0    265 
  21   33     0    748 
  21   34     0    716 
  21   35     0    431 
  21   36     0    396 
  21   37     0    421 
  21   38     0    282 
  21   39     0    649 
  21   40     0    430 
  21   41     0    231 
  21   42     0    465 
  21   43     0    607 
  21   44     0    206 
  21   45     0    416 
  21   46     0    413 
  21   47     0    301 
  21   48     0    479 
  21   49     0    747 
  22    0     0    655 
  22    1     0    691 
  22    2     0    536 
  22    3     0    524 
  22    4     0    592 
  22    5     0    267 
  22    6     0    436 
  22    7     0    369 
  22    8     0    226 
  22    9     0    580 
  22   10     0    553 
  22   11     0    634 
  22   12     0    329 
  22   13     0    661 
  22   14     0    793 
  22   15     0    268 
  22   16     0    214 
  22   17     0    341 
  22   18     0    520 
  22   19     0    372 
  22   20     0    364 
  22   21     0    499 
  22   22     0    472 
  22   23     0    424 
  22   24     0    508 
  22   25     0    669 
  22   26     0    392 
  22   27     0    390 
  22   28     0    621 
  22   29     0    237 
  22   30     0    493 
  22   31     0    697 
  22   32     0    343 
  22   33     0    687 
  22   34     0    776 
  22   35     0    202 
  22   36     0    724 
  22   37     0    471 
  22   38     0    307 
  22   39     0    283 
  22   40     0    587 
  22   41     0    419 
  22   42     0    450 
  22   43     0    454 
  22   44     0    477 
  22   45     0    594 
  22   46     0    502 
  22   47     0    630 
  22   48     0    638 
  22   49     0    394 
  23    0     0    418 
  23    1     0    768 
  23    2     0    732 
  23    3     0    331 
  23    4     0    518 
  23    5     0    438 
  23    6     0    202 
  23    7     0    292 
  23    8     0    573 
  23    9     0    331 
  23   10     0    611 
  23   11     0    577 
  23   12     0    498 
  23   13     0    466 
  23   14     0    463 
  23   15     0    422 
  23   16     0    535 
  23   17     0    639 
  23   18     0    275 
  23   19     0    426 
  23   20     0    580 
  23   21     0    748 
  23   22     0    254 
  23   23     0    453 
  23   24     0    264 
  23   25     0    370 
  23   26     0    380 
  23   27     0    273 
  23   28     0    708 
  23   29     0    310 
  23   30     0    587 
  23   31     0    387 
  23   32     0    419 
  23   33     0    398 
  23   34     0    618 
  23   35     0    677 
  23   36     0    579 
  23   37     0    228 
  23   38     0    315 
  23   39     0    243 
  23   40     0    608 
  23   41     0    555 
  23   42     0    472 
  23   43     0    436 
  23   44     0    206 
  23   45     0    357 
  23   46     0    437 
  23   47     0    204 
  23   48     0    435 
  23   49     0    681 
  24    0     0    308 
  24    1     0    641 
  24    2     0    451 
  24    3     0    384 
  24    4     0    662 
  24    5     0    629 
  24    6     0    274 
  24    7     0    601 
  24    8     0    310 
  24    9     0    435 
  24   10     0    434 
  24   11     0    573 
  24   12     0    307 
  24   13     0    282 
  24   14     0    786 
  24   15     0    626 
  24   16     0    798 
  24   17     0    506 
  24   18     0    207 
  24   19     0    712 
  24   20     0    281 
  24   21     0    562 
  24   22     0    233 
  24   23     0    607 
  24   24     0    659 
  24   25     0    398 
  24   26     0    308 
  24   27     0    453 
  24   28     0    730 
  24   29     0    479 
  24   30     0    407 
  24   31     0    635 
  24   32     0    368 
  24   33     0    401 
  24   34     0    689 
  24   35     0    600 
  24   36     0    733 
  24   37     0    714 
  24   38     0    328 
  24   39     0    703 
  24   40     0    536 
  24   41     0    336 
  24   42     0    574 
  24   43     0    270 
  24   44     0    796 
  24   45     0    408 
  24   46     0    227 
  24   47     0    617 
  24   48     0    241 
  24   49     0    571 
  25    0     0    477 
  25    1     0    472 
  25    2     0    576 
  25    3     0    745 
  25    4     0    659 
  25    5     0    290 
  25    6     0    395 
  25    7     0    740 
  25    8     0    695 
  25    9     0    544 
  25   10     0    786 
  25   11     0    628 
  25   12     0    312 
  25   13     0    638 
  25   14     0    339 
  25   15     0    433 
  25   16     0    615 
  25   17     0    419 
  25   18     0    722 
  25   19     0    298 
  25   20     0    259 
  25   21     0    696 
  25   22     0    467 
  25   23     0    645 
  25   24     0    593 
  25   25     0    781 
  25   26     0    232 
  25   27     0    658 
  25   28     0    673 
  25   29     0    335 
  25   30     0    635 
  25   31     0    425 
  25   32     0    208 
  25   33     0    798 
  25   34     0    345 
  25   35     0    764 
  25   36     0    627 
  25   37     0    469 
  25   38     0    733 
  25   39     0    201 
  25   40     0    748 
  25   41     0    201 
  25   42     0    206 
  25   43     0    741 
  25   44     0    547 
  25   45     0    454 
  25   46     0    730 
  25   47     0    242 
  25   48     0    579 
  25   49     0    735 
  26    0     0    436 
  26    1     0    284 
  26    2     0    433 
  26    3     0    487 
  26    4     0    708 
  26    5     0    233 
  26    6     0    361 
  26    7     0    758 
  26    8     0    525 
  26    9     0    745 
  26   10     0    697 
  26   11     0    232 
  26   12     0    657 
  26   13     0    436 
  26   14     0    343 
  26   15     0    650 
  26   16     0    373 
  26   17     0    358 
  26   18     0    587 
  26   19     0    718 
  26   20     0    319 
  26   21     0    764 
  26   22     0    512 
  26   23     0    241 
  26   24     0    521 
  26   25     0    729 
  26   26     0    579 
  26   27     0    365 
  26   28     0    508 
  26   29     0    540 
  26   30     0    681 
  26   31     0    686 
  26   32     0    782 
  26   33     0    505 
  26   34     0    495 
  26   35     0    522 
  26   36     0    349 
  26   37     0    669 
  26   38     0    440 
  26   39     0    441 
  26   40     0    765 
  26   41     0    466 
  26   42     0    322 
  26   43     0    390 
  26   44     0    528 
  26   45     0    405 
  26   46     0    451 
  26   47     0    231 
  26   48     0    742 
  26   49     0    345 
  27    0     0    349 
  27    1     0    215 
  27    2     0    228 
  27    3     0    523 
  27    4     0    437 
  27    5     0    299 
  27    6     0    780 
  27    7     0    614 
  27    8     0    643 
  27    9     0    510 
  27   10     0    491 
  27   11     0    474 
  27   12     0    538 
  27   13     0    341 
  27   14     0    387 
  27   15     0    304 
  27   16     0    391 
  27   17     0    510 
  27   18     0    621 
  27   19     0    444 
  27   20     0    251 
  27   21     0    425 
  27   22     0    794 
  27   23     0    381 
  27   24     0    363 
  27   25     0    434 
  27   26     0    439 
  27   27     0    371 
  27   28     0    769 
  27   29     0    417 
  27   30     0    773 
  27   31     0    424 
  27   32     0    255 
  27   33     0    712 
  27   34     0    331 
  27   35     0    220 
  27   36     0    748 
  27   37     0    392 
  27   38     0    420 
  27   39     0    265 
  27   40     0    388 
  27   41     0    342 
  27   42     0    296 
  27   43     0    374 
  27   44     0    716 
  27   45     0    415 
  27   46     0    755 
  27   47     0    677 
  27   48     0    574 
  27   49     0    358 
  28    0     0    662 
  28    1     0    454 
  28    2     0    509 
  28    3     0    698 
  28    4     0    612 
  28    5     0    270 
  28    6     0    708 
  28    7     0    245 
  28    8     0    319 
  28    9     0    638 
  28   10     0    733 
  28   11     0    271 
  28   12     0    228 
  28   13     0    429 
  28   14     0    267 
  28   15     0    300 
  28   16     0    523 
  28   17     0    284 
  28   18     0    242 
  28   19     0    268 
  28   20     0    289 
  28   21     0    550 
  28   22     0    515 
  28   23     0    717 
  28   24     0    738 
  28   25     0    548 
  28   26     0    697 
  28   27     0    202 
  28   28     0    249 
  28   29     0    296 
  28   30     0    229 
  28   31     0    775 
  28   32     0    499 
  28   33     0    351 
  28   34     0    527 
  28   35     0    768 
  28   36     0    400 
  28   37     0    598 
  28   38     0    550 
  28   39     0    766 
  28   40     0    696 
  28   41     0    602 
  28   42     0    759 
  28   43     0    470 
  28   44     0    256 
  28   45     0    329 
  28   46     0    594 
  28   47     0    506 
  28   48     0    386 
  28   49     0    497 
  29    0     0    214 
  29    1     0    607 
  29    2     0    788 
  29    3     0    382 
  29    4     0    538 
  29    5     0    575 
  29    6     0    570 
  29    7     0    654 
  29    8     0    628 
  29    9     0    506 
  29   10     0    367 
  29   11     0    689 
  29   12     0    276 
  29   13     0    297 
  29   14     0    494 
  29   15     0    675 
  29   16     0    573 
  29   17     0    424 
  29   18     0    754 
  29   19     0    789 
  29   20     0    559 
  29   21     0    423 
  29   22     0    606 
  29   23     0    528 
  29   24     0    408 
  29   25     0    479 
  29   26     0    354 
  29   27     0    491 
  29   28     0    778 
  29   29     0    708 
  29   30     0    725 
  29   31     0    649 
  29   32     0    557 
  29   33     0    357 
  29   34     0    358 
  29   35     0    271 
  29   36     0    738 
  29   37     0    573 
  29   38     0    602 
  29   39     0    357 
  29   40     0    744 
  29   41     0    396 
  29   42     0    728 
  29   43     0    200 
  29   44     0    364 
  29   45     0    295 
  29   46     0    696 
  29   47     0    408 
  29   48     0    428 
  29   49     0    437 
  30    0     0    361 
  30    1     0    665 
  30    2     0    394 
  30    3     0    274 
  30    4     0    601 
  30    5     0    341 
  30    6     0    592 
  30    7     0    749 
  30    8     0    491 
  30    9     0    215 
  30   10     0    579 
  30   11     0    748 
  30   12     0    543 
  30   13     0    450 
  30   14     0    627 
  30   15     0    314 
  30   16     0    599 
  30   17     0    263 
  30   18     0    469 
  30   19     0    340 
  30   20     0    524 
  30   21     0    764 
  30   22     0    456 
  30   23     0    788 
  30   24     0    734 
  30   25     0    286 
  30   26     0    707 
  30   27     0    306 
  30   28     0    263 
  30   29     0    650 
  30   30     0    539 
  30   31     0    738 
  30   32     0    470 
  30   33     0    496 
  30   34     0    277 
  30   35     0    349 
  30   36     0    342 
  30   37     0    552 
  30   38     0    450 
  30   39     0    573 
  30   40     0    476 
  30   41     0    739 
  30   42     0    634 
  30   43     0    693 
  30   44     0    383 
  30   45     0    536 
  30   46     0    759 
  30   47     0    400 
  30   48     0    602 
  30   49     0    227 
  31    0     0    505 
  31    1     0    621 
  31    2     0    570 
  31    3     0    269 
  31    4     0    782 
  31    5     0    528 
  31    6     0    287 
  31    7     0    425 
  31    8     0    794 
  31    9     0    301 
  31   10     0    781 
  31   11     0    625 
  31   12     0    266 
  31   13     0    671 
  31   14     0    678 
  31   15     0    636 
  31   16     0    647 
  31   17     0    592 
  31   18     0    376 
  31   19     0    417 
  31   20     0    759 
  31   21     0    778 
  31   22     0    586 
  31   23     0    379 
  31   24     0    255 
  31   25     0    471 
  31   26     0    471 
  31   27     0    264 
  31   28     0    201 
  31   29     0    297 
  31   30     0    787 
  31   31     0    741 
  31   32     0    380 
  31   33     0    559 
  31   34     0    425 
  31   35     0    536 
  31   36     0    424 
  31   37     0    333 
  31   38     0    355 
  31   39     0    229 
  31   40     0    417 
  31   41     0    793 
  31   42     0    545 
  31   43     0    452 
  31   44     0    208 
  31   45     0    540 
  31   46     0    740 
  31   47     0    712 
  31   48     0    679 
  31   49     0    234 
  32    0     0    701 
  32    1     0    716 
  32    2     0    212 
  32    3     0    429 
  32    4     0    655 
  32    5     0    333 
  32    6     0    518 
  32    7     0    552 
  32    8     0    433 
  32    9     0    800 
  32   10     0    356 
  32   11     0    645 
  32   12     0    243 
  32   13     0    428 
  32   14     0    419 
  32   15     0    359 
  32   16     0    373 
  32   17     0    492 
  32   18     0    525 
  32   19     0    364 
  32   20     0    261 
  32   21     0    623 
  32   22     0    761 
  32   23     0    666 
  32   24     0    535 
  32   25     0    228 
  32   26     0    481 
  32   27     0    693 
  32   28     0    592 
  32   29     0    722 
  32   30     0    704 
  32   31     0    507 
  32   32     0    397 
  32   33     0    639 
  32   34     0    365 
  32   35     0    782 
  32   36     0    381 
  32   37     0    364 
  32   38     0    369 
  32   39     0    351 
  32   40     0    230 
  32   41     0    570 
  32   42     0    624 
  32   43     0    613 
  32   44     0    327 
  32   45     0    399 
  32   46     0    310 
  32   47     0    769 
  32   48     0    381 
  32   49     0    243 
  33    0     0    569 
  33    1     0    799 
  33    2     0    656 
  33    3     0    550 
  33    4     0    541 
  33    5     0    207 
  33    6     0    557 
  33    7     0    315 
  33    8     0    374 
  33    9     0    633 
  33   10     0    271 
  33   11     0    512 
  33   12     0    363 
  33   13     0    443 
  33   14     0    635 
  33   15     0    296 
  33   16     0    380 
  33   17     0    679 
  33   18     0    221 
  33   19     0    397 
  33   20     0    410 
  33   21     0    427 
  33   22     0    425 
  33   23     0    671 
  33   24     0    499 
  33   25     0    326 
  33   26     0    724 
  33   27     0    437 
  33   28     0    273 
  33   29     0    304 
  33   30     0    784 
  33   31     0    477 
  33   32     0    678 
  33   33     0    398 
  33   34     0    600 
  33   35     0    604 
  33   36     0    235 
  33   37     0    218 
  33   38     0    728 
  33   39     0    742 
  33   40     0    783 
  33   41     0    511 
  33   42     0    363 
  33   43     0    350 
  33   44     0    429 
  33   45     0    450 
  33   46     0    257 
  33   47     0    349 
  33   48     0    476 
  33   49     0    573 
  34    0     0    786 
  34    1     0    755 
  34    2     0    654 
  34    3     0    595 
  34    4     0    376 
  34    5     0    664 
  34    6     0    451 
  34    7     0    558 
  34    8     0    412 
  34    9     0    382 
  34   10     0    773 
  34   11     0    402 
  34   12     0    344 
  34   13     0    630 
  34   14     0    201 
  34   15     0    369 
  34   16     0    766 
  34   17     0    547 
  34   18     0    228 
  34   19     0    473 
  34   20     0    589 
  34   21     0    627 
  34   22     0    236 
  34   23     0    233 
  34   24     0    328 
  34   25     0    328 
  34   26     0    434 
  34   27     0    560 
  34   28     0    743 
  34   29     0    526 
  34   30     0    308 
  34   31     0    597 
  34   32     0    752 
  34   33     0    694 
  34   34     0    708 
  34   35     0    614 
  34   36     0    667 
  34   37     0    689 
  34   38     0    410 
  34   39     0    321 
  34   40     0    327 
  34   41     0    263 
  34   42     0    355 
  34   43     0    267 
  34   44     0    620 
  34   45     0    433 
  34   46     0    328 
  34   47     0    421 
  34   48     0    523 
  34   49     0    306 
  35    0     0    262 
  35    1     0    661 
  35    2     0    539 
  35    3     0    217 
  35    4     0    698 
  35    5     0    608 
  35    6     0    435 
  35    7     0    331 
  35    8     0    732 
  35    9     0    696 
  35   10     0    646 
  35   11     0    532 
  35   12     0    223 
  35   13     0    692 
  35   14     0    752 
  35   15     0    492 
  35   16     0    396 
  35   17     0    389 
  35   18     0    681 
  35   19     0    263 
  35   20     0    741 
  35   21     0    761 
  35   22     0    644 
  35   23     0    477 
  35   24     0    581 
  35   25     0    510 
  35   26     0    424 
  35   27     0    770 
  35   28     0    274 
  35   29     0    361 
  35   30     0    569 
  35   31     0    513 
  35   32     0    614 
  35   33     0    642 
  35   34     0    458 
  35   35     0    679 
  35   36     0    302 
  35   37     0    429 
  35   38     0    794 
  35   39     0    409 
  35   40     0    406 
  35   41     0    351 
  35   42     0    265 
  35   43     0    654 
  35   44     0    369 
  35   45     0    502 
  35   46     0    689 
  35   47     0    541 
  35   48     0    735 
  35   49     0    655 
  36    0     0    423 
  36    1     0    687 
  36    2     0    640 
  36    3     0    721 
  36    4     0    206 
  36    5     0    357 
  36    6     0    486 
  36    7     0    765 
  36    8     0    395 
  36    9     0    413 
  36   10     0    206 
  36   11     0    327 
  36   12     0    295 
  36   13     0    740 
  36   14     0    553 
  36   15     0    508 
  36   16     0    767 
  36   17     0    440 
  36   18     0    250 
  36   19     0    649 
  36   20     0    495 
  36   21     0    405 
  36   22     0    563 
  36   23     0    762 
  36   24     0    267 
  36   25     0    528 
  36   26     0    671 
  36   27     0    633 
  36   28     0    590 
  36   29     0    763 
  36   30     0    529 
  36   31     0    542 
  36   32     0    500 
  36   33     0    781 
  36   34     0    337 
  36   35     0    233 
  36   36     0    729 
  36   37     0    599 
  36   38     0    558 
  36   39     0    526 
  36   40     0    571 
  36   41     0    205 
  36   42     0    695 
  36   43     0    789 
  36   44     0    421 
  36   45     0    662 
  36   46     0    535 
  36   47     0    521 
  36   48     0    426 
  36   49     0    571 
  37    0     0    346 
  37    1     0    436 
  37    2     0    558 
  37    3     0    300 
  37    4     0    781 
  37    5     0    311 
  37    6     0    402 
  37    7     0    399 
  37    8     0    516 
  37    9     0    557 
  37   10     0    380 
  37   11     0    304 
  37   12     0    316 
  37   13     0    560 
  37   14     0    314 
  37   15     0    602 
  37   16     0    410 
  37   17     0    603 
  37   18     0    761 
  37   19     0    754 
  37   20     0    327 
  37   21     0    406 
  37   22     0    727 
  37   23     0    338 
  37   24     0    286 
  37   25     0    769 
  37   26     0    336 
  37   27     0    670 
  37   28     0    322 
  37   29     0    547 
  37   30     0    536 
  37   31     0    662 
  37   32     0    769 
  37   33     0    228 
  37   34     0    385 
  37   35     0    784 
  37   36     0    545 
  37   37     0    323 
  37   38     0    415 
  37   39     0    750 
  37   40     0    324 
  37   41     0    365 
  37   42     0    738 
  37   43     0    220 
  37   44     0    311 
  37   45     0    528 
  37   46     0    493 
  37   47     0    444 
  37   48     0    640 
  37   49     0    203 
  38    0     0    240 
  38    1     0    534 
  38    2     0    747 
  38    3     0    615 
  38    4     0    295 
  38    5     0    698 
  38    6     0    330 
  38    7     0    565 
  38    8     0    495 
  38    9     0    398 
  38   10     0    211 
  38   11     0    362 
  38   12     0    338 
  38   13     0    537 
  38   14     0    588 
  38   15     0    770 
  38   16     0    417 
  38   17     0    565 
  38   18     0    473 
  38   19     0    495 
  38   20     0    679 
  38   21     0    553 
  38   22     0    549 
  38   23     0    506 
  38   24     0    384 
  38   25     0    503 
  38   26     0    606 
  38   27     0    757 
  38   28     0    491 
  38   29     0    582 
  38   30     0    585 
  38   31     0    399 
  38   32     0    744 
  38   33     0    390 
  38   34     0    299 
  38   35     0    336 
  38   36     0    275 
  38   37     0    547 
  38   38     0    412 
  38   39     0    779 
  38   40     0    309 
  38   41     0    479 
  38   42     0    457 
  38   43     0    521 
  38   44     0    357 
  38   45     0    292 
  38   46     0    762 
  38   47     0    214 
  38   48     0    679 
  38   49     0    292 
  39    0     0    517 
  39    1     0    725 
  39    2     0    679 
  39    3     0    537 
  39    4     0    248 
  39    5     0    271 
  39    6     0    306 
  39    7     0    651 
  39    8     0    677 
  39    9     0    267 
  39   10     0    330 
  39   11     0    354 
  39   12     0    778 
  39   13     0    255 
  39   14     0    400 
  39   15     0    539 
  39   16     0    430 
  39   17     0    469 
  39   18     0    750 
  39   19     0    303 
  39   20     0    262 
  39   21     0    593 
  39   22     0    231 
  39   23     0    508 
  39   24     0    621 
  39   25     0    288 
  39   26     0    771 
  39   27     0    624 
  39   28     0    514 
  39   29     0    619 
  39   30     0    722 
  39   31     0    434 
  39   32     0    587 
  39   33     0    798 
  39   34     0    495 
  39   35     0    520 
  39   36     0    683 
  39   37     0    511 
  39   38     0    763 
  39   39     0    300 
  39   40     0    798 
  39   41     0    657 
  39   42     0    374 
  39   43     0    565 
  39   44     0    645 
  39   45     0    362 
  39   46     0    237 
  39   47     0    475 
  39   48     0    376 
  39   49     0    626 
  40    0     0    598 
  40    1     0    362 
  40    2     0    245 
  40    3     0    408 
  40    4     0    321 
  40    5     0    448 
  40    6     0    512 
  40    7     0    618 
  40    8     0    584 
  40    9     0    385 
  40   10     0    671 
  40   11     0    800 
  40   12     0    305 
  40   13     0    656 
  40   14     0    213 
  40   15     0    727 
  40   16     0    236 
  40   17     0    274 
  40   18     0    776 
  40   19     0    605 
  40   20     0    649 
  40   21     0    395 
  40   22     0    599 
  40   23     0    435 
  40   24     0    383 
  40   25     0    225 
  40   26     0    324 
  40   27     0    444 
  40   28     0    783 
  40   29     0    688 
  40   30     0    249 
  40   31     0    279 
  40   32     0    240 
  40   33     0    784 
  40   34     0    557 
  40   35     0    699 
  40   36     0    743 
  40   37     0    424 
  40   38     0    471 
  40   39     0    549 
  40   40     0    340 
  40   41     0    778 
  40   42     0    345 
  40   43     0    501 
  40   44     0    492 
  40   45     0    757 
  40   46     0    634 
  40   47     0    385 
  40   48     0    606 
  40   49     0    463 
  41    0     0    741 
  41    1     0    290 
  41    2     0    245 
  41    3     0    503 
  41    4     0    533 
  41    5     0    399 
  41    6     0    429 
  41    7     0    671 
  41    8     0    281 
  41    9     0    609 
  41   10     0    685 
  41   11     0    287 
  41   12     0    379 
  41   13     0    617 
  41   14     0    381 
  41   15     0    722 
  41   16     0    229 
  41   17     0    466 
  41   18     0    350 
  41   19     0    358 
  41   20     0    773 
  41   21     0    238 
  41   22     0    526 
  41   23     0    323 
  41   24     0    204 
  41   25     0    453 
  41   26     0    753 
  41   27     0    387 
  41   28     0    359 
  41   29     0    761 
  41   30     0    220 
  41   31     0    503 
  41   32     0    569 
  41   33     0    263 
  41   34     0    272 
  41   35     0    640 
  41   36     0    697 
  41   37     0    349 
  41   38     0    582 
  41   39     0    557 
  41   40     0    522 
  41   41     0    668 
  41   42     0    521 
  41   43     0    609 
  41   44     0    717 
  41   45     0    340 
  41   46     0    522 
  41   47     0    481 
  41   48     0    210 
  41   49     0    583 
  42    0     0    243 
  42    1     0    620 
  42    2     0    424 
  42    3     0    354 
  42    4     0    509 
  42    5     0    471 
  42    6     0    743 
  42    7     0    201 
  42    8     0    396 
  42    9     0    478 
  42   10     0    519 
  42   11     0    354 
  42   12     0    694 
  42   13     0    415 
  42   14     0    653 
  42   15     0    634 
  42   16     0    721 
  42   17     0    302 
  42   18     0    521 
  42   19     0    570 
  42   20     0    649 
  42   21     0    263 
  42   22     0    202 
  42   23     0    217 
  42   24     0    709 
  42   25     0    721 
  42   26     0    571 
  42   27     0    409 
  42   28     0    529 
  42   29     0    347 
  42   30     0    625 
  42   31     0    428 
  42   32     0    502 
  42   33     0    776 
  42   34     0    768 
  42   35     0    512 
  42   36     0    224 
  42   37     0    274 
  42   38     0    405 
  42   39     0    252 
  42   40     0    662 
  42   41     0    612 
  42   42     0    377 
  42   43     0    215 
  42   44     0    380 
  42   45     0    434 
  42   46     0    535 
  42   47     0    699 
  42   48     0    218 
  42   49     0    638 
  43    0     0    570 
  43    1     0    375 
  43    2     0    724 
  43    3     0    778 
  43    4     0    370 
  43    5     0    669 
  43    6     0    362 
  43    7     0    402 
  43    8     0    672 
  43    9     0    213 
  43   10     0    215 
  43   11     0    583 
  43   12     0    487 
  43   13     0    362 
  43   14     0    734 
  43   15     0    527 
  43   16     0    389 
  43   17     0    556 
  43   18     0    522 
  43   19     0    538 
  43   20     0    439 
  43   21     0    553 
  43   22     0    312 
  43   23     0    475 
  43   24     0    328 
  43   25     0    445 
  43   26     0    315 
  43   27     0    226 
  43   28     0    503 
  43   29     0    659 
  43   30     0    292 
  43   31     0    791 
  43   32     0    428 
  43   33     0    737 
  43   34     0    324 
  43   35     0    351 
  43   36     0    360 
  43   37     0    507 
  43   38     0    236 
  43   39     0    453 
  43   40     0    482 
  43   41     0    544 
  43   42     0    329 
  43   43     0    204 
  43   44     0    389 
  43   45     0    477 
  43   46     0    440 
  43   47     0    597 
  43   48     0    497 
  43   49     0    528 
  44    0     0    762 
  44    1     0    534 
  44    2     0    669 
  44    3     0    208 
  44    4     0    322 
  44    5     0    468 
  44    6     0    731 
  44    7     0    408 
  44    8     0    649 
  44    9     0    610 
  44   10     0    251 
  44   11     0    209 
  44   12     0    509 
  44   13     0    664 
  44   14     0    525 
  44   15     0    743 
  44   16     0    453 
  44   17     0    501 
  44   18     0    485 
  44   19     0    631 
  44   20     0    641 
  44   21     0    584 
  44   22     0    599 
  44   23     0    535 
  44   24     0    446 
  44   25     0    606 
  44   26     0    698 
  44   27     0    335 
  44   28     0    767 
  44   29     0    618 
  44   30     0    743 
  44   31     0    674 
  44   32     0    642 
  44   33     0    425 
  44   34     0    695 
  44   35     0    742 
  44   36     0    334 
  44   37     0    238 
  44   38     0    620 
  44   39     0    266 
  44   40     0    641 
  44   41     0    242 
  44   42     0    533 
  44   43     0    240 
  44   44     0    563 
  44   45     0    244 
  44   46     0    338 
  44   47     0    281 
  44   48     0    337 
  44   49     0    610 
  45    0     0    261 
  45    1     0    527 
  45    2     0    553 
  45    3     0    666 
  45    4     0    377 
  45    5     0    493 
  45    6     0    425 
  45    7     0    475 
  45    8     0    671 
  45    9     0    403 
  45   10     0    299 
  45   11     0    673 
  45   12     0    688 
  45   13     0    498 
  45   14     0    718 
  45   15     0    642 
  45   16     0    235 
  45   17     0    747 
  45   18     0    748 
  45   19     0    455 
  45   20     0    216 
  45   21     0    413 
  45   22     0    490 
  45   23     0    213 
  45   24     0    337 
  45   25     0    536 
  45   26     0    670 
  45   27     0    570 
  45   28     0    449 
  45   29     0    616 
  45   30     0    742 
  45   31     0    641 
  45   32     0    467 
  45   33     0    295 
  45   34     0    331 
  45   35     0    655 
  45   36     0    252 
  45   37     0    267 
  45   38     0    750 
  45   39     0    251 
  45   40     0    280 
  45   41     0    332 
  45   42     0    516 
  45   43     0    639 
  45   44     0    479 
  45   45     0    361 
  45   46     0    399 
  45   47     0    392 
  45   48     0    557 
  45   49     0    686 
  46    0     0    656 
  46    1     0    671 
  46    2     0    251 
  46    3     0    785 
  46    4     0    338 
  46    5     0    626 
  46    6     0    255 
  46    7     0    611 
  46    8     0    261 
  46    9     0    384 
  46   10     0    202 
  46   11     0    547 
  46   12     0    577 
  46   13     0    248 
  46   14     0    771 
  46   15     0    711 
  46   16     0    438 
  46   17     0    351 
  46   18     0    360 
  46   19     0    512 
  46   20     0    704 
  46   21     0    639 
  46   22     0    426 
  46   23     0    702 
  46   24     0    628 
  46   25     0    528 
  46   26     0    454 
  46   27     0    454 
  46   28     0    577 
  46   29     0    322 
  46   30     0    330 
  46   31     0    414 
  46   32     0    452 
  46   33     0    313 
  46   34     0    500 
  46   35     0    662 
  46   36     0    409 
  46   37     0    386 
  46   38     0    656 
  46   39     0    600 
  46   40     0    725 
  46   41     0    342 
  46   42     0    361 
  46   43     0    225 
  46   44     0    318 
  46   45     0    499 
  46   46     0    331 
  46   47     0    762 
  46   48     0    340 
  46   49     0    242 
  47    0     0    430 
  47    1     0    305 
  47    2     0    766 
  47    3     0    522 
  47    4     0    345 
  47    5     0    651 
  47    6     0    624 
  47    7     0    750 
  47    8     0    287 
  47    9     0    312 
  47   10     0    656 
  47   11     0    485 
  47   12     0    687 
  47   13     0    457 
  47   14     0    428 
  47   15     0    692 
  47   16     0    355 
  47   17     0    383 
  47   18     0    293 
  47   19     0    783 
  47   20     0    484 
  47   21     0    419 
  47   22     0    338 
  47   23     0    661 
  47   24     0    733 
  47   25     0    630 
  47   26     0    439 
  47   27     0    717 
  47   28     0    509 
  47   29     0    422 
  47   30     0    262 
  47   31     0    690 
  47   32     0    437 
  47   33     0    387 
  47   34     0    268 
  47   35     0    276 
  47   36     0    516 
  47   37     0    536 
  47   38     0    648 
  47   39     0    388 
  47   40     0    498 
  47   41     0    268 
  47   42     0    378 
  47   43     0    601 
  47   44     0    765 
  47   45     0    525 
  47   46     0    426 
  47   47     0    251 
  47   48     0    374 
  47   49     0    229 
  48    0     0    496 
  48    1     0    340 
  48    2     0    314 
  48    3     0    630 
  48    4     0    224 
  48    5     0    437 
  48    6     0    748 
  48    7     0    537 
  48    8     0    210 
  48    9     0    415 
  48   10     0    591 
  48   11     0    570 
  48   12     0    268 
  48   13     0    335 
  48   14     0    574 
  48   15     0    524 
  48   16     0    315 
  48   17     0    231 
  48   18     0    644 
  48   19     0    208 
  48   20     0    687 
  48   21     0    696 
  48   22     0    650 
  48   23     0    519 
  48   24     0    657 
  48   25     0    651 
  48   26     0    704 
  48   27     0    315 
  48   28     0    473 
  48   29     0    261 
  48   30     0    731 
  48   31     0    628 
  48   32     0    346 
  48   33     0    590 
  48   34     0    444 
  48   35     0    610 
  48   36     0    749 
  48   37     0    707 
  48   38     0    368 
  48   39     0    384 
  48   40     0    701 
  48   41     0    336 
  48   42     0    315 
  48   43     0    380 
  48   44     0    580 
  48   45     0    359 
  48   46     0    397 
  48   47     0    659 
  48   48     0    521 
  48   49     0    380 
  49    0     0    785 
  49    1     0    427 
  49    2     0    308 
  49    3     0    374 
  49    4     0    530 
  49    5     0    572 
  49    6     0    345 
  49    7     0    601 
  49    8     0    678 
  49    9     0    514 
  49   10     0    696 
  49   11     0    298 
  49   12     0    620 
  49   13     0    433 
  49   14     0    657 
  49   15     0    302 
  49   16     0    688 
  49   17     0    722 
  49   18     0    367 
  49   19     0    525 
  49   20     0    715 
  49   21     0    266 
  49   22     0    606 
  49   23     0    262 
  49   24     0    375 
  49   25     0    218 
  49   26     0    710 
  49   27     0    563 
  49   28     0    280 
  49   29     0    646 
  49   30     0    237 
  49   31     0    697 
  49   32     0    799 
  49   33     0    217 
  49   34     0    435 
  49   35     0    636 
  49   36     0    457 
  49   37     0    763 
  49   38     0    378 
  49   39     0    363 
  49   40     0    381 
  49   41     0    620 
  49   42     0    543 
  49   43     0    701 
  49   44     0    395 
  49   45     0    501 
  49   46     0    782 
  49   47     0    653 
  49   48     0    637 
  49   49     0    458 
