 30
 30

   11
    5
   16
   19
    9
   17
   20
   12
   18
   13
   18
   15
    1
    1
    5
    6
    4
    1
   17
   11
    9
   12
    6
   13
   11
   14
    9
    8
    4
   13

   14
    1
   11
    5
    1
    9
   14
   14
    2
    2
   20
   10
   15
    5
    1
    4
   20
    3
   19
   17
   18
    9
   20
   19
    7
   13
    3
   19
   17
    6

   0    0    49    530 
   0    1    62    674 
   0    2    59    642 
   0    3    36    394 
   0    4    70    756 
   0    5    52    567 
   0    6    56    612 
   0    7    51    552 
   0    8    56    607 
   0    9    25    278 
   0   10    18    204 
   0   11    46    498 
   0   12    44    476 
   0   13    52    566 
   0   14    67    728 
   0   15    37    400 
   0   16    20    219 
   0   17    73    787 
   0   18    30    332 
   0   19    70    756 
   0   20    30    329 
   0   21    53    576 
   0   22    27    296 
   0   23    55    598 
   0   24    70    762 
   0   25    23    254 
   0   26    37    400 
   0   27    34    369 
   0   28    68    743 
   0   29    22    244 
   1    0    44    482 
   1    1    32    355 
   1    2    35    386 
   1    3    72    782 
   1    4    42    460 
   1    5    65    705 
   1    6    51    553 
   1    7    41    443 
   1    8    47    507 
   1    9    32    353 
   1   10    39    425 
   1   11    30    331 
   1   12    45    487 
   1   13    36    394 
   1   14    73    796 
   1   15    29    323 
   1   16    66    718 
   1   17    53    581 
   1   18    33    363 
   1   19    62    673 
   1   20    52    569 
   1   21    63    681 
   1   22    33    365 
   1   23    62    669 
   1   24    56    608 
   1   25    30    333 
   1   26    37    407 
   1   27    53    575 
   1   28    53    582 
   1   29    62    673 
   2    0    70    763 
   2    1    46    498 
   2    2    48    526 
   2    3    29    316 
   2    4    41    443 
   2    5    65    702 
   2    6    33    358 
   2    7    59    638 
   2    8    33    362 
   2    9    60    657 
   2   10    30    332 
   2   11    23    253 
   2   12    21    234 
   2   13    49    532 
   2   14    63    689 
   2   15    50    549 
   2   16    43    472 
   2   17    29    313 
   2   18    55    596 
   2   19    23    248 
   2   20    59    645 
   2   21    31    339 
   2   22    27    295 
   2   23    25    273 
   2   24    73    791 
   2   25    56    610 
   2   26    40    433 
   2   27    26    289 
   2   28    49    536 
   2   29    24    267 
   3    0    69    751 
   3    1    46    499 
   3    2    72    781 
   3    3    55    597 
   3    4    23    255 
   3    5    62    679 
   3    6    73    788 
   3    7    55    603 
   3    8    19    207 
   3    9    35    380 
   3   10    28    308 
   3   11    59    637 
   3   12    59    641 
   3   13    44    482 
   3   14    64    693 
   3   15    55    594 
   3   16    27    294 
   3   17    25    279 
   3   18    20    222 
   3   19    26    287 
   3   20    50    549 
   3   21    68    736 
   3   22    20    217 
   3   23    55    601 
   3   24    41    447 
   3   25    62    673 
   3   26    26    286 
   3   27    23    251 
   3   28    52    569 
   3   29    49    538 
   4    0    36    396 
   4    1    70    765 
   4    2    35    388 
   4    3    25    270 
   4    4    47    509 
   4    5    54    585 
   4    6    26    285 
   4    7    63    687 
   4    8    50    546 
   4    9    42    455 
   4   10    19    212 
   4   11    52    564 
   4   12    29    313 
   4   13    63    684 
   4   14    62    674 
   4   15    61    666 
   4   16    24    268 
   4   17    27    297 
   4   18    53    580 
   4   19    47    513 
   4   20    22    240 
   4   21    24    267 
   4   22    33    364 
   4   23    32    345 
   4   24    56    609 
   4   25    51    560 
   4   26    19    206 
   4   27    20    226 
   4   28    59    642 
   4   29    26    290 
   5    0    73    787 
   5    1    24    262 
   5    2    38    417 
   5    3    49    532 
   5    4    20    219 
   5    5    23    250 
   5    6    63    682 
   5    7    67    726 
   5    8    42    461 
   5    9    67    729 
   5   10    31    339 
   5   11    27    295 
   5   12    30    332 
   5   13    47    512 
   5   14    40    433 
   5   15    64    693 
   5   16    43    473 
   5   17    42    459 
   5   18    40    435 
   5   19    39    423 
   5   20    21    231 
   5   21    52    562 
   5   22    28    311 
   5   23    70    759 
   5   24    29    317 
   5   25    64    692 
   5   26    27    300 
   5   27    27    296 
   5   28    55    599 
   5   29    67    723 
   6    0    72    781 
   6    1    41    444 
   6    2    47    512 
   6    3    41    443 
   6    4    64    692 
   6    5    22    239 
   6    6    70    755 
   6    7    55    597 
   6    8    60    654 
   6    9    57    617 
   6   10    55    599 
   6   11    33    358 
   6   12    41    449 
   6   13    49    534 
   6   14    52    571 
   6   15    54    592 
   6   16    50    548 
   6   17    47    517 
   6   18    55    595 
   6   19    34    370 
   6   20    49    533 
   6   21    30    330 
   6   22    30    328 
   6   23    19    205 
   6   24    25    276 
   6   25    68    738 
   6   26    55    595 
   6   27    67    727 
   6   28    72    781 
   6   29    51    553 
   7    0    27    294 
   7    1    73    794 
   7    2    31    337 
   7    3    33    363 
   7    4    48    518 
   7    5    26    287 
   7    6    66    721 
   7    7    30    334 
   7    8    34    377 
   7    9    36    397 
   7   10    21    231 
   7   11    35    387 
   7   12    32    347 
   7   13    27    299 
   7   14    21    228 
   7   15    46    500 
   7   16    34    376 
   7   17    67    724 
   7   18    33    359 
   7   19    47    517 
   7   20    52    569 
   7   21    62    676 
   7   22    44    483 
   7   23    32    352 
   7   24    20    217 
   7   25    51    550 
   7   26    41    452 
   7   27    55    600 
   7   28    62    674 
   7   29    55    602 
   8    0    18    202 
   8    1    38    417 
   8    2    39    431 
   8    3    41    449 
   8    4    23    253 
   8    5    53    573 
   8    6    56    605 
   8    7    47    513 
   8    8    49    529 
   8    9    69    752 
   8   10    55    600 
   8   11    64    693 
   8   12    73    789 
   8   13    38    413 
   8   14    19    210 
   8   15    65    703 
   8   16    18    204 
   8   17    43    470 
   8   18    40    440 
   8   19    35    385 
   8   20    25    276 
   8   21    38    413 
   8   22    40    440 
   8   23    41    449 
   8   24    40    440 
   8   25    29    313 
   8   26    48    518 
   8   27    74    800 
   8   28    59    636 
   8   29    35    388 
   9    0    21    231 
   9    1    40    440 
   9    2    22    243 
   9    3    46    497 
   9    4    63    682 
   9    5    71    771 
   9    6    40    435 
   9    7    54    589 
   9    8    69    748 
   9    9    29    322 
   9   10    69    747 
   9   11    56    604 
   9   12    48    521 
   9   13    30    333 
   9   14    24    260 
   9   15    35    378 
   9   16    21    236 
   9   17    50    543 
   9   18    53    572 
   9   19    48    525 
   9   20    56    612 
   9   21    40    432 
   9   22    51    559 
   9   23    42    460 
   9   24    68    738 
   9   25    49    535 
   9   26    55    598 
   9   27    40    441 
   9   28    32    352 
   9   29    55    596 
  10    0    70    763 
  10    1    60    652 
  10    2    58    630 
  10    3    40    439 
  10    4    19    215 
  10    5    58    632 
  10    6    41    445 
  10    7    23    251 
  10    8    53    582 
  10    9    42    461 
  10   10    21    232 
  10   11    42    456 
  10   12    43    471 
  10   13    56    608 
  10   14    18    200 
  10   15    35    383 
  10   16    27    292 
  10   17    21    237 
  10   18    65    705 
  10   19    52    566 
  10   20    57    619 
  10   21    21    235 
  10   22    72    785 
  10   23    60    651 
  10   24    32    349 
  10   25    49    530 
  10   26    36    394 
  10   27    31    342 
  10   28    41    443 
  10   29    39    427 
  11    0    39    427 
  11    1    60    652 
  11    2    27    301 
  11    3    38    414 
  11    4    40    435 
  11    5    42    460 
  11    6    24    267 
  11    7    64    698 
  11    8    63    682 
  11    9    26    283 
  11   10    46    504 
  11   11    47    514 
  11   12    32    349 
  11   13    68    739 
  11   14    21    236 
  11   15    31    341 
  11   16    33    365 
  11   17    24    260 
  11   18    51    553 
  11   19    68    740 
  11   20    53    579 
  11   21    34    369 
  11   22    43    471 
  11   23    67    723 
  11   24    27    295 
  11   25    66    722 
  11   26    69    752 
  11   27    69    744 
  11   28    58    629 
  11   29    42    454 
  12    0    38    411 
  12    1    57    624 
  12    2    51    554 
  12    3    29    320 
  12    4    29    318 
  12    5    37    403 
  12    6    48    525 
  12    7    62    672 
  12    8    49    529 
  12    9    66    712 
  12   10    30    333 
  12   11    59    636 
  12   12    71    773 
  12   13    61    663 
  12   14    41    448 
  12   15    68    735 
  12   16    56    612 
  12   17    62    673 
  12   18    25    276 
  12   19    44    481 
  12   20    49    532 
  12   21    47    508 
  12   22    20    223 
  12   23    40    434 
  12   24    50    546 
  12   25    23    249 
  12   26    30    325 
  12   27    71    767 
  12   28    24    264 
  12   29    51    552 
  13    0    71    776 
  13    1    25    274 
  13    2    21    236 
  13    3    30    329 
  13    4    59    639 
  13    5    31    336 
  13    6    48    527 
  13    7    63    681 
  13    8    69    751 
  13    9    61    668 
  13   10    47    507 
  13   11    67    732 
  13   12    67    733 
  13   13    24    268 
  13   14    49    529 
  13   15    72    785 
  13   16    67    731 
  13   17    53    579 
  13   18    53    576 
  13   19    70    762 
  13   20    40    436 
  13   21    44    485 
  13   22    42    454 
  13   23    43    470 
  13   24    45    493 
  13   25    59    642 
  13   26    59    641 
  13   27    66    716 
  13   28    27    300 
  13   29    42    461 
  14    0    48    524 
  14    1    21    229 
  14    2    60    653 
  14    3    37    408 
  14    4    55    599 
  14    5    62    675 
  14    6    56    608 
  14    7    62    675 
  14    8    40    438 
  14    9    35    382 
  14   10    52    567 
  14   11    62    669 
  14   12    24    262 
  14   13    56    613 
  14   14    26    282 
  14   15    71    776 
  14   16    54    590 
  14   17    34    373 
  14   18    32    349 
  14   19    42    458 
  14   20    58    629 
  14   21    42    455 
  14   22    73    792 
  14   23    46    497 
  14   24    58    628 
  14   25    55    601 
  14   26    32    353 
  14   27    56    612 
  14   28    47    507 
  14   29    47    512 
  15    0    55    601 
  15    1    22    238 
  15    2    54    588 
  15    3    56    609 
  15    4    26    283 
  15    5    52    571 
  15    6    25    275 
  15    7    74    799 
  15    8    39    431 
  15    9    53    581 
  15   10    56    611 
  15   11    56    610 
  15   12    50    540 
  15   13    53    579 
  15   14    69    748 
  15   15    28    305 
  15   16    69    746 
  15   17    25    279 
  15   18    60    653 
  15   19    61    660 
  15   20    44    480 
  15   21    49    530 
  15   22    55    594 
  15   23    24    264 
  15   24    41    447 
  15   25    27    294 
  15   26    59    636 
  15   27    19    208 
  15   28    42    458 
  15   29    51    558 
  16    0    43    471 
  16    1    21    230 
  16    2    42    454 
  16    3    39    423 
  16    4    20    221 
  16    5    31    340 
  16    6    45    488 
  16    7    19    215 
  16    8    44    478 
  16    9    19    213 
  16   10    69    747 
  16   11    34    368 
  16   12    74    799 
  16   13    33    364 
  16   14    19    210 
  16   15    27    300 
  16   16    72    780 
  16   17    38    419 
  16   18    30    326 
  16   19    58    630 
  16   20    51    553 
  16   21    40    432 
  16   22    62    677 
  16   23    64    690 
  16   24    30    329 
  16   25    46    504 
  16   26    32    351 
  16   27    35    385 
  16   28    69    745 
  16   29    31    335 
  17    0    69    749 
  17    1    64    698 
  17    2    22    240 
  17    3    22    241 
  17    4    59    645 
  17    5    22    243 
  17    6    19    213 
  17    7    38    411 
  17    8    42    461 
  17    9    23    255 
  17   10    23    255 
  17   11    29    320 
  17   12    64    700 
  17   13    73    789 
  17   14    56    605 
  17   15    59    641 
  17   16    21    233 
  17   17    62    674 
  17   18    30    329 
  17   19    73    797 
  17   20    22    246 
  17   21    26    284 
  17   22    50    546 
  17   23    43    473 
  17   24    37    404 
  17   25    21    233 
  17   26    73    791 
  17   27    35    379 
  17   28    27    296 
  17   29    26    282 
  18    0    40    441 
  18    1    70    755 
  18    2    44    480 
  18    3    62    670 
  18    4    36    389 
  18    5    63    689 
  18    6    71    773 
  18    7    60    649 
  18    8    55    603 
  18    9    50    539 
  18   10    47    514 
  18   11    41    452 
  18   12    69    751 
  18   13    46    500 
  18   14    67    730 
  18   15    32    350 
  18   16    29    317 
  18   17    55    593 
  18   18    24    264 
  18   19    68    737 
  18   20    26    285 
  18   21    63    687 
  18   22    58    626 
  18   23    50    544 
  18   24    39    425 
  18   25    32    350 
  18   26    49    529 
  18   27    52    565 
  18   28    25    278 
  18   29    33    356 
  19    0    40    432 
  19    1    50    543 
  19    2    53    577 
  19    3    26    288 
  19    4    26    281 
  19    5    39    424 
  19    6    51    555 
  19    7    56    610 
  19    8    47    508 
  19    9    26    288 
  19   10    28    309 
  19   11    34    376 
  19   12    51    556 
  19   13    23    254 
  19   14    31    343 
  19   15    49    535 
  19   16    38    410 
  19   17    71    773 
  19   18    64    695 
  19   19    44    481 
  19   20    38    419 
  19   21    40    440 
  19   22    53    577 
  19   23    65    711 
  19   24    63    689 
  19   25    72    777 
  19   26    35    378 
  19   27    66    712 
  19   28    26    290 
  19   29    34    375 
  20    0    28    307 
  20    1    36    393 
  20    2    32    352 
  20    3    60    651 
  20    4    23    257 
  20    5    61    663 
  20    6    37    409 
  20    7    74    798 
  20    8    35    383 
  20    9    59    643 
  20   10    71    769 
  20   11    39    423 
  20   12    73    788 
  20   13    38    420 
  20   14    38    411 
  20   15    60    649 
  20   16    65    708 
  20   17    53    582 
  20   18    19    215 
  20   19    51    558 
  20   20    43    470 
  20   21    22    239 
  20   22    70    755 
  20   23    30    332 
  20   24    44    483 
  20   25    27    298 
  20   26    56    614 
  20   27    70    765 
  20   28    40    441 
  20   29    63    680 
  21    0    59    645 
  21    1    19    205 
  21    2    55    596 
  21    3    23    248 
  21    4    24    267 
  21    5    27    298 
  21    6    53    577 
  21    7    52    565 
  21    8    64    694 
  21    9    52    564 
  21   10    30    330 
  21   11    24    263 
  21   12    37    399 
  21   13    59    638 
  21   14    60    657 
  21   15    46    502 
  21   16    31    337 
  21   17    73    792 
  21   18    19    209 
  21   19    24    264 
  21   20    69    745 
  21   21    20    220 
  21   22    30    334 
  21   23    55    596 
  21   24    57    615 
  21   25    35    386 
  21   26    45    491 
  21   27    47    511 
  21   28    31    340 
  21   29    48    526 
  22    0    67    733 
  22    1    73    795 
  22    2    58    633 
  22    3    26    284 
  22    4    20    216 
  22    5    32    347 
  22    6    71    774 
  22    7    46    506 
  22    8    29    313 
  22    9    65    702 
  22   10    25    279 
  22   11    53    582 
  22   12    52    571 
  22   13    26    289 
  22   14    39    429 
  22   15    65    702 
  22   16    36    389 
  22   17    62    673 
  22   18    25    273 
  22   19    43    467 
  22   20    41    452 
  22   21    48    520 
  22   22    44    476 
  22   23    39    428 
  22   24    71    776 
  22   25    69    750 
  22   26    66    719 
  22   27    26    286 
  22   28    43    465 
  22   29    35    384 
  23    0    41    450 
  23    1    43    465 
  23    2    31    335 
  23    3    30    330 
  23    4    67    724 
  23    5    24    261 
  23    6    30    332 
  23    7    29    316 
  23    8    36    394 
  23    9    33    361 
  23   10    72    779 
  23   11    50    541 
  23   12    26    285 
  23   13    22    247 
  23   14    32    347 
  23   15    34    375 
  23   16    36    394 
  23   17    47    511 
  23   18    57    622 
  23   19    58    631 
  23   20    25    278 
  23   21    36    394 
  23   22    30    332 
  23   23    21    237 
  23   24    62    670 
  23   25    72    777 
  23   26    30    332 
  23   27    64    695 
  23   28    46    496 
  23   29    55    601 
  24    0    73    797 
  24    1    49    531 
  24    2    63    684 
  24    3    55    597 
  24    4    22    239 
  24    5    27    294 
  24    6    30    333 
  24    7    33    361 
  24    8    24    260 
  24    9    67    730 
  24   10    67    727 
  24   11    57    622 
  24   12    65    709 
  24   13    60    655 
  24   14    23    255 
  24   15    41    444 
  24   16    33    365 
  24   17    27    293 
  24   18    46    498 
  24   19    42    457 
  24   20    27    299 
  24   21    27    292 
  24   22    32    352 
  24   23    32    352 
  24   24    46    501 
  24   25    49    534 
  24   26    21    230 
  24   27    43    470 
  24   28    57    624 
  24   29    64    696 
  25    0    43    467 
  25    1    67    726 
  25    2    65    709 
  25    3    42    455 
  25    4    44    482 
  25    5    72    778 
  25    6    60    657 
  25    7    68    742 
  25    8    57    620 
  25    9    52    570 
  25   10    19    208 
  25   11    44    482 
  25   12    33    358 
  25   13    34    373 
  25   14    40    433 
  25   15    32    349 
  25   16    73    797 
  25   17    52    563 
  25   18    63    685 
  25   19    44    476 
  25   20    36    389 
  25   21    71    772 
  25   22    27    301 
  25   23    41    449 
  25   24    64    696 
  25   25    71    772 
  25   26    64    697 
  25   27    70    764 
  25   28    73    794 
  25   29    30    326 
  26    0    66    718 
  26    1    30    327 
  26    2    72    780 
  26    3    62    678 
  26    4    21    235 
  26    5    58    635 
  26    6    54    588 
  26    7    38    414 
  26    8    65    710 
  26    9    69    745 
  26   10    74    799 
  26   11    49    533 
  26   12    31    338 
  26   13    33    356 
  26   14    63    685 
  26   15    38    419 
  26   16    41    446 
  26   17    35    378 
  26   18    58    630 
  26   19    57    623 
  26   20    42    457 
  26   21    23    250 
  26   22    33    360 
  26   23    59    643 
  26   24    38    417 
  26   25    23    256 
  26   26    44    483 
  26   27    52    567 
  26   28    57    616 
  26   29    36    397 
  27    0    43    465 
  27    1    69    748 
  27    2    65    706 
  27    3    56    609 
  27    4    22    238 
  27    5    70    762 
  27    6    30    332 
  27    7    69    753 
  27    8    25    270 
  27    9    25    274 
  27   10    23    254 
  27   11    47    510 
  27   12    29    315 
  27   13    51    550 
  27   14    73    790 
  27   15    55    596 
  27   16    67    723 
  27   17    41    443 
  27   18    69    750 
  27   19    50    540 
  27   20    46    501 
  27   21    59    640 
  27   22    30    325 
  27   23    21    227 
  27   24    69    748 
  27   25    30    327 
  27   26    24    259 
  27   27    63    685 
  27   28    56    604 
  27   29    44    477 
  28    0    51    556 
  28    1    71    770 
  28    2    63    682 
  28    3    18    200 
  28    4    46    500 
  28    5    37    404 
  28    6    52    567 
  28    7    36    391 
  28    8    36    391 
  28    9    22    241 
  28   10    30    333 
  28   11    65    704 
  28   12    42    458 
  28   13    19    205 
  28   14    54    589 
  28   15    26    287 
  28   16    44    480 
  28   17    31    338 
  28   18    38    416 
  28   19    33    360 
  28   20    23    253 
  28   21    50    540 
  28   22    36    393 
  28   23    31    341 
  28   24    23    258 
  28   25    47    513 
  28   26    41    446 
  28   27    50    546 
  28   28    71    776 
  28   29    43    470 
  29    0    56    605 
  29    1    59    642 
  29    2    68    742 
  29    3    30    330 
  29    4    19    210 
  29    5    26    282 
  29    6    67    724 
  29    7    26    287 
  29    8    63    686 
  29    9    48    522 
  29   10    64    699 
  29   11    41    449 
  29   12    68    735 
  29   13    34    375 
  29   14    49    536 
  29   15    46    503 
  29   16    24    266 
  29   17    61    668 
  29   18    63    682 
  29   19    56    609 
  29   20    35    380 
  29   21    19    213 
  29   22    34    377 
  29   23    59    645 
  29   24    50    541 
  29   25    60    652 
  29   26    50    546 
  29   27    35    386 
  29   28    73    792 
  29   29    61    667 
