 30
 30

   17
    8
   20
   14
   16
    9
    8
   10
   13
   17
   14
   18
   19
   16
   11
    4
    4
    3
   11
    5
    4
   20
    1
   13
    2
   10
   18
    7
   20
    9

    2
   20
    9
    4
    5
    4
   16
   12
    8
    7
   14
   14
   16
    7
   16
   16
   20
   12
   10
    9
   14
    3
   18
   15
    6
   17
    6
    7
   18
   16

   0    0    22    265 
   0    1    33    382 
   0    2    40    467 
   0    3    52    605 
   0    4    66    772 
   0    5    28    328 
   0    6    42    487 
   0    7    41    479 
   0    8    36    417 
   0    9    54    625 
   0   10    23    273 
   0   11    47    551 
   0   12    56    658 
   0   13    56    653 
   0   14    47    552 
   0   15    66    764 
   0   16    68    791 
   0   17    54    626 
   0   18    67    779 
   0   19    39    455 
   0   20    44    517 
   0   21    47    552 
   0   22    58    680 
   0   23    57    661 
   0   24    45    531 
   0   25    59    693 
   0   26    24    287 
   0   27    51    590 
   0   28    68    797 
   0   29    49    577 
   1    0    25    297 
   1    1    56    651 
   1    2    45    527 
   1    3    37    439 
   1    4    42    491 
   1    5    57    665 
   1    6    68    797 
   1    7    38    445 
   1    8    44    514 
   1    9    23    272 
   1   10    66    768 
   1   11    51    597 
   1   12    56    654 
   1   13    25    297 
   1   14    36    418 
   1   15    60    703 
   1   16    50    582 
   1   17    60    701 
   1   18    19    231 
   1   19    58    679 
   1   20    40    463 
   1   21    41    475 
   1   22    20    238 
   1   23    50    582 
   1   24    38    444 
   1   25    20    235 
   1   26    17    205 
   1   27    49    568 
   1   28    23    273 
   1   29    48    555 
   2    0    30    356 
   2    1    28    328 
   2    2    20    233 
   2    3    57    659 
   2    4    59    684 
   2    5    56    651 
   2    6    66    765 
   2    7    37    437 
   2    8    53    615 
   2    9    30    356 
   2   10    55    643 
   2   11    53    614 
   2   12    42    497 
   2   13    47    550 
   2   14    51    594 
   2   15    47    548 
   2   16    54    627 
   2   17    32    374 
   2   18    48    561 
   2   19    22    258 
   2   20    28    325 
   2   21    62    722 
   2   22    17    206 
   2   23    46    536 
   2   24    57    662 
   2   25    30    356 
   2   26    48    555 
   2   27    66    763 
   2   28    46    540 
   2   29    37    430 
   3    0    22    261 
   3    1    51    597 
   3    2    58    677 
   3    3    57    668 
   3    4    54    629 
   3    5    26    310 
   3    6    59    685 
   3    7    29    346 
   3    8    66    763 
   3    9    60    703 
   3   10    20    241 
   3   11    36    421 
   3   12    59    690 
   3   13    45    525 
   3   14    60    697 
   3   15    18    217 
   3   16    53    614 
   3   17    52    612 
   3   18    34    401 
   3   19    30    351 
   3   20    48    563 
   3   21    41    476 
   3   22    36    422 
   3   23    60    702 
   3   24    45    523 
   3   25    56    650 
   3   26    33    385 
   3   27    34    397 
   3   28    45    526 
   3   29    48    560 
   4    0    60    700 
   4    1    18    214 
   4    2    46    537 
   4    3    48    558 
   4    4    63    731 
   4    5    69    799 
   4    6    63    734 
   4    7    57    670 
   4    8    66    774 
   4    9    59    689 
   4   10    22    263 
   4   11    58    677 
   4   12    59    686 
   4   13    31    361 
   4   14    60    699 
   4   15    24    279 
   4   16    30    352 
   4   17    53    624 
   4   18    63    733 
   4   19    52    603 
   4   20    63    739 
   4   21    58    676 
   4   22    47    552 
   4   23    53    614 
   4   24    39    456 
   4   25    31    367 
   4   26    69    798 
   4   27    33    383 
   4   28    66    771 
   4   29    44    511 
   5    0    53    618 
   5    1    54    630 
   5    2    34    403 
   5    3    20    233 
   5    4    69    799 
   5    5    39    461 
   5    6    49    569 
   5    7    59    688 
   5    8    29    339 
   5    9    34    398 
   5   10    47    544 
   5   11    23    272 
   5   12    27    316 
   5   13    26    305 
   5   14    60    694 
   5   15    61    716 
   5   16    51    601 
   5   17    64    749 
   5   18    44    513 
   5   19    68    797 
   5   20    60    700 
   5   21    39    453 
   5   22    32    373 
   5   23    35    410 
   5   24    62    720 
   5   25    21    246 
   5   26    24    284 
   5   27    36    417 
   5   28    37    430 
   5   29    56    658 
   6    0    27    321 
   6    1    66    772 
   6    2    62    720 
   6    3    44    513 
   6    4    44    520 
   6    5    27    317 
   6    6    46    533 
   6    7    41    484 
   6    8    27    323 
   6    9    52    607 
   6   10    25    295 
   6   11    48    555 
   6   12    39    457 
   6   13    65    755 
   6   14    18    214 
   6   15    49    572 
   6   16    27    321 
   6   17    67    785 
   6   18    20    242 
   6   19    37    429 
   6   20    62    723 
   6   21    36    427 
   6   22    24    282 
   6   23    48    559 
   6   24    25    290 
   6   25    32    378 
   6   26    17    202 
   6   27    37    431 
   6   28    59    683 
   6   29    67    782 
   7    0    35    405 
   7    1    37    435 
   7    2    58    672 
   7    3    23    277 
   7    4    27    318 
   7    5    54    634 
   7    6    65    752 
   7    7    53    617 
   7    8    38    441 
   7    9    30    358 
   7   10    22    260 
   7   11    33    391 
   7   12    68    793 
   7   13    61    711 
   7   14    32    379 
   7   15    24    283 
   7   16    67    782 
   7   17    21    244 
   7   18    58    673 
   7   19    32    374 
   7   20    45    527 
   7   21    43    501 
   7   22    41    475 
   7   23    67    782 
   7   24    19    229 
   7   25    53    615 
   7   26    55    640 
   7   27    58    681 
   7   28    68    792 
   7   29    66    767 
   8    0    23    267 
   8    1    19    223 
   8    2    18    213 
   8    3    59    689 
   8    4    21    253 
   8    5    39    457 
   8    6    51    591 
   8    7    48    557 
   8    8    60    700 
   8    9    19    227 
   8   10    32    381 
   8   11    24    285 
   8   12    40    471 
   8   13    67    775 
   8   14    32    371 
   8   15    66    774 
   8   16    60    701 
   8   17    60    695 
   8   18    19    225 
   8   19    30    358 
   8   20    21    246 
   8   21    36    425 
   8   22    43    503 
   8   23    56    658 
   8   24    63    732 
   8   25    45    531 
   8   26    36    423 
   8   27    35    414 
   8   28    46    536 
   8   29    17    206 
   9    0    46    541 
   9    1    18    218 
   9    2    57    660 
   9    3    27    314 
   9    4    28    327 
   9    5    61    716 
   9    6    30    348 
   9    7    50    587 
   9    8    17    201 
   9    9    36    418 
   9   10    49    570 
   9   11    34    395 
   9   12    22    258 
   9   13    53    621 
   9   14    50    580 
   9   15    22    260 
   9   16    68    797 
   9   17    29    339 
   9   18    53    620 
   9   19    24    288 
   9   20    57    659 
   9   21    50    589 
   9   22    58    679 
   9   23    55    636 
   9   24    23    275 
   9   25    28    330 
   9   26    54    632 
   9   27    20    233 
   9   28    68    789 
   9   29    48    562 
  10    0    59    690 
  10    1    67    779 
  10    2    60    703 
  10    3    17    207 
  10    4    35    405 
  10    5    29    336 
  10    6    55    637 
  10    7    22    257 
  10    8    47    546 
  10    9    66    764 
  10   10    62    726 
  10   11    34    401 
  10   12    22    262 
  10   13    31    366 
  10   14    55    646 
  10   15    58    675 
  10   16    27    322 
  10   17    31    363 
  10   18    37    434 
  10   19    69    798 
  10   20    41    485 
  10   21    66    769 
  10   22    32    375 
  10   23    66    769 
  10   24    34    400 
  10   25    52    612 
  10   26    40    467 
  10   27    62    721 
  10   28    17    206 
  10   29    44    514 
  11    0    35    409 
  11    1    50    587 
  11    2    39    459 
  11    3    18    210 
  11    4    28    330 
  11    5    55    638 
  11    6    66    770 
  11    7    18    212 
  11    8    43    502 
  11    9    40    463 
  11   10    22    257 
  11   11    35    415 
  11   12    54    630 
  11   13    32    380 
  11   14    44    514 
  11   15    56    655 
  11   16    53    621 
  11   17    44    512 
  11   18    36    427 
  11   19    31    365 
  11   20    46    540 
  11   21    48    566 
  11   22    29    339 
  11   23    28    327 
  11   24    32    376 
  11   25    51    598 
  11   26    61    716 
  11   27    44    520 
  11   28    60    698 
  11   29    31    368 
  12    0    28    327 
  12    1    24    285 
  12    2    18    209 
  12    3    17    202 
  12    4    44    514 
  12    5    68    791 
  12    6    68    791 
  12    7    45    525 
  12    8    22    258 
  12    9    50    580 
  12   10    45    530 
  12   11    67    782 
  12   12    44    518 
  12   13    36    417 
  12   14    57    665 
  12   15    19    223 
  12   16    48    556 
  12   17    59    686 
  12   18    21    245 
  12   19    32    379 
  12   20    26    301 
  12   21    61    707 
  12   22    64    741 
  12   23    39    458 
  12   24    42    489 
  12   25    19    220 
  12   26    48    557 
  12   27    48    556 
  12   28    51    590 
  12   29    64    745 
  13    0    66    765 
  13    1    45    527 
  13    2    30    356 
  13    3    30    348 
  13    4    48    562 
  13    5    41    476 
  13    6    64    742 
  13    7    44    513 
  13    8    27    313 
  13    9    61    710 
  13   10    30    355 
  13   11    54    627 
  13   12    64    742 
  13   13    23    273 
  13   14    60    697 
  13   15    59    692 
  13   16    52    609 
  13   17    63    738 
  13   18    66    771 
  13   19    20    238 
  13   20    69    799 
  13   21    56    650 
  13   22    54    632 
  13   23    48    562 
  13   24    52    605 
  13   25    64    743 
  13   26    51    595 
  13   27    26    308 
  13   28    20    233 
  13   29    29    338 
  14    0    32    372 
  14    1    59    691 
  14    2    34    403 
  14    3    26    304 
  14    4    45    523 
  14    5    34    397 
  14    6    58    679 
  14    7    17    202 
  14    8    19    229 
  14    9    55    647 
  14   10    30    353 
  14   11    44    516 
  14   12    37    435 
  14   13    49    570 
  14   14    56    658 
  14   15    20    236 
  14   16    21    246 
  14   17    65    755 
  14   18    60    704 
  14   19    53    616 
  14   20    27    318 
  14   21    59    693 
  14   22    29    343 
  14   23    34    394 
  14   24    63    730 
  14   25    47    552 
  14   26    65    762 
  14   27    37    428 
  14   28    52    609 
  14   29    19    225 
  15    0    21    248 
  15    1    63    738 
  15    2    67    784 
  15    3    55    637 
  15    4    60    697 
  15    5    34    403 
  15    6    37    434 
  15    7    68    788 
  15    8    36    420 
  15    9    43    499 
  15   10    29    339 
  15   11    21    251 
  15   12    39    454 
  15   13    18    209 
  15   14    36    427 
  15   15    32    376 
  15   16    60    700 
  15   17    53    613 
  15   18    50    581 
  15   19    34    394 
  15   20    45    529 
  15   21    59    689 
  15   22    66    768 
  15   23    20    233 
  15   24    48    560 
  15   25    27    323 
  15   26    57    668 
  15   27    54    632 
  15   28    50    581 
  15   29    32    378 
  16    0    64    748 
  16    1    25    297 
  16    2    29    346 
  16    3    25    297 
  16    4    24    278 
  16    5    66    769 
  16    6    20    241 
  16    7    48    556 
  16    8    48    564 
  16    9    68    790 
  16   10    27    314 
  16   11    40    469 
  16   12    61    715 
  16   13    37    435 
  16   14    30    357 
  16   15    29    336 
  16   16    45    524 
  16   17    35    416 
  16   18    66    763 
  16   19    55    639 
  16   20    19    224 
  16   21    43    503 
  16   22    60    699 
  16   23    48    558 
  16   24    50    583 
  16   25    31    365 
  16   26    66    773 
  16   27    33    389 
  16   28    24    286 
  16   29    30    347 
  17    0    40    467 
  17    1    49    567 
  17    2    52    608 
  17    3    54    627 
  17    4    22    258 
  17    5    59    693 
  17    6    38    449 
  17    7    27    316 
  17    8    22    264 
  17    9    22    260 
  17   10    63    738 
  17   11    29    340 
  17   12    26    306 
  17   13    29    340 
  17   14    46    534 
  17   15    40    464 
  17   16    25    294 
  17   17    20    242 
  17   18    25    299 
  17   19    45    524 
  17   20    40    471 
  17   21    23    277 
  17   22    18    209 
  17   23    63    738 
  17   24    51    595 
  17   25    41    476 
  17   26    59    691 
  17   27    56    654 
  17   28    32    377 
  17   29    62    726 
  18    0    41    477 
  18    1    64    747 
  18    2    66    763 
  18    3    56    653 
  18    4    29    340 
  18    5    42    491 
  18    6    60    702 
  18    7    42    490 
  18    8    26    308 
  18    9    18    218 
  18   10    56    650 
  18   11    43    498 
  18   12    43    499 
  18   13    30    350 
  18   14    60    702 
  18   15    40    467 
  18   16    24    285 
  18   17    34    398 
  18   18    60    697 
  18   19    20    241 
  18   20    46    532 
  18   21    56    649 
  18   22    60    695 
  18   23    23    276 
  18   24    18    216 
  18   25    32    371 
  18   26    29    346 
  18   27    30    356 
  18   28    61    714 
  18   29    35    412 
  19    0    50    584 
  19    1    63    734 
  19    2    65    752 
  19    3    30    354 
  19    4    18    213 
  19    5    52    606 
  19    6    33    383 
  19    7    66    772 
  19    8    55    636 
  19    9    18    213 
  19   10    67    780 
  19   11    41    485 
  19   12    24    283 
  19   13    38    450 
  19   14    44    519 
  19   15    56    649 
  19   16    31    360 
  19   17    38    445 
  19   18    51    594 
  19   19    22    257 
  19   20    34    397 
  19   21    26    301 
  19   22    35    411 
  19   23    42    490 
  19   24    24    284 
  19   25    28    334 
  19   26    55    637 
  19   27    35    412 
  19   28    51    596 
  19   29    40    473 
  20    0    24    282 
  20    1    45    528 
  20    2    51    590 
  20    3    22    257 
  20    4    38    446 
  20    5    57    659 
  20    6    36    425 
  20    7    63    734 
  20    8    21    246 
  20    9    55    641 
  20   10    47    554 
  20   11    46    540 
  20   12    17    206 
  20   13    64    747 
  20   14    31    366 
  20   15    20    235 
  20   16    23    272 
  20   17    18    212 
  20   18    23    273 
  20   19    58    679 
  20   20    36    419 
  20   21    51    596 
  20   22    19    226 
  20   23    35    415 
  20   24    28    333 
  20   25    40    465 
  20   26    69    798 
  20   27    24    280 
  20   28    66    769 
  20   29    26    312 
  21    0    58    674 
  21    1    41    475 
  21    2    17    205 
  21    3    67    783 
  21    4    18    209 
  21    5    42    495 
  21    6    17    203 
  21    7    58    680 
  21    8    47    545 
  21    9    64    744 
  21   10    53    614 
  21   11    45    531 
  21   12    60    704 
  21   13    68    791 
  21   14    30    357 
  21   15    21    253 
  21   16    40    470 
  21   17    49    571 
  21   18    33    388 
  21   19    44    509 
  21   20    51    590 
  21   21    43    499 
  21   22    24    288 
  21   23    60    699 
  21   24    26    305 
  21   25    49    576 
  21   26    31    362 
  21   27    39    452 
  21   28    22    262 
  21   29    40    465 
  22    0    56    648 
  22    1    54    634 
  22    2    63    738 
  22    3    27    321 
  22    4    28    329 
  22    5    38    445 
  22    6    18    212 
  22    7    36    426 
  22    8    17    204 
  22    9    49    569 
  22   10    42    491 
  22   11    27    313 
  22   12    52    610 
  22   13    56    656 
  22   14    67    778 
  22   15    40    464 
  22   16    63    735 
  22   17    53    617 
  22   18    59    684 
  22   19    32    371 
  22   20    48    559 
  22   21    35    409 
  22   22    53    616 
  22   23    51    594 
  22   24    27    320 
  22   25    58    672 
  22   26    55    642 
  22   27    44    514 
  22   28    21    249 
  22   29    61    707 
  23    0    30    349 
  23    1    36    426 
  23    2    63    731 
  23    3    35    410 
  23    4    42    493 
  23    5    26    308 
  23    6    19    220 
  23    7    33    386 
  23    8    43    499 
  23    9    30    358 
  23   10    38    450 
  23   11    35    411 
  23   12    58    673 
  23   13    59    686 
  23   14    24    279 
  23   15    64    740 
  23   16    44    513 
  23   17    36    417 
  23   18    55    636 
  23   19    30    352 
  23   20    35    409 
  23   21    32    376 
  23   22    66    772 
  23   23    58    675 
  23   24    48    561 
  23   25    54    632 
  23   26    61    714 
  23   27    50    582 
  23   28    50    583 
  23   29    48    558 
  24    0    23    277 
  24    1    34    402 
  24    2    29    345 
  24    3    19    222 
  24    4    33    384 
  24    5    60    694 
  24    6    42    497 
  24    7    36    420 
  24    8    24    286 
  24    9    27    316 
  24   10    40    470 
  24   11    42    493 
  24   12    64    740 
  24   13    19    228 
  24   14    18    210 
  24   15    58    675 
  24   16    43    505 
  24   17    24    288 
  24   18    27    315 
  24   19    39    460 
  24   20    62    723 
  24   21    29    336 
  24   22    34    396 
  24   23    62    723 
  24   24    58    677 
  24   25    26    301 
  24   26    63    734 
  24   27    35    409 
  24   28    25    291 
  24   29    61    714 
  25    0    44    509 
  25    1    62    720 
  25    2    38    442 
  25    3    49    573 
  25    4    47    552 
  25    5    55    644 
  25    6    26    310 
  25    7    55    644 
  25    8    22    256 
  25    9    30    348 
  25   10    51    595 
  25   11    59    688 
  25   12    34    400 
  25   13    23    276 
  25   14    64    744 
  25   15    22    256 
  25   16    19    225 
  25   17    27    318 
  25   18    30    347 
  25   19    57    668 
  25   20    25    296 
  25   21    23    271 
  25   22    19    223 
  25   23    67    780 
  25   24    63    733 
  25   25    57    661 
  25   26    68    793 
  25   27    19    230 
  25   28    49    570 
  25   29    18    217 
  26    0    60    697 
  26    1    59    686 
  26    2    39    458 
  26    3    65    753 
  26    4    33    384 
  26    5    19    230 
  26    6    29    344 
  26    7    47    544 
  26    8    37    432 
  26    9    52    607 
  26   10    33    392 
  26   11    60    699 
  26   12    26    312 
  26   13    68    787 
  26   14    30    348 
  26   15    43    505 
  26   16    68    793 
  26   17    35    409 
  26   18    18    215 
  26   19    24    281 
  26   20    56    648 
  26   21    28    334 
  26   22    55    638 
  26   23    24    283 
  26   24    55    645 
  26   25    51    597 
  26   26    41    484 
  26   27    30    351 
  26   28    60    702 
  26   29    47    550 
  27    0    37    439 
  27    1    68    789 
  27    2    36    424 
  27    3    56    651 
  27    4    28    325 
  27    5    34    404 
  27    6    54    632 
  27    7    51    591 
  27    8    59    683 
  27    9    61    708 
  27   10    67    783 
  27   11    18    209 
  27   12    20    236 
  27   13    50    588 
  27   14    57    666 
  27   15    26    306 
  27   16    38    447 
  27   17    55    647 
  27   18    17    204 
  27   19    68    792 
  27   20    68    790 
  27   21    51    600 
  27   22    36    425 
  27   23    22    262 
  27   24    33    393 
  27   25    66    773 
  27   26    24    286 
  27   27    40    464 
  27   28    36    426 
  27   29    50    580 
  28    0    51    592 
  28    1    20    241 
  28    2    40    468 
  28    3    52    612 
  28    4    66    763 
  28    5    35    405 
  28    6    17    206 
  28    7    53    623 
  28    8    67    781 
  28    9    21    243 
  28   10    41    484 
  28   11    55    641 
  28   12    28    331 
  28   13    20    236 
  28   14    43    499 
  28   15    55    644 
  28   16    40    463 
  28   17    44    514 
  28   18    18    216 
  28   19    27    322 
  28   20    65    752 
  28   21    23    266 
  28   22    55    645 
  28   23    63    731 
  28   24    39    452 
  28   25    49    574 
  28   26    62    717 
  28   27    33    393 
  28   28    48    559 
  28   29    58    678 
  29    0    54    626 
  29    1    26    302 
  29    2    22    264 
  29    3    67    775 
  29    4    46    538 
  29    5    38    441 
  29    6    36    422 
  29    7    22    256 
  29    8    37    428 
  29    9    52    608 
  29   10    35    406 
  29   11    23    272 
  29   12    41    485 
  29   13    47    549 
  29   14    23    269 
  29   15    20    233 
  29   16    51    601 
  29   17    25    291 
  29   18    22    265 
  29   19    59    682 
  29   20    41    475 
  29   21    44    510 
  29   22    41    484 
  29   23    54    634 
  29   24    43    506 
  29   25    41    475 
  29   26    24    278 
  29   27    24    281 
  29   28    62    724 
  29   29    58    671 
