 30
 30

   18
   10
    8
    4
   16
    9
    7
    2
    5
    9
   10
    5
   11
   14
   10
   13
    2
   11
   19
   15
    7
    4
   20
    7
   19
   18
    8
   15
    7
    9

    8
   15
   12
    4
    7
   19
   17
   17
   17
   15
   10
    6
   16
    5
   12
    6
    4
    2
   15
    1
    7
    9
   17
   20
    8
   17
   14
    1
    4
    7

   0    0     0    302 
   0    1     0    210 
   0    2     0    540 
   0    3     0    588 
   0    4     0    298 
   0    5     0    288 
   0    6     0    799 
   0    7     0    235 
   0    8     0    784 
   0    9     0    454 
   0   10     0    770 
   0   11     0    420 
   0   12     0    574 
   0   13     0    764 
   0   14     0    316 
   0   15     0    323 
   0   16     0    653 
   0   17     0    504 
   0   18     0    671 
   0   19     0    275 
   0   20     0    739 
   0   21     0    359 
   0   22     0    354 
   0   23     0    621 
   0   24     0    665 
   0   25     0    572 
   0   26     0    267 
   0   27     0    360 
   0   28     0    750 
   0   29     0    618 
   1    0     0    701 
   1    1     0    282 
   1    2     0    443 
   1    3     0    792 
   1    4     0    690 
   1    5     0    343 
   1    6     0    494 
   1    7     0    475 
   1    8     0    361 
   1    9     0    322 
   1   10     0    444 
   1   11     0    478 
   1   12     0    571 
   1   13     0    553 
   1   14     0    204 
   1   15     0    370 
   1   16     0    698 
   1   17     0    280 
   1   18     0    774 
   1   19     0    318 
   1   20     0    566 
   1   21     0    376 
   1   22     0    530 
   1   23     0    729 
   1   24     0    300 
   1   25     0    673 
   1   26     0    367 
   1   27     0    576 
   1   28     0    726 
   1   29     0    325 
   2    0     0    243 
   2    1     0    687 
   2    2     0    602 
   2    3     0    377 
   2    4     0    203 
   2    5     0    321 
   2    6     0    393 
   2    7     0    271 
   2    8     0    356 
   2    9     0    597 
   2   10     0    466 
   2   11     0    638 
   2   12     0    416 
   2   13     0    208 
   2   14     0    646 
   2   15     0    457 
   2   16     0    338 
   2   17     0    227 
   2   18     0    410 
   2   19     0    741 
   2   20     0    274 
   2   21     0    265 
   2   22     0    394 
   2   23     0    571 
   2   24     0    555 
   2   25     0    416 
   2   26     0    288 
   2   27     0    230 
   2   28     0    224 
   2   29     0    645 
   3    0     0    433 
   3    1     0    622 
   3    2     0    698 
   3    3     0    783 
   3    4     0    259 
   3    5     0    443 
   3    6     0    363 
   3    7     0    758 
   3    8     0    465 
   3    9     0    365 
   3   10     0    658 
   3   11     0    542 
   3   12     0    367 
   3   13     0    789 
   3   14     0    483 
   3   15     0    328 
   3   16     0    266 
   3   17     0    552 
   3   18     0    360 
   3   19     0    452 
   3   20     0    656 
   3   21     0    270 
   3   22     0    781 
   3   23     0    701 
   3   24     0    352 
   3   25     0    366 
   3   26     0    415 
   3   27     0    484 
   3   28     0    531 
   3   29     0    251 
   4    0     0    398 
   4    1     0    613 
   4    2     0    574 
   4    3     0    739 
   4    4     0    422 
   4    5     0    556 
   4    6     0    795 
   4    7     0    293 
   4    8     0    340 
   4    9     0    255 
   4   10     0    481 
   4   11     0    788 
   4   12     0    683 
   4   13     0    436 
   4   14     0    327 
   4   15     0    398 
   4   16     0    299 
   4   17     0    401 
   4   18     0    439 
   4   19     0    284 
   4   20     0    563 
   4   21     0    566 
   4   22     0    618 
   4   23     0    535 
   4   24     0    732 
   4   25     0    604 
   4   26     0    595 
   4   27     0    585 
   4   28     0    566 
   4   29     0    749 
   5    0     0    709 
   5    1     0    250 
   5    2     0    635 
   5    3     0    712 
   5    4     0    777 
   5    5     0    339 
   5    6     0    783 
   5    7     0    548 
   5    8     0    648 
   5    9     0    389 
   5   10     0    648 
   5   11     0    705 
   5   12     0    551 
   5   13     0    392 
   5   14     0    312 
   5   15     0    724 
   5   16     0    669 
   5   17     0    649 
   5   18     0    614 
   5   19     0    466 
   5   20     0    331 
   5   21     0    759 
   5   22     0    353 
   5   23     0    328 
   5   24     0    450 
   5   25     0    500 
   5   26     0    262 
   5   27     0    575 
   5   28     0    270 
   5   29     0    508 
   6    0     0    314 
   6    1     0    430 
   6    2     0    617 
   6    3     0    676 
   6    4     0    231 
   6    5     0    737 
   6    6     0    631 
   6    7     0    799 
   6    8     0    425 
   6    9     0    364 
   6   10     0    205 
   6   11     0    346 
   6   12     0    729 
   6   13     0    216 
   6   14     0    716 
   6   15     0    344 
   6   16     0    655 
   6   17     0    548 
   6   18     0    291 
   6   19     0    390 
   6   20     0    475 
   6   21     0    332 
   6   22     0    214 
   6   23     0    310 
   6   24     0    335 
   6   25     0    679 
   6   26     0    715 
   6   27     0    405 
   6   28     0    261 
   6   29     0    752 
   7    0     0    287 
   7    1     0    501 
   7    2     0    454 
   7    3     0    503 
   7    4     0    685 
   7    5     0    243 
   7    6     0    470 
   7    7     0    564 
   7    8     0    520 
   7    9     0    409 
   7   10     0    424 
   7   11     0    792 
   7   12     0    488 
   7   13     0    398 
   7   14     0    206 
   7   15     0    640 
   7   16     0    350 
   7   17     0    496 
   7   18     0    416 
   7   19     0    314 
   7   20     0    326 
   7   21     0    579 
   7   22     0    656 
   7   23     0    543 
   7   24     0    321 
   7   25     0    759 
   7   26     0    224 
   7   27     0    737 
   7   28     0    233 
   7   29     0    220 
   8    0     0    261 
   8    1     0    466 
   8    2     0    602 
   8    3     0    217 
   8    4     0    603 
   8    5     0    379 
   8    6     0    576 
   8    7     0    401 
   8    8     0    646 
   8    9     0    204 
   8   10     0    786 
   8   11     0    294 
   8   12     0    650 
   8   13     0    454 
   8   14     0    233 
   8   15     0    249 
   8   16     0    660 
   8   17     0    617 
   8   18     0    250 
   8   19     0    303 
   8   20     0    383 
   8   21     0    609 
   8   22     0    739 
   8   23     0    756 
   8   24     0    229 
   8   25     0    292 
   8   26     0    792 
   8   27     0    213 
   8   28     0    648 
   8   29     0    773 
   9    0     0    319 
   9    1     0    557 
   9    2     0    286 
   9    3     0    385 
   9    4     0    789 
   9    5     0    398 
   9    6     0    663 
   9    7     0    416 
   9    8     0    300 
   9    9     0    554 
   9   10     0    548 
   9   11     0    694 
   9   12     0    790 
   9   13     0    659 
   9   14     0    687 
   9   15     0    695 
   9   16     0    330 
   9   17     0    562 
   9   18     0    794 
   9   19     0    728 
   9   20     0    255 
   9   21     0    620 
   9   22     0    200 
   9   23     0    566 
   9   24     0    384 
   9   25     0    789 
   9   26     0    275 
   9   27     0    683 
   9   28     0    523 
   9   29     0    269 
  10    0     0    770 
  10    1     0    776 
  10    2     0    289 
  10    3     0    614 
  10    4     0    778 
  10    5     0    687 
  10    6     0    640 
  10    7     0    785 
  10    8     0    588 
  10    9     0    271 
  10   10     0    273 
  10   11     0    724 
  10   12     0    410 
  10   13     0    200 
  10   14     0    455 
  10   15     0    343 
  10   16     0    714 
  10   17     0    409 
  10   18     0    294 
  10   19     0    528 
  10   20     0    725 
  10   21     0    774 
  10   22     0    456 
  10   23     0    387 
  10   24     0    420 
  10   25     0    760 
  10   26     0    637 
  10   27     0    594 
  10   28     0    202 
  10   29     0    497 
  11    0     0    434 
  11    1     0    662 
  11    2     0    614 
  11    3     0    348 
  11    4     0    722 
  11    5     0    203 
  11    6     0    557 
  11    7     0    509 
  11    8     0    799 
  11    9     0    746 
  11   10     0    302 
  11   11     0    520 
  11   12     0    397 
  11   13     0    430 
  11   14     0    644 
  11   15     0    578 
  11   16     0    496 
  11   17     0    500 
  11   18     0    364 
  11   19     0    246 
  11   20     0    596 
  11   21     0    270 
  11   22     0    694 
  11   23     0    377 
  11   24     0    557 
  11   25     0    548 
  11   26     0    338 
  11   27     0    514 
  11   28     0    217 
  11   29     0    729 
  12    0     0    490 
  12    1     0    510 
  12    2     0    777 
  12    3     0    389 
  12    4     0    542 
  12    5     0    298 
  12    6     0    485 
  12    7     0    673 
  12    8     0    714 
  12    9     0    561 
  12   10     0    351 
  12   11     0    711 
  12   12     0    644 
  12   13     0    204 
  12   14     0    328 
  12   15     0    697 
  12   16     0    304 
  12   17     0    553 
  12   18     0    414 
  12   19     0    396 
  12   20     0    729 
  12   21     0    260 
  12   22     0    589 
  12   23     0    296 
  12   24     0    212 
  12   25     0    471 
  12   26     0    200 
  12   27     0    759 
  12   28     0    559 
  12   29     0    362 
  13    0     0    365 
  13    1     0    621 
  13    2     0    281 
  13    3     0    663 
  13    4     0    536 
  13    5     0    762 
  13    6     0    627 
  13    7     0    498 
  13    8     0    339 
  13    9     0    435 
  13   10     0    694 
  13   11     0    512 
  13   12     0    405 
  13   13     0    423 
  13   14     0    387 
  13   15     0    404 
  13   16     0    461 
  13   17     0    504 
  13   18     0    401 
  13   19     0    737 
  13   20     0    504 
  13   21     0    385 
  13   22     0    235 
  13   23     0    456 
  13   24     0    636 
  13   25     0    243 
  13   26     0    746 
  13   27     0    638 
  13   28     0    473 
  13   29     0    537 
  14    0     0    402 
  14    1     0    785 
  14    2     0    269 
  14    3     0    318 
  14    4     0    365 
  14    5     0    434 
  14    6     0    457 
  14    7     0    550 
  14    8     0    653 
  14    9     0    800 
  14   10     0    504 
  14   11     0    666 
  14   12     0    384 
  14   13     0    429 
  14   14     0    515 
  14   15     0    400 
  14   16     0    392 
  14   17     0    406 
  14   18     0    317 
  14   19     0    705 
  14   20     0    324 
  14   21     0    675 
  14   22     0    394 
  14   23     0    397 
  14   24     0    625 
  14   25     0    506 
  14   26     0    559 
  14   27     0    367 
  14   28     0    342 
  14   29     0    568 
  15    0     0    281 
  15    1     0    225 
  15    2     0    467 
  15    3     0    759 
  15    4     0    721 
  15    5     0    537 
  15    6     0    508 
  15    7     0    350 
  15    8     0    589 
  15    9     0    580 
  15   10     0    688 
  15   11     0    722 
  15   12     0    434 
  15   13     0    467 
  15   14     0    451 
  15   15     0    513 
  15   16     0    453 
  15   17     0    213 
  15   18     0    630 
  15   19     0    361 
  15   20     0    733 
  15   21     0    652 
  15   22     0    795 
  15   23     0    334 
  15   24     0    585 
  15   25     0    587 
  15   26     0    320 
  15   27     0    373 
  15   28     0    558 
  15   29     0    732 
  16    0     0    462 
  16    1     0    346 
  16    2     0    266 
  16    3     0    657 
  16    4     0    409 
  16    5     0    412 
  16    6     0    487 
  16    7     0    524 
  16    8     0    320 
  16    9     0    735 
  16   10     0    631 
  16   11     0    337 
  16   12     0    227 
  16   13     0    648 
  16   14     0    214 
  16   15     0    787 
  16   16     0    518 
  16   17     0    476 
  16   18     0    240 
  16   19     0    756 
  16   20     0    495 
  16   21     0    688 
  16   22     0    233 
  16   23     0    399 
  16   24     0    624 
  16   25     0    393 
  16   26     0    284 
  16   27     0    712 
  16   28     0    773 
  16   29     0    575 
  17    0     0    664 
  17    1     0    480 
  17    2     0    377 
  17    3     0    222 
  17    4     0    714 
  17    5     0    751 
  17    6     0    539 
  17    7     0    738 
  17    8     0    253 
  17    9     0    484 
  17   10     0    479 
  17   11     0    217 
  17   12     0    499 
  17   13     0    395 
  17   14     0    589 
  17   15     0    339 
  17   16     0    338 
  17   17     0    215 
  17   18     0    648 
  17   19     0    475 
  17   20     0    428 
  17   21     0    771 
  17   22     0    270 
  17   23     0    268 
  17   24     0    724 
  17   25     0    304 
  17   26     0    555 
  17   27     0    777 
  17   28     0    719 
  17   29     0    386 
  18    0     0    456 
  18    1     0    720 
  18    2     0    341 
  18    3     0    654 
  18    4     0    397 
  18    5     0    239 
  18    6     0    356 
  18    7     0    251 
  18    8     0    247 
  18    9     0    622 
  18   10     0    428 
  18   11     0    352 
  18   12     0    305 
  18   13     0    280 
  18   14     0    357 
  18   15     0    668 
  18   16     0    690 
  18   17     0    739 
  18   18     0    786 
  18   19     0    703 
  18   20     0    775 
  18   21     0    467 
  18   22     0    591 
  18   23     0    693 
  18   24     0    573 
  18   25     0    678 
  18   26     0    568 
  18   27     0    793 
  18   28     0    598 
  18   29     0    607 
  19    0     0    388 
  19    1     0    342 
  19    2     0    530 
  19    3     0    367 
  19    4     0    660 
  19    5     0    221 
  19    6     0    362 
  19    7     0    578 
  19    8     0    521 
  19    9     0    567 
  19   10     0    754 
  19   11     0    730 
  19   12     0    361 
  19   13     0    421 
  19   14     0    525 
  19   15     0    426 
  19   16     0    617 
  19   17     0    617 
  19   18     0    644 
  19   19     0    338 
  19   20     0    715 
  19   21     0    354 
  19   22     0    724 
  19   23     0    543 
  19   24     0    548 
  19   25     0    216 
  19   26     0    507 
  19   27     0    444 
  19   28     0    649 
  19   29     0    223 
  20    0     0    344 
  20    1     0    340 
  20    2     0    700 
  20    3     0    338 
  20    4     0    665 
  20    5     0    572 
  20    6     0    379 
  20    7     0    600 
  20    8     0    319 
  20    9     0    640 
  20   10     0    720 
  20   11     0    619 
  20   12     0    560 
  20   13     0    450 
  20   14     0    668 
  20   15     0    454 
  20   16     0    454 
  20   17     0    552 
  20   18     0    393 
  20   19     0    242 
  20   20     0    279 
  20   21     0    612 
  20   22     0    284 
  20   23     0    607 
  20   24     0    424 
  20   25     0    588 
  20   26     0    650 
  20   27     0    776 
  20   28     0    400 
  20   29     0    787 
  21    0     0    426 
  21    1     0    625 
  21    2     0    713 
  21    3     0    544 
  21    4     0    594 
  21    5     0    280 
  21    6     0    268 
  21    7     0    224 
  21    8     0    434 
  21    9     0    246 
  21   10     0    446 
  21   11     0    221 
  21   12     0    344 
  21   13     0    728 
  21   14     0    593 
  21   15     0    406 
  21   16     0    223 
  21   17     0    518 
  21   18     0    243 
  21   19     0    406 
  21   20     0    564 
  21   21     0    608 
  21   22     0    646 
  21   23     0    611 
  21   24     0    608 
  21   25     0    227 
  21   26     0    299 
  21   27     0    365 
  21   28     0    297 
  21   29     0    691 
  22    0     0    581 
  22    1     0    478 
  22    2     0    621 
  22    3     0    441 
  22    4     0    693 
  22    5     0    433 
  22    6     0    770 
  22    7     0    613 
  22    8     0    522 
  22    9     0    310 
  22   10     0    336 
  22   11     0    663 
  22   12     0    498 
  22   13     0    798 
  22   14     0    261 
  22   15     0    501 
  22   16     0    607 
  22   17     0    234 
  22   18     0    422 
  22   19     0    751 
  22   20     0    431 
  22   21     0    731 
  22   22     0    423 
  22   23     0    290 
  22   24     0    393 
  22   25     0    565 
  22   26     0    509 
  22   27     0    769 
  22   28     0    613 
  22   29     0    292 
  23    0     0    596 
  23    1     0    259 
  23    2     0    485 
  23    3     0    356 
  23    4     0    271 
  23    5     0    304 
  23    6     0    652 
  23    7     0    217 
  23    8     0    633 
  23    9     0    444 
  23   10     0    230 
  23   11     0    305 
  23   12     0    602 
  23   13     0    424 
  23   14     0    361 
  23   15     0    295 
  23   16     0    669 
  23   17     0    637 
  23   18     0    637 
  23   19     0    800 
  23   20     0    634 
  23   21     0    735 
  23   22     0    563 
  23   23     0    632 
  23   24     0    402 
  23   25     0    752 
  23   26     0    282 
  23   27     0    370 
  23   28     0    680 
  23   29     0    510 
  24    0     0    326 
  24    1     0    375 
  24    2     0    208 
  24    3     0    290 
  24    4     0    778 
  24    5     0    350 
  24    6     0    566 
  24    7     0    233 
  24    8     0    201 
  24    9     0    243 
  24   10     0    437 
  24   11     0    306 
  24   12     0    624 
  24   13     0    526 
  24   14     0    320 
  24   15     0    520 
  24   16     0    416 
  24   17     0    721 
  24   18     0    471 
  24   19     0    571 
  24   20     0    432 
  24   21     0    496 
  24   22     0    292 
  24   23     0    407 
  24   24     0    342 
  24   25     0    496 
  24   26     0    290 
  24   27     0    685 
  24   28     0    786 
  24   29     0    763 
  25    0     0    699 
  25    1     0    465 
  25    2     0    612 
  25    3     0    676 
  25    4     0    736 
  25    5     0    594 
  25    6     0    604 
  25    7     0    369 
  25    8     0    724 
  25    9     0    660 
  25   10     0    594 
  25   11     0    654 
  25   12     0    367 
  25   13     0    309 
  25   14     0    216 
  25   15     0    379 
  25   16     0    476 
  25   17     0    211 
  25   18     0    284 
  25   19     0    272 
  25   20     0    334 
  25   21     0    487 
  25   22     0    366 
  25   23     0    409 
  25   24     0    433 
  25   25     0    325 
  25   26     0    797 
  25   27     0    534 
  25   28     0    354 
  25   29     0    439 
  26    0     0    286 
  26    1     0    710 
  26    2     0    549 
  26    3     0    518 
  26    4     0    426 
  26    5     0    533 
  26    6     0    681 
  26    7     0    266 
  26    8     0    650 
  26    9     0    562 
  26   10     0    598 
  26   11     0    518 
  26   12     0    575 
  26   13     0    553 
  26   14     0    255 
  26   15     0    760 
  26   16     0    547 
  26   17     0    426 
  26   18     0    310 
  26   19     0    604 
  26   20     0    628 
  26   21     0    574 
  26   22     0    255 
  26   23     0    483 
  26   24     0    210 
  26   25     0    376 
  26   26     0    382 
  26   27     0    230 
  26   28     0    451 
  26   29     0    518 
  27    0     0    565 
  27    1     0    569 
  27    2     0    452 
  27    3     0    303 
  27    4     0    564 
  27    5     0    594 
  27    6     0    680 
  27    7     0    594 
  27    8     0    309 
  27    9     0    408 
  27   10     0    374 
  27   11     0    482 
  27   12     0    447 
  27   13     0    614 
  27   14     0    221 
  27   15     0    640 
  27   16     0    441 
  27   17     0    368 
  27   18     0    755 
  27   19     0    319 
  27   20     0    673 
  27   21     0    419 
  27   22     0    520 
  27   23     0    696 
  27   24     0    766 
  27   25     0    257 
  27   26     0    647 
  27   27     0    239 
  27   28     0    443 
  27   29     0    478 
  28    0     0    672 
  28    1     0    615 
  28    2     0    483 
  28    3     0    653 
  28    4     0    317 
  28    5     0    530 
  28    6     0    278 
  28    7     0    352 
  28    8     0    351 
  28    9     0    386 
  28   10     0    732 
  28   11     0    230 
  28   12     0    484 
  28   13     0    521 
  28   14     0    331 
  28   15     0    570 
  28   16     0    702 
  28   17     0    551 
  28   18     0    307 
  28   19     0    758 
  28   20     0    286 
  28   21     0    262 
  28   22     0    386 
  28   23     0    250 
  28   24     0    331 
  28   25     0    679 
  28   26     0    502 
  28   27     0    623 
  28   28     0    585 
  28   29     0    394 
  29    0     0    380 
  29    1     0    585 
  29    2     0    578 
  29    3     0    789 
  29    4     0    204 
  29    5     0    731 
  29    6     0    660 
  29    7     0    527 
  29    8     0    231 
  29    9     0    721 
  29   10     0    374 
  29   11     0    516 
  29   12     0    251 
  29   13     0    607 
  29   14     0    461 
  29   15     0    478 
  29   16     0    374 
  29   17     0    393 
  29   18     0    601 
  29   19     0    631 
  29   20     0    402 
  29   21     0    725 
  29   22     0    417 
  29   23     0    467 
  29   24     0    479 
  29   25     0    762 
  29   26     0    644 
  29   27     0    439 
  29   28     0    777 
  29   29     0    739 
