 20
 20

   14
   24
   16
   24
   23
   29
    2
   44
   43
   37
   35
   17
   28
   17
   31
   42
   21
    4
   48
    6

   22
   33
   25
    2
   16
   23
   37
   15
   23
   30
   23
   24
   11
   33
   40
   24
   43
   35
    3
   43

   0    0     0    545 
   0    1     0    551 
   0    2     0    203 
   0    3     0    263 
   0    4     0    769 
   0    5     0    270 
   0    6     0    550 
   0    7     0    437 
   0    8     0    568 
   0    9     0    490 
   0   10     0    555 
   0   11     0    237 
   0   12     0    468 
   0   13     0    537 
   0   14     0    293 
   0   15     0    375 
   0   16     0    341 
   0   17     0    695 
   0   18     0    535 
   0   19     0    619 
   1    0     0    577 
   1    1     0    344 
   1    2     0    483 
   1    3     0    562 
   1    4     0    534 
   1    5     0    471 
   1    6     0    535 
   1    7     0    646 
   1    8     0    518 
   1    9     0    425 
   1   10     0    279 
   1   11     0    538 
   1   12     0    576 
   1   13     0    795 
   1   14     0    686 
   1   15     0    484 
   1   16     0    351 
   1   17     0    554 
   1   18     0    357 
   1   19     0    579 
   2    0     0    268 
   2    1     0    693 
   2    2     0    506 
   2    3     0    255 
   2    4     0    515 
   2    5     0    671 
   2    6     0    598 
   2    7     0    546 
   2    8     0    231 
   2    9     0    428 
   2   10     0    262 
   2   11     0    689 
   2   12     0    721 
   2   13     0    544 
   2   14     0    300 
   2   15     0    766 
   2   16     0    525 
   2   17     0    638 
   2   18     0    403 
   2   19     0    681 
   3    0     0    303 
   3    1     0    361 
   3    2     0    448 
   3    3     0    284 
   3    4     0    670 
   3    5     0    492 
   3    6     0    285 
   3    7     0    769 
   3    8     0    311 
   3    9     0    504 
   3   10     0    356 
   3   11     0    249 
   3   12     0    677 
   3   13     0    547 
   3   14     0    711 
   3   15     0    371 
   3   16     0    586 
   3   17     0    671 
   3   18     0    373 
   3   19     0    792 
   4    0     0    536 
   4    1     0    377 
   4    2     0    600 
   4    3     0    571 
   4    4     0    349 
   4    5     0    424 
   4    6     0    733 
   4    7     0    500 
   4    8     0    217 
   4    9     0    522 
   4   10     0    765 
   4   11     0    450 
   4   12     0    569 
   4   13     0    351 
   4   14     0    326 
   4   15     0    633 
   4   16     0    632 
   4   17     0    287 
   4   18     0    732 
   4   19     0    514 
   5    0     0    696 
   5    1     0    645 
   5    2     0    445 
   5    3     0    732 
   5    4     0    720 
   5    5     0    310 
   5    6     0    488 
   5    7     0    399 
   5    8     0    753 
   5    9     0    303 
   5   10     0    755 
   5   11     0    534 
   5   12     0    621 
   5   13     0    788 
   5   14     0    295 
   5   15     0    508 
   5   16     0    594 
   5   17     0    201 
   5   18     0    278 
   5   19     0    764 
   6    0     0    629 
   6    1     0    451 
   6    2     0    492 
   6    3     0    693 
   6    4     0    543 
   6    5     0    270 
   6    6     0    666 
   6    7     0    588 
   6    8     0    562 
   6    9     0    318 
   6   10     0    480 
   6   11     0    499 
   6   12     0    749 
   6   13     0    602 
   6   14     0    436 
   6   15     0    623 
   6   16     0    218 
   6   17     0    331 
   6   18     0    347 
   6   19     0    570 
   7    0     0    679 
   7    1     0    753 
   7    2     0    624 
   7    3     0    737 
   7    4     0    378 
   7    5     0    773 
   7    6     0    543 
   7    7     0    300 
   7    8     0    347 
   7    9     0    655 
   7   10     0    323 
   7   11     0    435 
   7   12     0    354 
   7   13     0    793 
   7   14     0    613 
   7   15     0    271 
   7   16     0    242 
   7   17     0    240 
   7   18     0    335 
   7   19     0    355 
   8    0     0    483 
   8    1     0    497 
   8    2     0    461 
   8    3     0    456 
   8    4     0    759 
   8    5     0    792 
   8    6     0    315 
   8    7     0    601 
   8    8     0    455 
   8    9     0    733 
   8   10     0    296 
   8   11     0    695 
   8   12     0    681 
   8   13     0    450 
   8   14     0    293 
   8   15     0    560 
   8   16     0    619 
   8   17     0    443 
   8   18     0    778 
   8   19     0    215 
   9    0     0    699 
   9    1     0    353 
   9    2     0    654 
   9    3     0    221 
   9    4     0    654 
   9    5     0    228 
   9    6     0    685 
   9    7     0    546 
   9    8     0    365 
   9    9     0    577 
   9   10     0    488 
   9   11     0    451 
   9   12     0    453 
   9   13     0    223 
   9   14     0    733 
   9   15     0    562 
   9   16     0    529 
   9   17     0    679 
   9   18     0    556 
   9   19     0    799 
  10    0     0    583 
  10    1     0    215 
  10    2     0    671 
  10    3     0    740 
  10    4     0    667 
  10    5     0    448 
  10    6     0    560 
  10    7     0    362 
  10    8     0    277 
  10    9     0    318 
  10   10     0    481 
  10   11     0    676 
  10   12     0    761 
  10   13     0    541 
  10   14     0    371 
  10   15     0    226 
  10   16     0    367 
  10   17     0    215 
  10   18     0    312 
  10   19     0    375 
  11    0     0    260 
  11    1     0    380 
  11    2     0    365 
  11    3     0    502 
  11    4     0    427 
  11    5     0    218 
  11    6     0    798 
  11    7     0    284 
  11    8     0    594 
  11    9     0    545 
  11   10     0    372 
  11   11     0    719 
  11   12     0    329 
  11   13     0    309 
  11   14     0    339 
  11   15     0    539 
  11   16     0    599 
  11   17     0    530 
  11   18     0    335 
  11   19     0    554 
  12    0     0    410 
  12    1     0    664 
  12    2     0    692 
  12    3     0    745 
  12    4     0    667 
  12    5     0    281 
  12    6     0    548 
  12    7     0    292 
  12    8     0    716 
  12    9     0    477 
  12   10     0    655 
  12   11     0    569 
  12   12     0    557 
  12   13     0    432 
  12   14     0    609 
  12   15     0    449 
  12   16     0    706 
  12   17     0    322 
  12   18     0    515 
  12   19     0    422 
  13    0     0    685 
  13    1     0    636 
  13    2     0    326 
  13    3     0    489 
  13    4     0    289 
  13    5     0    754 
  13    6     0    354 
  13    7     0    367 
  13    8     0    628 
  13    9     0    727 
  13   10     0    505 
  13   11     0    602 
  13   12     0    797 
  13   13     0    349 
  13   14     0    693 
  13   15     0    580 
  13   16     0    372 
  13   17     0    372 
  13   18     0    373 
  13   19     0    232 
  14    0     0    781 
  14    1     0    250 
  14    2     0    516 
  14    3     0    581 
  14    4     0    562 
  14    5     0    299 
  14    6     0    575 
  14    7     0    227 
  14    8     0    315 
  14    9     0    494 
  14   10     0    678 
  14   11     0    755 
  14   12     0    697 
  14   13     0    528 
  14   14     0    291 
  14   15     0    234 
  14   16     0    725 
  14   17     0    258 
  14   18     0    272 
  14   19     0    370 
  15    0     0    361 
  15    1     0    716 
  15    2     0    355 
  15    3     0    313 
  15    4     0    624 
  15    5     0    422 
  15    6     0    695 
  15    7     0    756 
  15    8     0    570 
  15    9     0    656 
  15   10     0    723 
  15   11     0    484 
  15   12     0    515 
  15   13     0    638 
  15   14     0    230 
  15   15     0    645 
  15   16     0    550 
  15   17     0    656 
  15   18     0    393 
  15   19     0    400 
  16    0     0    664 
  16    1     0    494 
  16    2     0    346 
  16    3     0    588 
  16    4     0    292 
  16    5     0    590 
  16    6     0    371 
  16    7     0    420 
  16    8     0    388 
  16    9     0    544 
  16   10     0    632 
  16   11     0    271 
  16   12     0    768 
  16   13     0    368 
  16   14     0    286 
  16   15     0    693 
  16   16     0    544 
  16   17     0    217 
  16   18     0    383 
  16   19     0    253 
  17    0     0    260 
  17    1     0    568 
  17    2     0    273 
  17    3     0    311 
  17    4     0    446 
  17    5     0    429 
  17    6     0    230 
  17    7     0    552 
  17    8     0    357 
  17    9     0    308 
  17   10     0    709 
  17   11     0    327 
  17   12     0    446 
  17   13     0    747 
  17   14     0    713 
  17   15     0    326 
  17   16     0    209 
  17   17     0    578 
  17   18     0    216 
  17   19     0    282 
  18    0     0    698 
  18    1     0    445 
  18    2     0    792 
  18    3     0    525 
  18    4     0    526 
  18    5     0    427 
  18    6     0    273 
  18    7     0    369 
  18    8     0    273 
  18    9     0    648 
  18   10     0    370 
  18   11     0    583 
  18   12     0    666 
  18   13     0    446 
  18   14     0    300 
  18   15     0    462 
  18   16     0    482 
  18   17     0    619 
  18   18     0    625 
  18   19     0    531 
  19    0     0    503 
  19    1     0    398 
  19    2     0    250 
  19    3     0    594 
  19    4     0    402 
  19    5     0    539 
  19    6     0    613 
  19    7     0    211 
  19    8     0    670 
  19    9     0    441 
  19   10     0    616 
  19   11     0    592 
  19   12     0    625 
  19   13     0    401 
  19   14     0    778 
  19   15     0    538 
  19   16     0    249 
  19   17     0    369 
  19   18     0    202 
  19   19     0    657 
