 20
 20

   26
   14
    1
   12
   35
   17
   17
   26
   43
    1
   26
    3
    1
   26
   18
   44
   25
   34
   33
   36

   19
   21
    8
   18
   19
   18
   41
   19
   32
   27
    8
   38
   12
   18
   19
   17
   39
   23
   22
   20

   0    0     0    306 
   0    1     0    699 
   0    2     0    778 
   0    3     0    268 
   0    4     0    329 
   0    5     0    472 
   0    6     0    466 
   0    7     0    233 
   0    8     0    545 
   0    9     0    775 
   0   10     0    498 
   0   11     0    761 
   0   12     0    618 
   0   13     0    538 
   0   14     0    631 
   0   15     0    610 
   0   16     0    755 
   0   17     0    349 
   0   18     0    218 
   0   19     0    385 
   1    0     0    780 
   1    1     0    217 
   1    2     0    417 
   1    3     0    213 
   1    4     0    510 
   1    5     0    298 
   1    6     0    651 
   1    7     0    555 
   1    8     0    583 
   1    9     0    659 
   1   10     0    223 
   1   11     0    652 
   1   12     0    509 
   1   13     0    210 
   1   14     0    650 
   1   15     0    539 
   1   16     0    659 
   1   17     0    270 
   1   18     0    371 
   1   19     0    248 
   2    0     0    659 
   2    1     0    286 
   2    2     0    700 
   2    3     0    750 
   2    4     0    395 
   2    5     0    517 
   2    6     0    715 
   2    7     0    305 
   2    8     0    588 
   2    9     0    467 
   2   10     0    723 
   2   11     0    616 
   2   12     0    693 
   2   13     0    729 
   2   14     0    566 
   2   15     0    717 
   2   16     0    716 
   2   17     0    655 
   2   18     0    415 
   2   19     0    626 
   3    0     0    231 
   3    1     0    784 
   3    2     0    543 
   3    3     0    252 
   3    4     0    797 
   3    5     0    478 
   3    6     0    387 
   3    7     0    579 
   3    8     0    634 
   3    9     0    358 
   3   10     0    466 
   3   11     0    685 
   3   12     0    770 
   3   13     0    205 
   3   14     0    479 
   3   15     0    547 
   3   16     0    375 
   3   17     0    245 
   3   18     0    334 
   3   19     0    589 
   4    0     0    220 
   4    1     0    286 
   4    2     0    441 
   4    3     0    685 
   4    4     0    377 
   4    5     0    496 
   4    6     0    767 
   4    7     0    664 
   4    8     0    558 
   4    9     0    245 
   4   10     0    322 
   4   11     0    499 
   4   12     0    378 
   4   13     0    572 
   4   14     0    704 
   4   15     0    639 
   4   16     0    367 
   4   17     0    688 
   4   18     0    383 
   4   19     0    448 
   5    0     0    423 
   5    1     0    610 
   5    2     0    311 
   5    3     0    781 
   5    4     0    590 
   5    5     0    459 
   5    6     0    666 
   5    7     0    443 
   5    8     0    561 
   5    9     0    698 
   5   10     0    317 
   5   11     0    691 
   5   12     0    603 
   5   13     0    567 
   5   14     0    653 
   5   15     0    656 
   5   16     0    620 
   5   17     0    745 
   5   18     0    412 
   5   19     0    560 
   6    0     0    489 
   6    1     0    755 
   6    2     0    444 
   6    3     0    339 
   6    4     0    629 
   6    5     0    732 
   6    6     0    555 
   6    7     0    324 
   6    8     0    437 
   6    9     0    227 
   6   10     0    455 
   6   11     0    500 
   6   12     0    286 
   6   13     0    627 
   6   14     0    592 
   6   15     0    458 
   6   16     0    711 
   6   17     0    629 
   6   18     0    574 
   6   19     0    447 
   7    0     0    757 
   7    1     0    489 
   7    2     0    681 
   7    3     0    518 
   7    4     0    246 
   7    5     0    209 
   7    6     0    601 
   7    7     0    544 
   7    8     0    238 
   7    9     0    367 
   7   10     0    223 
   7   11     0    681 
   7   12     0    606 
   7   13     0    494 
   7   14     0    563 
   7   15     0    258 
   7   16     0    335 
   7   17     0    475 
   7   18     0    649 
   7   19     0    667 
   8    0     0    671 
   8    1     0    483 
   8    2     0    418 
   8    3     0    728 
   8    4     0    570 
   8    5     0    683 
   8    6     0    579 
   8    7     0    373 
   8    8     0    737 
   8    9     0    443 
   8   10     0    455 
   8   11     0    232 
   8   12     0    517 
   8   13     0    366 
   8   14     0    449 
   8   15     0    429 
   8   16     0    280 
   8   17     0    403 
   8   18     0    386 
   8   19     0    658 
   9    0     0    512 
   9    1     0    677 
   9    2     0    762 
   9    3     0    552 
   9    4     0    626 
   9    5     0    349 
   9    6     0    775 
   9    7     0    694 
   9    8     0    795 
   9    9     0    596 
   9   10     0    542 
   9   11     0    398 
   9   12     0    376 
   9   13     0    330 
   9   14     0    713 
   9   15     0    242 
   9   16     0    488 
   9   17     0    467 
   9   18     0    352 
   9   19     0    693 
  10    0     0    210 
  10    1     0    745 
  10    2     0    248 
  10    3     0    627 
  10    4     0    715 
  10    5     0    546 
  10    6     0    288 
  10    7     0    292 
  10    8     0    569 
  10    9     0    421 
  10   10     0    447 
  10   11     0    659 
  10   12     0    410 
  10   13     0    370 
  10   14     0    712 
  10   15     0    407 
  10   16     0    226 
  10   17     0    520 
  10   18     0    259 
  10   19     0    489 
  11    0     0    654 
  11    1     0    708 
  11    2     0    523 
  11    3     0    521 
  11    4     0    572 
  11    5     0    358 
  11    6     0    576 
  11    7     0    481 
  11    8     0    539 
  11    9     0    630 
  11   10     0    433 
  11   11     0    230 
  11   12     0    405 
  11   13     0    490 
  11   14     0    200 
  11   15     0    348 
  11   16     0    797 
  11   17     0    351 
  11   18     0    733 
  11   19     0    397 
  12    0     0    306 
  12    1     0    627 
  12    2     0    335 
  12    3     0    500 
  12    4     0    767 
  12    5     0    559 
  12    6     0    345 
  12    7     0    615 
  12    8     0    793 
  12    9     0    493 
  12   10     0    647 
  12   11     0    610 
  12   12     0    735 
  12   13     0    495 
  12   14     0    458 
  12   15     0    325 
  12   16     0    434 
  12   17     0    731 
  12   18     0    445 
  12   19     0    771 
  13    0     0    743 
  13    1     0    662 
  13    2     0    324 
  13    3     0    284 
  13    4     0    442 
  13    5     0    296 
  13    6     0    272 
  13    7     0    783 
  13    8     0    560 
  13    9     0    400 
  13   10     0    356 
  13   11     0    568 
  13   12     0    738 
  13   13     0    725 
  13   14     0    514 
  13   15     0    686 
  13   16     0    730 
  13   17     0    315 
  13   18     0    743 
  13   19     0    741 
  14    0     0    640 
  14    1     0    242 
  14    2     0    539 
  14    3     0    461 
  14    4     0    750 
  14    5     0    570 
  14    6     0    344 
  14    7     0    432 
  14    8     0    271 
  14    9     0    636 
  14   10     0    495 
  14   11     0    422 
  14   12     0    552 
  14   13     0    726 
  14   14     0    542 
  14   15     0    227 
  14   16     0    573 
  14   17     0    408 
  14   18     0    762 
  14   19     0    265 
  15    0     0    546 
  15    1     0    730 
  15    2     0    317 
  15    3     0    713 
  15    4     0    612 
  15    5     0    249 
  15    6     0    528 
  15    7     0    788 
  15    8     0    712 
  15    9     0    552 
  15   10     0    425 
  15   11     0    799 
  15   12     0    760 
  15   13     0    570 
  15   14     0    392 
  15   15     0    653 
  15   16     0    215 
  15   17     0    706 
  15   18     0    672 
  15   19     0    400 
  16    0     0    298 
  16    1     0    326 
  16    2     0    271 
  16    3     0    494 
  16    4     0    452 
  16    5     0    689 
  16    6     0    613 
  16    7     0    714 
  16    8     0    359 
  16    9     0    645 
  16   10     0    426 
  16   11     0    741 
  16   12     0    733 
  16   13     0    531 
  16   14     0    414 
  16   15     0    327 
  16   16     0    436 
  16   17     0    508 
  16   18     0    262 
  16   19     0    695 
  17    0     0    329 
  17    1     0    743 
  17    2     0    469 
  17    3     0    309 
  17    4     0    246 
  17    5     0    652 
  17    6     0    604 
  17    7     0    232 
  17    8     0    223 
  17    9     0    403 
  17   10     0    288 
  17   11     0    498 
  17   12     0    694 
  17   13     0    279 
  17   14     0    285 
  17   15     0    539 
  17   16     0    361 
  17   17     0    513 
  17   18     0    791 
  17   19     0    421 
  18    0     0    234 
  18    1     0    450 
  18    2     0    472 
  18    3     0    215 
  18    4     0    299 
  18    5     0    529 
  18    6     0    313 
  18    7     0    451 
  18    8     0    368 
  18    9     0    524 
  18   10     0    489 
  18   11     0    510 
  18   12     0    460 
  18   13     0    689 
  18   14     0    331 
  18   15     0    421 
  18   16     0    218 
  18   17     0    749 
  18   18     0    764 
  18   19     0    629 
  19    0     0    729 
  19    1     0    434 
  19    2     0    566 
  19    3     0    502 
  19    4     0    677 
  19    5     0    546 
  19    6     0    391 
  19    7     0    664 
  19    8     0    632 
  19    9     0    754 
  19   10     0    283 
  19   11     0    562 
  19   12     0    249 
  19   13     0    645 
  19   14     0    593 
  19   15     0    538 
  19   16     0    316 
  19   17     0    318 
  19   18     0    750 
  19   19     0    224 
