 50
 50

    4
    2
    7
   12
   17
   18
    7
    3
   11
   16
   20
   15
   18
    3
    5
   17
    4
    7
    8
    3
   17
    4
    7
   13
   11
    4
    2
   14
    6
   19
    9
    6
    3
    7
   20
    4
   12
    5
   15
    9
    7
   11
   16
   16
    6
   20
   16
   17
   13
    2

   17
   16
   19
   18
    3
    7
    4
   18
    4
   12
   15
   18
    7
    2
   18
    8
    6
   11
    7
    8
   19
   10
   10
   15
   11
   10
   13
    5
    8
    9
   14
   11
    3
   17
    2
    2
    1
   12
    2
    2
   20
    4
   17
    5
    1
   14
   10
   19
    4
   20

   0    0     8    212 
   0    1    12    313 
   0    2    23    605 
   0    3    22    574 
   0    4    25    658 
   0    5    28    727 
   0    6    15    405 
   0    7    22    581 
   0    8    29    747 
   0    9    16    429 
   0   10    12    323 
   0   11    13    357 
   0   12    14    384 
   0   13    13    335 
   0   14    17    444 
   0   15    30    786 
   0   16    12    315 
   0   17    20    531 
   0   18    12    311 
   0   19    26    679 
   0   20    21    550 
   0   21     8    214 
   0   22    19    497 
   0   23     8    208 
   0   24    22    575 
   0   25    21    543 
   0   26    18    464 
   0   27    26    676 
   0   28     8    208 
   0   29    28    724 
   0   30    11    301 
   0   31     9    244 
   0   32    19    508 
   0   33    23    596 
   0   34    10    266 
   0   35    10    265 
   0   36    22    584 
   0   37    28    726 
   0   38    23    612 
   0   39    21    562 
   0   40    17    461 
   0   41    14    383 
   0   42    12    321 
   0   43    14    383 
   0   44    29    749 
   0   45     9    253 
   0   46    12    327 
   0   47    19    511 
   0   48    21    560 
   0   49    11    289 
   1    0    18    484 
   1    1    21    555 
   1    2    16    427 
   1    3    27    698 
   1    4    17    456 
   1    5    13    340 
   1    6    26    672 
   1    7    14    372 
   1    8     7    201 
   1    9    18    478 
   1   10    18    463 
   1   11    15    393 
   1   12    12    315 
   1   13    12    331 
   1   14    23    598 
   1   15    19    510 
   1   16    13    334 
   1   17    10    267 
   1   18    26    678 
   1   19     9    241 
   1   20    26    670 
   1   21     9    247 
   1   22    18    472 
   1   23    23    598 
   1   24    24    622 
   1   25    24    641 
   1   26    15    404 
   1   27    22    565 
   1   28    15    391 
   1   29    15    386 
   1   30    29    759 
   1   31    29    763 
   1   32    13    335 
   1   33    11    284 
   1   34    20    533 
   1   35    30    795 
   1   36    18    469 
   1   37     8    216 
   1   38    22    572 
   1   39    30    787 
   1   40    12    325 
   1   41     9    246 
   1   42    13    354 
   1   43    12    325 
   1   44    30    791 
   1   45    11    289 
   1   46    16    429 
   1   47    10    281 
   1   48    28    740 
   1   49     9    251 
   2    0    30    789 
   2    1    27    703 
   2    2    25    642 
   2    3    18    479 
   2    4    16    428 
   2    5    16    422 
   2    6    18    473 
   2    7    15    390 
   2    8    15    409 
   2    9    19    509 
   2   10    24    635 
   2   11    17    449 
   2   12    23    611 
   2   13     9    254 
   2   14    24    641 
   2   15    10    266 
   2   16    10    277 
   2   17    11    305 
   2   18    24    619 
   2   19    22    588 
   2   20    28    721 
   2   21    20    517 
   2   22     7    201 
   2   23    18    467 
   2   24    25    657 
   2   25    26    692 
   2   26    16    421 
   2   27     9    245 
   2   28    26    683 
   2   29    28    724 
   2   30    28    729 
   2   31    31    800 
   2   32    29    747 
   2   33    11    284 
   2   34    11    294 
   2   35    30    770 
   2   36    26    685 
   2   37    26    680 
   2   38    21    555 
   2   39    27    717 
   2   40    13    339 
   2   41    10    275 
   2   42    20    532 
   2   43    10    261 
   2   44     9    240 
   2   45     9    233 
   2   46    11    287 
   2   47    14    382 
   2   48    20    535 
   2   49    24    638 
   3    0    15    409 
   3    1    23    613 
   3    2    19    500 
   3    3    12    312 
   3    4    11    306 
   3    5    27    711 
   3    6    11    296 
   3    7     8    210 
   3    8    14    369 
   3    9    28    740 
   3   10    12    322 
   3   11    28    730 
   3   12    23    605 
   3   13    27    695 
   3   14    13    359 
   3   15    11    283 
   3   16    26    692 
   3   17    18    472 
   3   18    19    508 
   3   19    10    271 
   3   20     8    230 
   3   21    11    303 
   3   22    12    324 
   3   23    17    455 
   3   24    31    798 
   3   25    30    794 
   3   26    30    793 
   3   27    12    329 
   3   28    17    452 
   3   29    28    740 
   3   30    24    621 
   3   31    21    547 
   3   32    23    612 
   3   33    18    467 
   3   34    22    573 
   3   35    11    306 
   3   36    27    694 
   3   37    10    258 
   3   38    12    317 
   3   39    29    748 
   3   40    22    590 
   3   41    28    721 
   3   42    10    276 
   3   43    13    353 
   3   44    24    617 
   3   45     9    254 
   3   46    10    274 
   3   47     9    253 
   3   48    20    516 
   3   49    24    635 
   4    0    19    498 
   4    1    31    800 
   4    2    21    554 
   4    3     8    230 
   4    4    17    444 
   4    5     8    216 
   4    6    14    363 
   4    7    28    719 
   4    8     9    233 
   4    9    28    732 
   4   10    15    399 
   4   11    23    615 
   4   12    28    741 
   4   13    15    389 
   4   14    20    530 
   4   15    20    531 
   4   16    23    591 
   4   17     8    229 
   4   18    28    729 
   4   19     8    218 
   4   20    19    491 
   4   21    11    289 
   4   22    20    535 
   4   23    17    437 
   4   24    25    664 
   4   25    19    493 
   4   26    10    269 
   4   27    15    397 
   4   28    10    258 
   4   29    17    443 
   4   30    10    263 
   4   31    12    319 
   4   32    19    506 
   4   33    17    460 
   4   34    26    691 
   4   35    15    405 
   4   36    19    500 
   4   37    12    332 
   4   38    14    375 
   4   39    15    404 
   4   40    21    553 
   4   41    13    337 
   4   42    30    791 
   4   43    29    768 
   4   44    30    795 
   4   45    23    615 
   4   46    27    711 
   4   47    26    689 
   4   48    21    549 
   4   49    13    342 
   5    0    10    263 
   5    1    19    496 
   5    2    10    279 
   5    3     9    251 
   5    4    21    561 
   5    5    25    663 
   5    6    21    545 
   5    7    29    755 
   5    8    19    499 
   5    9     8    210 
   5   10    23    602 
   5   11    22    588 
   5   12    21    558 
   5   13    11    284 
   5   14    29    751 
   5   15    27    694 
   5   16    11    294 
   5   17    28    732 
   5   18    20    531 
   5   19    28    723 
   5   20    17    453 
   5   21    26    686 
   5   22    10    277 
   5   23    14    374 
   5   24    28    720 
   5   25    18    469 
   5   26    23    606 
   5   27    20    534 
   5   28    10    257 
   5   29    16    431 
   5   30    12    316 
   5   31    10    267 
   5   32    21    554 
   5   33    15    394 
   5   34    11    298 
   5   35    12    313 
   5   36    20    519 
   5   37    18    468 
   5   38    11    284 
   5   39    15    391 
   5   40    11    298 
   5   41    13    350 
   5   42    27    717 
   5   43     7    200 
   5   44    30    787 
   5   45     8    216 
   5   46    27    699 
   5   47    18    475 
   5   48    27    706 
   5   49    21    539 
   6    0     9    240 
   6    1     8    225 
   6    2    23    602 
   6    3    28    727 
   6    4    17    441 
   6    5     7    204 
   6    6    13    337 
   6    7     8    214 
   6    8    23    606 
   6    9    30    776 
   6   10    28    721 
   6   11    22    580 
   6   12    30    787 
   6   13    28    732 
   6   14    25    654 
   6   15    17    441 
   6   16    22    568 
   6   17     9    244 
   6   18     9    254 
   6   19    25    649 
   6   20    26    671 
   6   21    15    387 
   6   22    26    692 
   6   23    21    553 
   6   24     9    251 
   6   25    26    685 
   6   26    16    431 
   6   27    11    293 
   6   28    10    268 
   6   29    31    799 
   6   30     8    206 
   6   31    13    354 
   6   32     8    226 
   6   33    17    455 
   6   34    10    270 
   6   35    30    785 
   6   36    26    673 
   6   37    25    664 
   6   38    23    595 
   6   39    30    787 
   6   40    11    290 
   6   41    20    515 
   6   42    26    692 
   6   43    13    334 
   6   44     9    247 
   6   45    24    623 
   6   46    15    391 
   6   47    10    276 
   6   48    18    462 
   6   49    30    792 
   7    0    24    620 
   7    1    22    587 
   7    2    21    543 
   7    3    30    775 
   7    4    30    788 
   7    5    10    270 
   7    6    12    322 
   7    7    20    532 
   7    8     8    221 
   7    9     8    226 
   7   10    24    631 
   7   11    20    533 
   7   12    31    799 
   7   13    27    702 
   7   14    17    437 
   7   15    26    690 
   7   16    29    752 
   7   17    25    647 
   7   18    30    793 
   7   19    13    354 
   7   20    21    561 
   7   21    11    302 
   7   22    12    333 
   7   23    20    536 
   7   24    12    321 
   7   25     9    251 
   7   26    15    408 
   7   27     9    248 
   7   28    28    736 
   7   29    28    737 
   7   30     8    219 
   7   31    27    703 
   7   32    13    348 
   7   33    30    786 
   7   34    24    621 
   7   35    23    605 
   7   36    30    783 
   7   37    16    435 
   7   38     9    249 
   7   39    27    698 
   7   40    23    615 
   7   41    30    792 
   7   42    16    435 
   7   43    20    538 
   7   44     9    251 
   7   45    25    646 
   7   46     8    228 
   7   47    12    322 
   7   48    27    696 
   7   49    22    568 
   8    0    14    361 
   8    1    22    578 
   8    2    26    675 
   8    3    17    453 
   8    4    29    763 
   8    5    19    506 
   8    6    14    374 
   8    7    28    729 
   8    8    28    742 
   8    9    28    737 
   8   10    27    717 
   8   11    11    285 
   8   12    25    657 
   8   13    10    276 
   8   14    13    354 
   8   15    14    365 
   8   16    22    586 
   8   17    14    377 
   8   18    19    501 
   8   19    21    548 
   8   20    30    794 
   8   21    17    455 
   8   22    12    312 
   8   23    21    546 
   8   24    21    551 
   8   25    16    435 
   8   26    27    709 
   8   27    28    735 
   8   28    26    680 
   8   29    23    611 
   8   30    10    257 
   8   31    26    671 
   8   32    12    328 
   8   33    16    427 
   8   34    27    718 
   8   35    22    580 
   8   36    27    697 
   8   37    29    761 
   8   38    20    516 
   8   39     9    231 
   8   40    30    777 
   8   41     7    200 
   8   42    18    479 
   8   43    26    670 
   8   44    30    771 
   8   45     9    241 
   8   46    16    423 
   8   47    28    738 
   8   48     7    203 
   8   49    19    495 
   9    0    19    513 
   9    1    25    652 
   9    2    11    293 
   9    3    24    625 
   9    4    19    489 
   9    5    11    290 
   9    6    28    732 
   9    7    25    664 
   9    8    11    287 
   9    9    13    341 
   9   10    18    478 
   9   11    19    500 
   9   12    23    600 
   9   13    24    633 
   9   14     9    239 
   9   15    17    445 
   9   16    11    304 
   9   17    12    311 
   9   18    27    695 
   9   19     9    235 
   9   20    15    401 
   9   21    28    721 
   9   22     8    230 
   9   23    20    521 
   9   24    13    338 
   9   25    25    662 
   9   26    16    424 
   9   27    18    477 
   9   28    12    333 
   9   29    29    759 
   9   30    11    286 
   9   31    29    751 
   9   32    17    446 
   9   33    21    558 
   9   34    27    693 
   9   35    13    345 
   9   36    20    534 
   9   37    13    352 
   9   38    11    291 
   9   39    15    397 
   9   40    24    619 
   9   41    24    637 
   9   42    25    662 
   9   43     8    228 
   9   44    18    479 
   9   45    11    285 
   9   46    24    637 
   9   47     8    218 
   9   48    30    791 
   9   49    30    784 
  10    0    16    433 
  10    1    13    357 
  10    2    14    383 
  10    3    13    343 
  10    4    27    702 
  10    5    21    563 
  10    6    21    554 
  10    7    21    544 
  10    8    13    345 
  10    9    13    351 
  10   10    21    558 
  10   11    12    324 
  10   12    21    558 
  10   13    19    500 
  10   14    26    673 
  10   15    13    358 
  10   16    10    262 
  10   17    24    618 
  10   18     8    221 
  10   19    27    695 
  10   20    28    742 
  10   21    22    569 
  10   22    21    563 
  10   23    27    703 
  10   24    18    474 
  10   25    15    409 
  10   26     9    235 
  10   27    20    530 
  10   28    16    424 
  10   29    29    756 
  10   30    28    733 
  10   31    28    735 
  10   32    16    429 
  10   33    19    503 
  10   34     8    229 
  10   35    30    771 
  10   36    12    326 
  10   37    23    615 
  10   38    12    332 
  10   39    24    627 
  10   40    24    641 
  10   41     9    233 
  10   42    26    675 
  10   43    28    740 
  10   44    10    276 
  10   45    23    601 
  10   46    23    591 
  10   47    17    459 
  10   48    21    564 
  10   49    28    735 
  11    0     8    229 
  11    1    29    755 
  11    2    16    415 
  11    3     8    219 
  11    4    23    610 
  11    5    20    535 
  11    6    11    284 
  11    7     8    229 
  11    8     9    250 
  11    9    24    622 
  11   10    16    413 
  11   11    23    595 
  11   12    13    347 
  11   13    29    751 
  11   14    22    578 
  11   15    18    478 
  11   16    25    642 
  11   17    20    514 
  11   18    24    634 
  11   19    10    269 
  11   20    11    304 
  11   21    10    274 
  11   22    30    795 
  11   23    21    560 
  11   24    13    359 
  11   25    28    723 
  11   26    11    294 
  11   27    11    303 
  11   28    14    375 
  11   29    13    350 
  11   30    28    740 
  11   31    14    362 
  11   32    27    707 
  11   33    19    490 
  11   34    19    493 
  11   35    16    434 
  11   36    24    621 
  11   37    29    751 
  11   38    29    756 
  11   39    31    798 
  11   40    12    326 
  11   41    22    571 
  11   42    12    326 
  11   43    12    325 
  11   44    26    679 
  11   45    18    477 
  11   46    29    753 
  11   47    29    752 
  11   48    24    616 
  11   49    24    640 
  12    0    24    632 
  12    1    23    591 
  12    2    15    392 
  12    3    28    733 
  12    4    20    534 
  12    5    14    367 
  12    6    18    477 
  12    7    25    662 
  12    8    16    428 
  12    9    11    305 
  12   10    16    427 
  12   11    18    487 
  12   12    29    769 
  12   13    18    486 
  12   14    13    359 
  12   15    11    303 
  12   16    18    467 
  12   17    16    432 
  12   18    22    577 
  12   19    28    741 
  12   20    17    442 
  12   21    22    569 
  12   22    12    332 
  12   23     9    255 
  12   24    12    333 
  12   25    17    440 
  12   26    22    573 
  12   27    19    500 
  12   28    19    493 
  12   29    25    657 
  12   30    14    368 
  12   31     9    255 
  12   32    11    295 
  12   33    30    781 
  12   34    27    715 
  12   35    18    477 
  12   36    19    501 
  12   37    21    556 
  12   38    30    792 
  12   39    20    526 
  12   40    22    578 
  12   41    13    349 
  12   42    15    408 
  12   43    14    381 
  12   44    25    665 
  12   45    12    325 
  12   46    24    624 
  12   47    16    434 
  12   48    19    509 
  12   49     9    253 
  13    0    16    425 
  13    1    21    546 
  13    2    20    536 
  13    3     7    200 
  13    4    19    499 
  13    5    12    308 
  13    6    26    688 
  13    7     8    218 
  13    8    20    533 
  13    9    19    513 
  13   10     7    205 
  13   11     9    241 
  13   12    28    729 
  13   13    29    763 
  13   14    14    361 
  13   15     8    230 
  13   16    15    395 
  13   17    30    775 
  13   18    27    693 
  13   19    12    317 
  13   20    30    770 
  13   21    28    726 
  13   22    30    775 
  13   23    26    685 
  13   24    20    522 
  13   25    18    486 
  13   26    25    652 
  13   27    16    417 
  13   28    10    267 
  13   29    27    707 
  13   30    14    382 
  13   31    19    496 
  13   32    22    573 
  13   33    30    782 
  13   34    15    410 
  13   35    28    730 
  13   36    18    471 
  13   37    12    316 
  13   38    23    605 
  13   39    24    620 
  13   40    15    407 
  13   41     8    211 
  13   42    10    274 
  13   43    20    531 
  13   44     9    255 
  13   45    27    694 
  13   46    28    737 
  13   47    15    404 
  13   48    20    527 
  13   49    17    439 
  14    0    17    456 
  14    1    17    444 
  14    2    10    263 
  14    3    24    626 
  14    4    22    590 
  14    5    12    322 
  14    6    20    516 
  14    7    25    649 
  14    8    14    361 
  14    9    30    789 
  14   10     9    241 
  14   11    30    785 
  14   12    20    530 
  14   13    19    492 
  14   14    27    718 
  14   15    12    310 
  14   16    12    329 
  14   17    10    280 
  14   18     9    250 
  14   19    13    336 
  14   20    11    294 
  14   21    18    477 
  14   22     8    213 
  14   23    18    485 
  14   24    18    462 
  14   25     9    241 
  14   26    18    467 
  14   27    10    272 
  14   28    12    316 
  14   29    11    302 
  14   30    13    348 
  14   31    16    419 
  14   32    13    345 
  14   33    11    307 
  14   34    13    339 
  14   35    13    346 
  14   36    11    302 
  14   37    11    290 
  14   38    26    683 
  14   39    16    431 
  14   40    22    576 
  14   41    24    617 
  14   42    24    629 
  14   43     8    229 
  14   44    24    620 
  14   45    26    680 
  14   46    30    782 
  14   47    14    369 
  14   48    19    509 
  14   49    13    355 
  15    0    19    513 
  15    1    22    579 
  15    2    27    704 
  15    3    12    330 
  15    4    17    461 
  15    5    18    478 
  15    6    31    799 
  15    7     9    236 
  15    8    22    581 
  15    9    28    740 
  15   10    18    478 
  15   11    24    630 
  15   12    17    441 
  15   13    30    778 
  15   14    21    555 
  15   15    20    538 
  15   16    13    337 
  15   17    19    501 
  15   18    11    299 
  15   19    13    351 
  15   20    22    571 
  15   21    11    304 
  15   22     9    256 
  15   23    27    708 
  15   24    13    353 
  15   25    19    500 
  15   26    17    454 
  15   27    21    545 
  15   28    22    575 
  15   29    28    733 
  15   30    10    258 
  15   31    17    458 
  15   32    29    749 
  15   33    20    523 
  15   34    18    487 
  15   35    26    678 
  15   36    26    683 
  15   37    18    477 
  15   38    14    378 
  15   39    11    297 
  15   40    17    458 
  15   41    21    543 
  15   42    12    310 
  15   43    21    563 
  15   44    28    730 
  15   45    14    374 
  15   46    14    367 
  15   47    14    374 
  15   48    20    528 
  15   49    24    634 
  16    0    20    530 
  16    1     8    228 
  16    2    10    274 
  16    3    17    454 
  16    4    17    458 
  16    5    27    704 
  16    6    18    473 
  16    7    10    266 
  16    8    21    543 
  16    9    28    733 
  16   10    26    681 
  16   11    21    546 
  16   12    23    613 
  16   13    17    443 
  16   14     7    205 
  16   15    14    374 
  16   16     9    236 
  16   17    28    725 
  16   18    10    275 
  16   19    21    564 
  16   20    26    674 
  16   21    23    609 
  16   22    22    577 
  16   23    13    347 
  16   24    10    260 
  16   25    26    675 
  16   26    15    398 
  16   27    30    781 
  16   28     9    249 
  16   29    24    629 
  16   30    24    623 
  16   31    29    756 
  16   32    27    713 
  16   33    29    750 
  16   34    12    317 
  16   35    29    747 
  16   36    26    673 
  16   37    26    679 
  16   38    24    627 
  16   39    29    753 
  16   40    24    621 
  16   41    23    592 
  16   42    27    713 
  16   43    19    493 
  16   44     9    239 
  16   45    10    282 
  16   46    22    576 
  16   47    21    550 
  16   48    14    364 
  16   49     9    236 
  17    0    13    347 
  17    1    28    734 
  17    2    28    738 
  17    3    18    479 
  17    4    11    286 
  17    5    15    395 
  17    6    22    573 
  17    7    11    295 
  17    8    13    345 
  17    9    23    592 
  17   10    24    616 
  17   11    16    429 
  17   12    15    408 
  17   13    28    719 
  17   14    28    730 
  17   15    22    590 
  17   16    23    592 
  17   17    19    504 
  17   18    26    687 
  17   19    17    454 
  17   20    30    788 
  17   21    23    597 
  17   22    21    556 
  17   23    23    609 
  17   24    17    455 
  17   25    26    682 
  17   26    17    443 
  17   27    24    635 
  17   28    12    309 
  17   29    26    678 
  17   30    18    480 
  17   31    15    399 
  17   32    16    434 
  17   33    30    777 
  17   34    30    776 
  17   35    21    558 
  17   36    19    493 
  17   37    19    488 
  17   38    27    716 
  17   39    19    490 
  17   40    18    470 
  17   41    19    491 
  17   42    13    348 
  17   43    16    429 
  17   44    23    597 
  17   45    10    270 
  17   46    22    571 
  17   47    17    445 
  17   48    21    540 
  17   49    20    529 
  18    0    21    550 
  18    1     9    255 
  18    2    25    655 
  18    3    18    472 
  18    4    24    641 
  18    5    12    313 
  18    6     8    208 
  18    7    23    594 
  18    8    15    396 
  18    9    15    399 
  18   10    22    586 
  18   11    11    283 
  18   12    13    354 
  18   13    20    531 
  18   14    19    508 
  18   15    28    740 
  18   16    14    371 
  18   17    14    360 
  18   18    12    320 
  18   19    23    605 
  18   20    11    291 
  18   21    29    768 
  18   22    21    559 
  18   23    22    582 
  18   24    28    736 
  18   25     8    224 
  18   26    16    436 
  18   27    31    799 
  18   28    25    648 
  18   29    25    656 
  18   30    15    401 
  18   31    16    425 
  18   32    22    580 
  18   33    14    372 
  18   34    11    289 
  18   35    20    528 
  18   36    14    361 
  18   37    14    369 
  18   38    29    758 
  18   39    25    646 
  18   40    29    762 
  18   41    27    703 
  18   42    21    544 
  18   43     8    219 
  18   44    29    755 
  18   45    19    508 
  18   46    30    793 
  18   47    27    695 
  18   48    23    600 
  18   49    14    374 
  19    0    29    763 
  19    1    21    541 
  19    2    19    497 
  19    3    20    520 
  19    4    23    599 
  19    5    14    369 
  19    6    11    304 
  19    7    13    358 
  19    8    17    441 
  19    9     9    247 
  19   10    10    282 
  19   11    23    610 
  19   12    25    644 
  19   13    17    446 
  19   14    30    786 
  19   15    12    322 
  19   16    16    420 
  19   17     9    232 
  19   18    21    541 
  19   19    19    488 
  19   20    15    404 
  19   21    13    340 
  19   22    13    356 
  19   23    25    648 
  19   24    10    276 
  19   25    24    634 
  19   26    29    757 
  19   27    15    403 
  19   28    30    773 
  19   29    16    424 
  19   30    14    377 
  19   31    22    582 
  19   32    16    432 
  19   33    10    275 
  19   34    22    581 
  19   35    13    351 
  19   36    30    778 
  19   37    11    295 
  19   38    22    586 
  19   39    10    267 
  19   40    11    285 
  19   41    12    315 
  19   42    17    444 
  19   43    20    515 
  19   44    16    423 
  19   45    30    793 
  19   46    20    527 
  19   47    10    260 
  19   48    10    280 
  19   49    16    411 
  20    0    25    651 
  20    1    22    572 
  20    2    12    309 
  20    3    28    721 
  20    4    14    375 
  20    5    12    314 
  20    6     8    209 
  20    7    11    287 
  20    8    31    798 
  20    9     9    246 
  20   10    28    734 
  20   11    24    625 
  20   12    27    711 
  20   13    28    740 
  20   14    16    436 
  20   15    22    565 
  20   16    19    498 
  20   17    16    430 
  20   18    11    284 
  20   19    17    459 
  20   20    24    639 
  20   21    26    676 
  20   22    21    546 
  20   23    29    769 
  20   24    16    413 
  20   25    31    800 
  20   26    21    555 
  20   27    21    540 
  20   28    24    632 
  20   29    29    745 
  20   30    14    374 
  20   31    19    503 
  20   32     9    245 
  20   33    19    512 
  20   34    25    663 
  20   35    27    712 
  20   36    19    505 
  20   37    18    472 
  20   38    19    500 
  20   39    20    525 
  20   40    19    511 
  20   41    12    316 
  20   42    11    302 
  20   43    30    788 
  20   44    30    786 
  20   45    15    406 
  20   46    26    675 
  20   47     8    211 
  20   48    13    341 
  20   49    23    600 
  21    0    23    593 
  21    1    28    728 
  21    2    28    726 
  21    3    12    312 
  21    4    27    697 
  21    5    25    642 
  21    6    30    778 
  21    7    14    363 
  21    8    23    596 
  21    9     8    224 
  21   10    28    732 
  21   11    12    310 
  21   12    14    362 
  21   13    29    755 
  21   14     8    214 
  21   15    15    389 
  21   16    13    338 
  21   17    29    750 
  21   18    15    385 
  21   19    29    755 
  21   20    31    800 
  21   21    30    786 
  21   22    21    555 
  21   23    18    481 
  21   24    28    739 
  21   25    16    431 
  21   26    13    340 
  21   27    16    431 
  21   28    21    546 
  21   29    21    541 
  21   30    23    597 
  21   31    12    323 
  21   32    25    667 
  21   33    25    649 
  21   34    19    490 
  21   35    13    340 
  21   36    20    518 
  21   37    12    323 
  21   38    29    747 
  21   39    16    414 
  21   40    10    277 
  21   41    28    720 
  21   42    27    699 
  21   43    23    608 
  21   44     9    238 
  21   45    13    343 
  21   46    26    669 
  21   47     9    248 
  21   48     8    213 
  21   49    16    411 
  22    0     8    209 
  22    1    12    310 
  22    2    18    467 
  22    3    11    295 
  22    4     7    204 
  22    5    11    286 
  22    6    20    531 
  22    7    21    558 
  22    8    11    293 
  22    9    19    500 
  22   10    24    635 
  22   11    15    403 
  22   12    27    716 
  22   13    19    511 
  22   14    22    584 
  22   15    25    658 
  22   16    16    413 
  22   17    10    267 
  22   18    17    459 
  22   19    12    332 
  22   20    11    293 
  22   21    22    577 
  22   22    28    729 
  22   23     8    210 
  22   24    27    696 
  22   25    12    325 
  22   26    24    639 
  22   27    27    711 
  22   28    14    370 
  22   29    13    352 
  22   30    17    453 
  22   31    28    730 
  22   32    18    486 
  22   33    18    465 
  22   34    27    702 
  22   35    23    603 
  22   36    26    677 
  22   37    15    409 
  22   38    29    766 
  22   39    27    708 
  22   40    24    628 
  22   41    17    442 
  22   42    28    742 
  22   43    21    551 
  22   44     7    201 
  22   45    19    491 
  22   46    12    333 
  22   47    24    641 
  22   48    14    381 
  22   49    20    524 
  23    0    27    698 
  23    1    19    506 
  23    2    14    360 
  23    3    18    467 
  23    4    23    596 
  23    5    17    452 
  23    6    20    526 
  23    7    25    666 
  23    8    29    755 
  23    9    18    483 
  23   10     9    247 
  23   11    23    608 
  23   12    20    534 
  23   13    27    704 
  23   14    17    454 
  23   15    19    495 
  23   16    15    404 
  23   17    14    383 
  23   18    11    292 
  23   19    20    518 
  23   20    24    619 
  23   21    16    421 
  23   22    16    418 
  23   23    17    437 
  23   24    14    367 
  23   25    28    743 
  23   26    10    264 
  23   27    28    726 
  23   28    25    655 
  23   29    18    481 
  23   30    20    520 
  23   31    30    772 
  23   32    23    599 
  23   33    30    786 
  23   34     8    224 
  23   35    30    778 
  23   36    19    499 
  23   37    21    541 
  23   38    12    310 
  23   39     8    209 
  23   40    16    424 
  23   41     8    213 
  23   42    18    480 
  23   43    21    546 
  23   44    16    420 
  23   45    19    502 
  23   46    21    553 
  23   47    16    418 
  23   48    21    549 
  23   49    10    269 
  24    0    31    797 
  24    1    10    269 
  24    2    26    668 
  24    3    16    433 
  24    4     8    206 
  24    5    29    754 
  24    6    22    570 
  24    7    21    551 
  24    8    26    678 
  24    9    17    438 
  24   10    27    713 
  24   11    13    349 
  24   12    14    362 
  24   13    17    446 
  24   14    27    717 
  24   15    15    406 
  24   16    20    525 
  24   17    14    360 
  24   18    25    656 
  24   19    19    508 
  24   20    28    724 
  24   21    12    313 
  24   22    17    442 
  24   23    12    323 
  24   24    19    496 
  24   25    21    542 
  24   26    22    566 
  24   27    12    321 
  24   28    22    580 
  24   29    23    603 
  24   30    15    408 
  24   31    30    786 
  24   32    17    444 
  24   33    27    713 
  24   34     7    200 
  24   35    24    620 
  24   36    30    772 
  24   37    21    548 
  24   38    25    655 
  24   39    12    332 
  24   40    17    442 
  24   41    21    555 
  24   42    30    787 
  24   43    29    751 
  24   44    10    278 
  24   45     9    248 
  24   46    19    503 
  24   47    20    530 
  24   48    18    471 
  24   49    15    401 
  25    0    11    287 
  25    1    12    331 
  25    2    23    592 
  25    3    13    338 
  25    4    16    421 
  25    5    19    501 
  25    6    26    691 
  25    7    22    589 
  25    8    16    423 
  25    9    25    666 
  25   10    11    306 
  25   11    23    594 
  25   12    19    501 
  25   13    18    473 
  25   14    25    652 
  25   15    30    772 
  25   16    30    770 
  25   17     8    227 
  25   18    20    527 
  25   19    21    557 
  25   20    22    568 
  25   21    12    310 
  25   22    20    519 
  25   23    28    741 
  25   24    27    702 
  25   25    15    391 
  25   26    12    330 
  25   27    26    680 
  25   28    13    341 
  25   29    16    416 
  25   30    12    320 
  25   31    20    533 
  25   32    12    329 
  25   33    24    639 
  25   34     9    232 
  25   35    11    306 
  25   36    25    642 
  25   37    10    279 
  25   38    16    423 
  25   39    13    357 
  25   40    21    559 
  25   41    20    527 
  25   42    14    371 
  25   43    24    627 
  25   44    29    761 
  25   45    29    768 
  25   46     8    230 
  25   47    29    760 
  25   48     9    237 
  25   49    24    641 
  26    0    30    783 
  26    1    27    718 
  26    2    24    641 
  26    3    10    263 
  26    4    17    437 
  26    5    23    614 
  26    6     9    254 
  26    7    14    374 
  26    8    21    561 
  26    9    20    535 
  26   10    24    629 
  26   11    25    652 
  26   12    29    752 
  26   13    22    581 
  26   14    26    689 
  26   15    11    286 
  26   16     8    230 
  26   17    25    644 
  26   18     9    231 
  26   19    10    282 
  26   20    14    362 
  26   21    10    280 
  26   22     8    226 
  26   23    29    748 
  26   24    19    508 
  26   25    17    452 
  26   26    10    278 
  26   27     9    231 
  26   28    30    789 
  26   29    13    355 
  26   30    10    271 
  26   31     9    241 
  26   32    31    797 
  26   33    16    432 
  26   34    10    281 
  26   35    15    410 
  26   36    19    490 
  26   37    24    618 
  26   38    21    558 
  26   39    13    341 
  26   40    25    651 
  26   41    30    784 
  26   42    13    351 
  26   43    20    516 
  26   44    29    754 
  26   45    13    358 
  26   46    21    560 
  26   47    18    470 
  26   48    10    261 
  26   49    24    641 
  27    0    29    762 
  27    1    13    351 
  27    2    26    685 
  27    3     8    207 
  27    4    14    369 
  27    5    25    654 
  27    6    15    397 
  27    7    17    458 
  27    8    12    330 
  27    9    23    612 
  27   10     8    208 
  27   11    26    678 
  27   12    25    650 
  27   13    16    412 
  27   14    13    351 
  27   15    15    390 
  27   16    19    509 
  27   17     9    240 
  27   18    29    766 
  27   19    20    526 
  27   20    10    267 
  27   21     8    217 
  27   22    23    599 
  27   23    25    656 
  27   24    25    648 
  27   25    11    304 
  27   26    13    338 
  27   27    30    784 
  27   28    22    568 
  27   29    26    669 
  27   30    20    528 
  27   31    22    589 
  27   32    21    558 
  27   33     8    220 
  27   34     8    215 
  27   35    29    752 
  27   36    12    328 
  27   37    17    459 
  27   38    11    303 
  27   39    21    548 
  27   40    26    669 
  27   41     8    206 
  27   42    25    657 
  27   43    13    357 
  27   44    16    412 
  27   45    30    784 
  27   46    27    694 
  27   47    18    486 
  27   48    21    560 
  27   49    24    622 
  28    0    23    600 
  28    1    25    647 
  28    2    24    639 
  28    3     9    241 
  28    4    25    644 
  28    5    16    416 
  28    6     9    251 
  28    7     8    209 
  28    8     9    252 
  28    9    11    306 
  28   10    24    622 
  28   11    12    328 
  28   12    13    350 
  28   13    21    557 
  28   14    14    367 
  28   15    26    669 
  28   16    22    577 
  28   17    27    714 
  28   18     9    246 
  28   19    28    739 
  28   20    17    441 
  28   21    26    689 
  28   22    22    571 
  28   23    30    785 
  28   24    21    547 
  28   25    13    354 
  28   26    12    311 
  28   27    25    647 
  28   28    15    392 
  28   29    25    650 
  28   30    12    314 
  28   31    29    753 
  28   32    24    639 
  28   33    24    620 
  28   34    16    415 
  28   35    14    363 
  28   36    26    691 
  28   37    25    649 
  28   38    15    390 
  28   39    10    261 
  28   40    18    464 
  28   41    12    313 
  28   42    20    519 
  28   43    28    723 
  28   44    19    489 
  28   45    27    705 
  28   46    27    718 
  28   47    21    539 
  28   48    20    525 
  28   49    11    287 
  29    0    18    468 
  29    1     9    241 
  29    2    16    431 
  29    3    14    364 
  29    4    19    505 
  29    5    13    355 
  29    6    30    777 
  29    7    15    391 
  29    8    27    704 
  29    9    20    516 
  29   10    24    625 
  29   11    13    356 
  29   12    12    324 
  29   13    23    611 
  29   14    28    725 
  29   15    12    332 
  29   16    12    313 
  29   17    10    268 
  29   18    25    650 
  29   19    23    597 
  29   20     8    222 
  29   21    26    676 
  29   22    17    452 
  29   23    13    348 
  29   24    10    257 
  29   25    16    435 
  29   26    19    510 
  29   27    14    366 
  29   28    13    355 
  29   29    12    319 
  29   30    28    727 
  29   31     8    227 
  29   32    13    335 
  29   33    16    427 
  29   34    17    445 
  29   35    23    609 
  29   36    27    694 
  29   37    15    395 
  29   38    12    318 
  29   39    27    695 
  29   40    13    343 
  29   41    25    647 
  29   42     7    204 
  29   43    24    628 
  29   44    21    556 
  29   45    24    619 
  29   46    10    261 
  29   47     7    204 
  29   48    26    679 
  29   49    30    789 
  30    0    13    355 
  30    1    28    738 
  30    2    17    440 
  30    3    23    592 
  30    4    27    716 
  30    5    29    750 
  30    6    24    636 
  30    7    16    423 
  30    8    19    503 
  30    9    29    767 
  30   10    30    783 
  30   11    26    676 
  30   12     8    210 
  30   13    11    306 
  30   14    10    280 
  30   15    14    379 
  30   16    12    321 
  30   17    17    458 
  30   18     9    233 
  30   19    28    739 
  30   20    12    312 
  30   21    22    566 
  30   22    10    272 
  30   23    25    662 
  30   24    21    554 
  30   25    19    491 
  30   26    28    736 
  30   27    18    463 
  30   28    21    561 
  30   29    21    564 
  30   30     9    254 
  30   31    29    750 
  30   32    10    276 
  30   33    28    726 
  30   34    24    630 
  30   35     8    220 
  30   36    14    378 
  30   37    23    614 
  30   38     9    253 
  30   39     7    205 
  30   40    10    278 
  30   41    19    507 
  30   42    22    576 
  30   43    24    631 
  30   44    17    459 
  30   45    10    257 
  30   46    24    622 
  30   47    14    382 
  30   48    30    792 
  30   49    20    525 
  31    0    24    638 
  31    1    31    798 
  31    2    10    263 
  31    3    27    699 
  31    4     8    220 
  31    5    20    526 
  31    6    16    417 
  31    7    20    523 
  31    8    25    661 
  31    9    22    589 
  31   10    12    332 
  31   11     8    209 
  31   12    25    647 
  31   13    15    404 
  31   14    30    779 
  31   15    25    647 
  31   16    25    656 
  31   17    21    552 
  31   18    19    497 
  31   19    18    485 
  31   20    11    283 
  31   21    30    789 
  31   22     7    200 
  31   23    26    680 
  31   24    16    412 
  31   25     9    250 
  31   26    16    432 
  31   27    23    608 
  31   28    26    680 
  31   29    16    428 
  31   30    17    452 
  31   31    12    313 
  31   32    19    488 
  31   33    15    401 
  31   34    14    383 
  31   35    21    548 
  31   36    29    746 
  31   37    18    485 
  31   38    23    603 
  31   39     8    215 
  31   40    16    429 
  31   41    16    419 
  31   42    21    560 
  31   43     9    247 
  31   44    15    403 
  31   45    25    660 
  31   46    30    776 
  31   47    12    333 
  31   48    30    794 
  31   49    24    621 
  32    0    29    754 
  32    1     8    213 
  32    2    12    326 
  32    3    30    776 
  32    4    22    581 
  32    5    25    665 
  32    6    17    440 
  32    7    14    379 
  32    8    15    399 
  32    9    13    356 
  32   10    23    599 
  32   11     8    223 
  32   12     9    250 
  32   13    11    301 
  32   14    19    500 
  32   15    18    473 
  32   16    15    394 
  32   17    15    386 
  32   18    18    463 
  32   19     8    211 
  32   20    25    644 
  32   21    13    351 
  32   22    20    527 
  32   23    16    421 
  32   24    31    796 
  32   25     9    231 
  32   26    12    328 
  32   27    25    648 
  32   28    11    304 
  32   29    12    312 
  32   30    27    709 
  32   31    19    499 
  32   32    24    624 
  32   33    19    497 
  32   34    29    757 
  32   35    23    595 
  32   36     8    229 
  32   37    20    534 
  32   38    22    566 
  32   39     8    216 
  32   40    17    451 
  32   41     8    208 
  32   42    27    702 
  32   43    26    672 
  32   44     8    228 
  32   45    30    772 
  32   46    21    543 
  32   47    11    291 
  32   48    29    753 
  32   49    16    421 
  33    0    11    305 
  33    1    22    578 
  33    2    27    707 
  33    3    10    263 
  33    4    22    567 
  33    5    22    588 
  33    6    29    755 
  33    7    21    560 
  33    8    21    545 
  33    9    13    357 
  33   10    10    269 
  33   11    10    281 
  33   12    29    765 
  33   13    18    470 
  33   14    12    318 
  33   15    29    765 
  33   16    14    377 
  33   17    26    672 
  33   18    25    644 
  33   19    16    420 
  33   20    27    714 
  33   21    12    318 
  33   22    29    760 
  33   23     9    231 
  33   24    10    280 
  33   25    11    301 
  33   26    26    692 
  33   27    10    270 
  33   28    20    534 
  33   29    19    488 
  33   30    21    539 
  33   31     8    217 
  33   32     9    231 
  33   33    15    391 
  33   34    23    598 
  33   35    23    600 
  33   36     8    209 
  33   37    21    551 
  33   38     9    235 
  33   39    24    625 
  33   40    30    774 
  33   41    16    429 
  33   42    14    380 
  33   43    25    660 
  33   44    28    742 
  33   45    24    631 
  33   46    30    786 
  33   47    14    379 
  33   48    20    535 
  33   49    10    259 
  34    0     9    248 
  34    1    21    547 
  34    2    10    275 
  34    3    30    795 
  34    4     7    201 
  34    5    15    396 
  34    6    14    372 
  34    7    13    351 
  34    8    28    727 
  34    9    16    432 
  34   10    29    745 
  34   11    14    366 
  34   12    28    742 
  34   13    17    450 
  34   14    24    635 
  34   15     9    233 
  34   16    16    415 
  34   17    22    586 
  34   18    13    356 
  34   19    12    325 
  34   20    26    685 
  34   21    15    406 
  34   22    13    335 
  34   23    22    588 
  34   24    23    611 
  34   25    16    413 
  34   26    30    779 
  34   27    25    660 
  34   28    15    394 
  34   29    18    465 
  34   30    28    722 
  34   31    15    405 
  34   32    18    475 
  34   33    13    341 
  34   34    19    490 
  34   35    16    422 
  34   36    15    394 
  34   37    24    635 
  34   38    26    672 
  34   39    10    261 
  34   40    11    283 
  34   41    22    582 
  34   42    21    550 
  34   43    21    553 
  34   44    26    684 
  34   45     9    238 
  34   46    25    647 
  34   47    27    708 
  34   48    30    781 
  34   49    16    424 
  35    0    30    781 
  35    1    27    711 
  35    2    25    657 
  35    3    15    388 
  35    4     8    214 
  35    5    23    613 
  35    6    22    576 
  35    7    27    712 
  35    8    28    742 
  35    9    26    676 
  35   10    23    597 
  35   11    20    537 
  35   12    23    599 
  35   13    26    671 
  35   14    11    306 
  35   15     8    207 
  35   16    20    526 
  35   17    20    536 
  35   18    27    717 
  35   19     8    213 
  35   20    19    502 
  35   21    14    379 
  35   22    30    780 
  35   23    16    422 
  35   24    24    626 
  35   25    26    687 
  35   26    27    712 
  35   27    16    433 
  35   28     7    203 
  35   29    12    331 
  35   30    10    264 
  35   31    15    405 
  35   32    26    672 
  35   33    23    601 
  35   34    13    357 
  35   35    26    676 
  35   36    17    447 
  35   37    19    510 
  35   38    19    494 
  35   39    16    416 
  35   40    22    571 
  35   41    14    382 
  35   42    23    607 
  35   43    13    357 
  35   44    25    660 
  35   45    12    327 
  35   46    20    530 
  35   47    11    297 
  35   48     8    223 
  35   49     8    221 
  36    0    14    371 
  36    1    27    703 
  36    2    21    559 
  36    3    17    453 
  36    4    11    297 
  36    5    25    657 
  36    6    30    776 
  36    7     8    219 
  36    8    26    682 
  36    9    24    622 
  36   10    11    298 
  36   11    12    331 
  36   12    13    334 
  36   13    23    597 
  36   14    19    493 
  36   15    30    791 
  36   16    15    385 
  36   17    17    447 
  36   18    24    617 
  36   19    15    394 
  36   20     9    251 
  36   21     8    221 
  36   22    20    537 
  36   23    20    520 
  36   24    25    662 
  36   25    20    536 
  36   26    24    627 
  36   27    17    447 
  36   28    13    347 
  36   29    11    307 
  36   30    13    350 
  36   31    21    549 
  36   32    18    470 
  36   33    24    634 
  36   34     9    255 
  36   35    22    569 
  36   36    20    524 
  36   37    21    540 
  36   38     9    247 
  36   39    22    584 
  36   40    22    585 
  36   41    12    323 
  36   42    13    352 
  36   43    17    449 
  36   44    14    376 
  36   45    10    270 
  36   46    16    435 
  36   47    29    769 
  36   48    21    564 
  36   49    22    588 
  37    0    20    535 
  37    1    11    295 
  37    2    23    598 
  37    3    15    394 
  37    4    13    351 
  37    5     8    214 
  37    6    30    794 
  37    7    28    728 
  37    8    19    508 
  37    9    12    323 
  37   10    19    504 
  37   11    11    284 
  37   12    20    522 
  37   13    23    602 
  37   14    17    460 
  37   15    21    558 
  37   16    14    375 
  37   17     8    209 
  37   18    27    700 
  37   19    13    356 
  37   20    28    734 
  37   21    14    370 
  37   22    20    521 
  37   23    30    788 
  37   24    22    590 
  37   25    16    420 
  37   26    12    329 
  37   27     9    247 
  37   28    17    447 
  37   29    19    495 
  37   30    20    537 
  37   31    27    715 
  37   32    30    787 
  37   33    24    639 
  37   34    29    751 
  37   35    11    297 
  37   36    27    714 
  37   37     9    231 
  37   38    22    569 
  37   39    30    781 
  37   40    16    428 
  37   41    29    765 
  37   42    17    446 
  37   43    25    650 
  37   44    16    421 
  37   45    22    586 
  37   46    19    496 
  37   47    15    387 
  37   48    16    417 
  37   49    13    345 
  38    0    24    619 
  38    1    28    741 
  38    2    14    370 
  38    3    16    433 
  38    4    15    410 
  38    5    20    515 
  38    6     8    206 
  38    7    23    608 
  38    8    27    713 
  38    9    11    291 
  38   10     8    208 
  38   11    25    654 
  38   12    14    372 
  38   13    27    693 
  38   14    26    671 
  38   15    10    276 
  38   16    19    505 
  38   17    24    636 
  38   18    19    510 
  38   19    22    577 
  38   20    22    579 
  38   21     8    217 
  38   22    29    768 
  38   23    17    460 
  38   24    20    537 
  38   25    16    429 
  38   26    13    351 
  38   27     8    207 
  38   28    21    557 
  38   29    20    538 
  38   30    14    367 
  38   31    18    481 
  38   32    14    363 
  38   33    24    616 
  38   34    13    337 
  38   35    10    271 
  38   36    24    627 
  38   37    24    623 
  38   38    15    399 
  38   39    17    459 
  38   40    19    510 
  38   41    30    777 
  38   42    26    671 
  38   43    23    600 
  38   44    22    586 
  38   45    24    632 
  38   46    11    287 
  38   47    21    542 
  38   48     9    234 
  38   49    14    378 
  39    0     8    214 
  39    1    10    268 
  39    2    13    348 
  39    3    10    265 
  39    4     9    253 
  39    5     9    240 
  39    6    20    521 
  39    7    21    539 
  39    8    14    370 
  39    9    10    267 
  39   10    29    756 
  39   11    29    762 
  39   12    17    440 
  39   13    28    723 
  39   14    23    600 
  39   15    31    797 
  39   16    15    400 
  39   17    18    478 
  39   18    16    422 
  39   19    14    363 
  39   20    18    478 
  39   21    25    646 
  39   22    18    483 
  39   23    28    733 
  39   24    27    713 
  39   25    29    756 
  39   26    22    575 
  39   27     9    235 
  39   28    19    510 
  39   29    13    339 
  39   30    22    579 
  39   31    14    384 
  39   32    24    629 
  39   33    20    534 
  39   34    26    686 
  39   35    23    599 
  39   36    21    553 
  39   37    12    332 
  39   38    13    353 
  39   39    29    757 
  39   40    11    293 
  39   41    20    523 
  39   42    15    402 
  39   43    29    768 
  39   44    27    708 
  39   45    23    600 
  39   46    28    743 
  39   47    14    384 
  39   48    24    625 
  39   49    21    546 
  40    0    16    412 
  40    1    29    747 
  40    2     9    243 
  40    3    25    665 
  40    4    17    461 
  40    5    27    713 
  40    6    30    774 
  40    7    20    524 
  40    8    30    788 
  40    9    26    681 
  40   10    24    640 
  40   11    14    370 
  40   12    13    359 
  40   13    26    688 
  40   14     8    226 
  40   15    15    386 
  40   16    29    761 
  40   17     9    252 
  40   18    19    510 
  40   19    14    363 
  40   20    13    334 
  40   21    13    350 
  40   22    22    583 
  40   23    10    258 
  40   24    29    769 
  40   25    18    486 
  40   26     9    245 
  40   27    20    527 
  40   28    19    500 
  40   29    25    661 
  40   30     9    237 
  40   31    18    466 
  40   32    14    382 
  40   33    22    577 
  40   34    11    293 
  40   35    23    610 
  40   36    22    565 
  40   37    19    500 
  40   38    27    710 
  40   39    23    612 
  40   40    10    265 
  40   41    26    679 
  40   42    17    438 
  40   43    30    789 
  40   44    28    744 
  40   45    19    500 
  40   46    30    785 
  40   47    18    478 
  40   48    29    767 
  40   49    21    541 
  41    0    14    367 
  41    1    22    582 
  41    2    15    404 
  41    3    30    793 
  41    4     8    228 
  41    5    29    767 
  41    6    19    494 
  41    7    14    380 
  41    8    17    442 
  41    9    24    629 
  41   10    28    734 
  41   11    10    282 
  41   12    24    622 
  41   13    15    407 
  41   14    11    306 
  41   15    16    418 
  41   16     7    201 
  41   17    21    548 
  41   18     9    238 
  41   19    21    542 
  41   20    18    472 
  41   21    17    444 
  41   22    23    615 
  41   23    12    331 
  41   24    19    495 
  41   25     9    231 
  41   26    31    799 
  41   27    25    663 
  41   28    22    578 
  41   29    18    471 
  41   30    25    664 
  41   31    25    651 
  41   32    22    566 
  41   33    24    638 
  41   34    28    744 
  41   35    24    616 
  41   36    14    378 
  41   37    29    755 
  41   38     8    208 
  41   39    21    561 
  41   40    17    461 
  41   41    30    771 
  41   42    18    483 
  41   43    16    420 
  41   44     7    202 
  41   45    26    669 
  41   46     8    212 
  41   47    18    482 
  41   48    14    366 
  41   49    24    624 
  42    0    17    450 
  42    1    17    460 
  42    2    24    632 
  42    3    29    750 
  42    4    20    522 
  42    5    12    328 
  42    6    26    685 
  42    7    13    336 
  42    8    28    738 
  42    9    21    541 
  42   10    22    585 
  42   11    16    413 
  42   12    23    604 
  42   13    11    303 
  42   14     9    237 
  42   15     7    204 
  42   16    14    361 
  42   17    21    561 
  42   18    28    738 
  42   19    24    624 
  42   20    23    598 
  42   21    28    730 
  42   22    11    290 
  42   23    30    789 
  42   24    10    279 
  42   25    18    485 
  42   26    28    739 
  42   27    30    791 
  42   28    11    293 
  42   29    23    598 
  42   30    18    476 
  42   31    24    640 
  42   32    12    315 
  42   33    23    594 
  42   34    11    290 
  42   35    14    378 
  42   36    23    611 
  42   37    25    667 
  42   38    18    486 
  42   39    26    678 
  42   40    30    783 
  42   41     8    214 
  42   42    14    368 
  42   43    21    563 
  42   44     8    219 
  42   45    24    637 
  42   46     8    226 
  42   47    29    754 
  42   48    23    597 
  42   49    19    512 
  43    0    28    743 
  43    1    24    619 
  43    2    15    396 
  43    3    11    289 
  43    4    15    409 
  43    5    22    567 
  43    6    22    581 
  43    7    12    316 
  43    8    17    456 
  43    9    20    521 
  43   10    21    563 
  43   11     8    216 
  43   12    16    419 
  43   13    28    737 
  43   14    28    732 
  43   15    16    433 
  43   16    28    732 
  43   17    14    366 
  43   18    28    727 
  43   19    14    361 
  43   20    17    461 
  43   21     7    201 
  43   22    18    481 
  43   23    17    455 
  43   24    15    394 
  43   25    16    420 
  43   26    18    478 
  43   27    24    640 
  43   28    24    638 
  43   29    18    467 
  43   30    15    391 
  43   31    30    789 
  43   32    19    500 
  43   33    21    539 
  43   34    22    586 
  43   35    12    323 
  43   36    10    266 
  43   37     9    253 
  43   38    26    677 
  43   39    27    701 
  43   40    12    315 
  43   41    13    335 
  43   42     8    228 
  43   43     9    232 
  43   44    22    572 
  43   45    16    425 
  43   46    16    433 
  43   47    29    756 
  43   48     9    256 
  43   49    30    789 
  44    0     9    249 
  44    1     8    214 
  44    2    30    777 
  44    3    11    305 
  44    4    22    586 
  44    5    11    295 
  44    6    12    313 
  44    7    21    550 
  44    8    25    658 
  44    9    16    432 
  44   10    24    632 
  44   11     9    241 
  44   12    17    439 
  44   13    21    543 
  44   14    16    421 
  44   15    14    361 
  44   16    28    720 
  44   17    26    673 
  44   18    16    429 
  44   19    25    644 
  44   20    13    356 
  44   21    29    746 
  44   22    16    431 
  44   23    22    580 
  44   24    18    465 
  44   25    11    304 
  44   26    23    595 
  44   27    18    470 
  44   28    22    589 
  44   29    25    657 
  44   30    20    526 
  44   31    24    617 
  44   32    29    756 
  44   33    12    309 
  44   34    11    283 
  44   35    10    270 
  44   36    12    314 
  44   37    26    686 
  44   38    16    420 
  44   39    30    788 
  44   40    18    484 
  44   41    13    351 
  44   42    27    713 
  44   43    14    367 
  44   44    19    502 
  44   45    10    272 
  44   46    27    699 
  44   47    31    797 
  44   48    19    512 
  44   49    31    800 
  45    0    18    462 
  45    1    28    732 
  45    2    13    353 
  45    3    19    505 
  45    4    14    362 
  45    5     9    238 
  45    6    16    411 
  45    7    22    568 
  45    8    25    667 
  45    9    16    433 
  45   10    19    491 
  45   11    30    782 
  45   12    21    556 
  45   13    20    521 
  45   14    26    673 
  45   15    15    400 
  45   16    17    460 
  45   17    11    291 
  45   18    13    351 
  45   19    20    526 
  45   20    16    426 
  45   21    30    785 
  45   22    14    366 
  45   23    26    672 
  45   24    16    416 
  45   25    21    563 
  45   26    24    633 
  45   27    19    511 
  45   28    14    372 
  45   29    12    333 
  45   30    15    385 
  45   31    17    440 
  45   32    28    731 
  45   33    27    711 
  45   34    28    729 
  45   35    29    752 
  45   36    23    601 
  45   37    11    306 
  45   38    22    571 
  45   39    21    544 
  45   40    10    276 
  45   41    18    474 
  45   42    23    613 
  45   43    13    352 
  45   44    11    293 
  45   45    27    698 
  45   46    24    619 
  45   47    16    435 
  45   48    21    562 
  45   49    21    561 
  46    0    29    759 
  46    1    23    607 
  46    2    16    428 
  46    3    27    711 
  46    4    21    561 
  46    5    28    740 
  46    6    25    648 
  46    7    21    544 
  46    8     9    235 
  46    9    26    681 
  46   10    23    611 
  46   11    12    328 
  46   12    22    585 
  46   13    27    694 
  46   14    22    577 
  46   15    31    799 
  46   16    24    635 
  46   17    20    519 
  46   18     8    220 
  46   19    26    678 
  46   20    13    355 
  46   21    22    577 
  46   22    10    263 
  46   23    18    464 
  46   24     7    204 
  46   25    20    533 
  46   26    25    643 
  46   27    12    325 
  46   28    18    467 
  46   29    13    350 
  46   30    12    328 
  46   31    28    720 
  46   32    13    352 
  46   33    24    634 
  46   34    20    537 
  46   35    21    553 
  46   36    21    549 
  46   37    15    405 
  46   38    27    718 
  46   39    25    650 
  46   40     8    208 
  46   41    23    608 
  46   42    21    542 
  46   43    18    468 
  46   44    10    266 
  46   45    22    565 
  46   46    17    454 
  46   47    11    297 
  46   48    25    662 
  46   49    28    732 
  47    0    15    399 
  47    1     9    231 
  47    2    19    513 
  47    3    12    315 
  47    4     7    204 
  47    5    11    298 
  47    6    22    584 
  47    7    27    699 
  47    8    17    439 
  47    9    20    536 
  47   10    18    480 
  47   11    21    558 
  47   12    23    614 
  47   13    26    672 
  47   14    13    352 
  47   15    25    663 
  47   16    24    625 
  47   17    18    479 
  47   18     9    232 
  47   19    24    629 
  47   20    29    761 
  47   21    11    307 
  47   22     7    200 
  47   23    30    783 
  47   24     8    220 
  47   25    11    306 
  47   26     9    233 
  47   27    17    445 
  47   28    16    417 
  47   29    14    361 
  47   30     9    234 
  47   31    11    291 
  47   32    22    586 
  47   33    16    424 
  47   34    15    386 
  47   35    10    279 
  47   36    29    768 
  47   37    29    760 
  47   38    26    674 
  47   39    25    653 
  47   40    27    702 
  47   41    20    533 
  47   42    18    462 
  47   43    10    262 
  47   44    26    674 
  47   45    25    656 
  47   46    28    733 
  47   47     9    240 
  47   48    12    317 
  47   49    19    498 
  48    0     8    221 
  48    1    10    269 
  48    2    17    458 
  48    3    18    478 
  48    4    17    441 
  48    5    12    323 
  48    6    26    690 
  48    7    19    492 
  48    8    31    798 
  48    9    26    691 
  48   10    28    722 
  48   11    12    314 
  48   12    30    788 
  48   13    11    300 
  48   14    10    273 
  48   15    17    444 
  48   16    13    341 
  48   17    11    299 
  48   18    27    705 
  48   19     9    251 
  48   20     8    207 
  48   21    22    576 
  48   22    13    353 
  48   23    21    557 
  48   24    24    635 
  48   25    25    655 
  48   26     9    250 
  48   27    24    622 
  48   28    20    531 
  48   29    20    515 
  48   30    30    775 
  48   31    18    487 
  48   32    13    349 
  48   33    29    750 
  48   34    13    349 
  48   35    11    297 
  48   36    20    537 
  48   37    29    759 
  48   38    23    607 
  48   39    11    287 
  48   40    22    581 
  48   41    26    675 
  48   42    11    283 
  48   43    27    708 
  48   44    29    764 
  48   45    17    441 
  48   46    19    512 
  48   47    10    257 
  48   48    11    305 
  48   49    17    449 
  49    0    30    770 
  49    1    19    492 
  49    2    17    440 
  49    3    28    739 
  49    4    30    788 
  49    5    28    720 
  49    6    17    445 
  49    7    30    778 
  49    8    30    774 
  49    9     8    206 
  49   10    22    567 
  49   11    11    298 
  49   12    19    511 
  49   13    30    791 
  49   14    10    273 
  49   15    18    483 
  49   16     7    203 
  49   17    18    465 
  49   18    14    362 
  49   19    18    475 
  49   20    18    473 
  49   21    13    339 
  49   22    28    740 
  49   23    11    305 
  49   24    13    359 
  49   25    11    289 
  49   26    13    355 
  49   27    18    484 
  49   28    22    570 
  49   29    21    561 
  49   30    11    289 
  49   31    17    451 
  49   32    15    403 
  49   33    31    796 
  49   34    18    463 
  49   35    21    562 
  49   36    28    729 
  49   37    26    687 
  49   38    25    647 
  49   39     8    230 
  49   40    11    300 
  49   41    22    584 
  49   42    16    434 
  49   43    23    607 
  49   44    18    485 
  49   45    27    710 
  49   46    27    696 
  49   47    30    787 
  49   48    12    332 
  49   49    16    424 
