 50
 50

    7
   17
    8
    4
    3
   15
    6
    4
   13
   20
    7
   20
    3
   15
   13
   10
    2
    7
    2
    5
   15
   14
   10
    5
   16
   14
   13
   20
   18
    9
    7
   17
   14
   17
    9
    6
    8
    3
    4
    9
    6
    9
   14
   12
    7
    3
   19
    3
   18
   10

    8
    1
   14
    4
   15
   19
    1
   14
   15
   15
   17
    3
    9
   10
    2
    1
   20
   11
   20
   15
    5
   10
   18
   13
    4
   17
   15
   14
    1
   19
   19
   18
    9
   14
    6
    4
    9
    6
    6
    3
    3
   14
   19
    1
    4
    7
   13
    3
   13
    9

   0    0    30    793 
   0    1     8    212 
   0    2    27    697 
   0    3    27    713 
   0    4    21    565 
   0    5    27    697 
   0    6    27    696 
   0    7    27    702 
   0    8    27    712 
   0    9    11    297 
   0   10    10    274 
   0   11    15    388 
   0   12    23    596 
   0   13    30    795 
   0   14    10    274 
   0   15    25    656 
   0   16    10    281 
   0   17    10    265 
   0   18     8    220 
   0   19    15    391 
   0   20    16    420 
   0   21    28    725 
   0   22    20    538 
   0   23     9    254 
   0   24    19    505 
   0   25    28    724 
   0   26     7    200 
   0   27    12    311 
   0   28    14    370 
   0   29    17    457 
   0   30    12    330 
   0   31    29    767 
   0   32    24    620 
   0   33    21    557 
   0   34    11    290 
   0   35    18    467 
   0   36    17    438 
   0   37    26    691 
   0   38    24    643 
   0   39    30    781 
   0   40    27    715 
   0   41     8    230 
   0   42    23    618 
   0   43    26    675 
   0   44    12    321 
   0   45    24    625 
   0   46    21    549 
   0   47    12    319 
   0   48    20    540 
   0   49    27    703 
   1    0    30    796 
   1    1    13    360 
   1    2    16    430 
   1    3    25    649 
   1    4    10    259 
   1    5    27    718 
   1    6    17    444 
   1    7    19    501 
   1    8     8    228 
   1    9    25    657 
   1   10     9    232 
   1   11    18    465 
   1   12    28    726 
   1   13    26    684 
   1   14    11    298 
   1   15    16    414 
   1   16    24    640 
   1   17    25    668 
   1   18    19    493 
   1   19    26    691 
   1   20    28    733 
   1   21    19    496 
   1   22    15    397 
   1   23    12    322 
   1   24    30    787 
   1   25    23    593 
   1   26    19    511 
   1   27    25    653 
   1   28    30    791 
   1   29    18    478 
   1   30    21    550 
   1   31    13    349 
   1   32    20    531 
   1   33     7    203 
   1   34    29    767 
   1   35    29    771 
   1   36    24    640 
   1   37     9    253 
   1   38    29    760 
   1   39     8    216 
   1   40    25    659 
   1   41    16    433 
   1   42    28    742 
   1   43    29    749 
   1   44    18    487 
   1   45    22    572 
   1   46    23    618 
   1   47    27    721 
   1   48     9    232 
   1   49    31    800 
   2    0     9    252 
   2    1    15    399 
   2    2    26    694 
   2    3    16    435 
   2    4    15    409 
   2    5     8    226 
   2    6    27    705 
   2    7    30    775 
   2    8    22    568 
   2    9    27    707 
   2   10    26    673 
   2   11    25    664 
   2   12    10    261 
   2   13    13    358 
   2   14    19    515 
   2   15     9    247 
   2   16    16    435 
   2   17    20    532 
   2   18    18    471 
   2   19    15    405 
   2   20    29    769 
   2   21    18    475 
   2   22    10    258 
   2   23    26    695 
   2   24    25    655 
   2   25    26    689 
   2   26    24    621 
   2   27    16    425 
   2   28    25    663 
   2   29    29    765 
   2   30    26    694 
   2   31    10    281 
   2   32    23    609 
   2   33    18    486 
   2   34    20    523 
   2   35    28    730 
   2   36     8    218 
   2   37    13    354 
   2   38    26    694 
   2   39    22    583 
   2   40    24    642 
   2   41    13    349 
   2   42    29    760 
   2   43     8    216 
   2   44    21    555 
   2   45    10    267 
   2   46    19    508 
   2   47    19    490 
   2   48    18    473 
   2   49    21    546 
   3    0    24    640 
   3    1    27    697 
   3    2    27    716 
   3    3    11    290 
   3    4    13    355 
   3    5    12    313 
   3    6    14    365 
   3    7    10    266 
   3    8    12    311 
   3    9    27    696 
   3   10    28    735 
   3   11    21    562 
   3   12    29    757 
   3   13    22    580 
   3   14    23    600 
   3   15    25    649 
   3   16    29    768 
   3   17    24    632 
   3   18    22    588 
   3   19    14    383 
   3   20    12    322 
   3   21     8    225 
   3   22     8    220 
   3   23    23    604 
   3   24    25    656 
   3   25    12    333 
   3   26    21    556 
   3   27    12    313 
   3   28    24    641 
   3   29    10    263 
   3   30    22    575 
   3   31     9    249 
   3   32    19    497 
   3   33    18    479 
   3   34    12    317 
   3   35    23    606 
   3   36     9    247 
   3   37     8    208 
   3   38     9    234 
   3   39    15    400 
   3   40    20    522 
   3   41    26    673 
   3   42    11    295 
   3   43    25    653 
   3   44    18    489 
   3   45    25    666 
   3   46    12    320 
   3   47    13    350 
   3   48    19    495 
   3   49    27    713 
   4    0    18    473 
   4    1    28    722 
   4    2    18    470 
   4    3    16    420 
   4    4    29    770 
   4    5    28    745 
   4    6     9    257 
   4    7    20    533 
   4    8    13    344 
   4    9    25    658 
   4   10    11    294 
   4   11    23    607 
   4   12    13    350 
   4   13    11    306 
   4   14    10    258 
   4   15    24    628 
   4   16     8    219 
   4   17    16    432 
   4   18    22    568 
   4   19    24    634 
   4   20    17    454 
   4   21     7    206 
   4   22    26    680 
   4   23    13    359 
   4   24    12    334 
   4   25    30    791 
   4   26    13    356 
   4   27    26    671 
   4   28    14    380 
   4   29    20    540 
   4   30    30    787 
   4   31    27    717 
   4   32    16    414 
   4   33    30    783 
   4   34    12    323 
   4   35    13    356 
   4   36    25    665 
   4   37    13    357 
   4   38    24    639 
   4   39    26    681 
   4   40    13    360 
   4   41    14    386 
   4   42    29    757 
   4   43    27    718 
   4   44     8    208 
   4   45    30    778 
   4   46    16    433 
   4   47    13    360 
   4   48    21    542 
   4   49    17    448 
   5    0    23    598 
   5    1    22    574 
   5    2     9    247 
   5    3    12    313 
   5    4    29    769 
   5    5    16    426 
   5    6    27    713 
   5    7    10    283 
   5    8    27    698 
   5    9    13    346 
   5   10    15    390 
   5   11    26    678 
   5   12    24    638 
   5   13    30    796 
   5   14    26    679 
   5   15    16    423 
   5   16    16    433 
   5   17    12    327 
   5   18    22    573 
   5   19    31    799 
   5   20    16    428 
   5   21    17    446 
   5   22    17    461 
   5   23    21    542 
   5   24    28    741 
   5   25    23    614 
   5   26    17    449 
   5   27     9    235 
   5   28    10    283 
   5   29    17    444 
   5   30     8    218 
   5   31    11    287 
   5   32    23    616 
   5   33    17    461 
   5   34     9    235 
   5   35    28    746 
   5   36    18    487 
   5   37    27    715 
   5   38    28    736 
   5   39    16    420 
   5   40    27    710 
   5   41    11    291 
   5   42    17    447 
   5   43    21    561 
   5   44     7    202 
   5   45     9    248 
   5   46    26    695 
   5   47     8    227 
   5   48    20    518 
   5   49    21    564 
   6    0    17    444 
   6    1    29    763 
   6    2    24    631 
   6    3    30    790 
   6    4    11    285 
   6    5    10    262 
   6    6    23    604 
   6    7    10    273 
   6    8    26    683 
   6    9    20    537 
   6   10    20    536 
   6   11     8    223 
   6   12    25    655 
   6   13    24    624 
   6   14    16    434 
   6   15    24    635 
   6   16    12    326 
   6   17    24    643 
   6   18    25    661 
   6   19    11    301 
   6   20    24    639 
   6   21     9    247 
   6   22    25    664 
   6   23    16    436 
   6   24     9    251 
   6   25    21    561 
   6   26    19    495 
   6   27    11    289 
   6   28    20    534 
   6   29    15    388 
   6   30    29    772 
   6   31    25    655 
   6   32    17    460 
   6   33    17    457 
   6   34    16    433 
   6   35    25    646 
   6   36    26    693 
   6   37    11    299 
   6   38    30    791 
   6   39    18    468 
   6   40    14    381 
   6   41    11    303 
   6   42    28    723 
   6   43    26    674 
   6   44    10    273 
   6   45    19    515 
   6   46    22    576 
   6   47    18    479 
   6   48    12    318 
   6   49    26    679 
   7    0    11    296 
   7    1    14    382 
   7    2    16    415 
   7    3    18    476 
   7    4    24    626 
   7    5    24    619 
   7    6    22    589 
   7    7    29    757 
   7    8    27    711 
   7    9    26    686 
   7   10    23    597 
   7   11    24    626 
   7   12    21    557 
   7   13    14    379 
   7   14    13    346 
   7   15    14    373 
   7   16    18    485 
   7   17    20    527 
   7   18     8    210 
   7   19    26    673 
   7   20    27    706 
   7   21    28    728 
   7   22    29    758 
   7   23    19    502 
   7   24    11    302 
   7   25    26    691 
   7   26    10    282 
   7   27    14    372 
   7   28    30    786 
   7   29    20    539 
   7   30    20    521 
   7   31    11    301 
   7   32    19    515 
   7   33    19    499 
   7   34    27    702 
   7   35    29    748 
   7   36    29    772 
   7   37    25    663 
   7   38    25    644 
   7   39    14    368 
   7   40    24    625 
   7   41    16    433 
   7   42    29    755 
   7   43     8    214 
   7   44    12    315 
   7   45    27    708 
   7   46    14    370 
   7   47    28    741 
   7   48    19    504 
   7   49    16    436 
   8    0    26    670 
   8    1    27    697 
   8    2    28    723 
   8    3     8    230 
   8    4    18    486 
   8    5    13    351 
   8    6    20    538 
   8    7     7    202 
   8    8    16    417 
   8    9    17    448 
   8   10    13    342 
   8   11    25    666 
   8   12    20    532 
   8   13    30    783 
   8   14    21    541 
   8   15    19    513 
   8   16    14    380 
   8   17    23    597 
   8   18     9    240 
   8   19    10    271 
   8   20    27    718 
   8   21    14    386 
   8   22    10    277 
   8   23    26    675 
   8   24    12    325 
   8   25    28    726 
   8   26     9    251 
   8   27    15    400 
   8   28    26    687 
   8   29    22    587 
   8   30    30    786 
   8   31    30    778 
   8   32    15    402 
   8   33    16    415 
   8   34    30    777 
   8   35    17    459 
   8   36    10    265 
   8   37    10    267 
   8   38    21    560 
   8   39    27    712 
   8   40    29    747 
   8   41    11    290 
   8   42    16    435 
   8   43    25    645 
   8   44    17    463 
   8   45    27    705 
   8   46     8    229 
   8   47    29    747 
   8   48    18    487 
   8   49    11    289 
   9    0    14    366 
   9    1    24    622 
   9    2    15    398 
   9    3    14    366 
   9    4    22    573 
   9    5     9    247 
   9    6    18    468 
   9    7    21    545 
   9    8    28    739 
   9    9    22    579 
   9   10    16    424 
   9   11    17    450 
   9   12    15    403 
   9   13    19    506 
   9   14    29    754 
   9   15    13    339 
   9   16    24    626 
   9   17    28    744 
   9   18    14    371 
   9   19    14    378 
   9   20    14    363 
   9   21    19    498 
   9   22     8    209 
   9   23    17    460 
   9   24    22    590 
   9   25    30    793 
   9   26    23    600 
   9   27    29    765 
   9   28    10    274 
   9   29    12    329 
   9   30    22    592 
   9   31    10    268 
   9   32    19    504 
   9   33    16    425 
   9   34    13    360 
   9   35    15    408 
   9   36    23    597 
   9   37    30    789 
   9   38    21    560 
   9   39    13    349 
   9   40    17    454 
   9   41    18    470 
   9   42    17    452 
   9   43    10    269 
   9   44    19    498 
   9   45    19    493 
   9   46    28    742 
   9   47     8    221 
   9   48    28    739 
   9   49    13    347 
  10    0    26    679 
  10    1    20    522 
  10    2     8    207 
  10    3    23    618 
  10    4    18    476 
  10    5    20    529 
  10    6    28    727 
  10    7    19    501 
  10    8     8    228 
  10    9    17    453 
  10   10    29    748 
  10   11    12    332 
  10   12    25    649 
  10   13     9    249 
  10   14    27    720 
  10   15    14    383 
  10   16    10    280 
  10   17    25    663 
  10   18    23    612 
  10   19    26    687 
  10   20    26    676 
  10   21    25    663 
  10   22    10    272 
  10   23    17    461 
  10   24    22    587 
  10   25    11    291 
  10   26    14    361 
  10   27    18    474 
  10   28    23    601 
  10   29    23    596 
  10   30     7    204 
  10   31    22    581 
  10   32    14    378 
  10   33    20    538 
  10   34    13    359 
  10   35    28    732 
  10   36    11    284 
  10   37    30    796 
  10   38    12    327 
  10   39     9    239 
  10   40    24    636 
  10   41    18    489 
  10   42    19    501 
  10   43    14    380 
  10   44    23    599 
  10   45    13    358 
  10   46    24    641 
  10   47    10    272 
  10   48    24    633 
  10   49    26    681 
  11    0    21    548 
  11    1    21    559 
  11    2    23    594 
  11    3    26    674 
  11    4    13    345 
  11    5    21    559 
  11    6    22    586 
  11    7    30    791 
  11    8     7    205 
  11    9    10    272 
  11   10    12    323 
  11   11    25    664 
  11   12    12    334 
  11   13    22    573 
  11   14    13    344 
  11   15    11    286 
  11   16    27    699 
  11   17    10    274 
  11   18    30    794 
  11   19    19    513 
  11   20    29    758 
  11   21    29    752 
  11   22    24    623 
  11   23    15    388 
  11   24    17    453 
  11   25    19    499 
  11   26    29    772 
  11   27    12    332 
  11   28    22    575 
  11   29    27    717 
  11   30    11    296 
  11   31    12    323 
  11   32    11    286 
  11   33    17    459 
  11   34    29    764 
  11   35    23    612 
  11   36    11    305 
  11   37    16    418 
  11   38    25    668 
  11   39     9    237 
  11   40    29    767 
  11   41    27    717 
  11   42    22    572 
  11   43    24    643 
  11   44    30    777 
  11   45    11    299 
  11   46    16    429 
  11   47    19    515 
  11   48    20    534 
  11   49    21    545 
  12    0    20    516 
  12    1    12    316 
  12    2     8    230 
  12    3    11    287 
  12    4    14    365 
  12    5    10    263 
  12    6    22    587 
  12    7    30    776 
  12    8    13    336 
  12    9    13    348 
  12   10    14    370 
  12   11    16    417 
  12   12    16    433 
  12   13    25    650 
  12   14    12    313 
  12   15    21    558 
  12   16    30    792 
  12   17    23    604 
  12   18     7    206 
  12   19     8    224 
  12   20    14    362 
  12   21    16    417 
  12   22    15    388 
  12   23    10    269 
  12   24    19    513 
  12   25    26    672 
  12   26    25    660 
  12   27     9    243 
  12   28    27    709 
  12   29    19    508 
  12   30    12    331 
  12   31    22    587 
  12   32    28    726 
  12   33    26    682 
  12   34    26    670 
  12   35    25    658 
  12   36     9    236 
  12   37    10    282 
  12   38    22    577 
  12   39     8    217 
  12   40    23    597 
  12   41    28    741 
  12   42    23    606 
  12   43    30    777 
  12   44    23    610 
  12   45    13    344 
  12   46    18    468 
  12   47    19    490 
  12   48    22    588 
  12   49    22    590 
  13    0    21    554 
  13    1    26    671 
  13    2    23    603 
  13    3    16    422 
  13    4    13    337 
  13    5    20    538 
  13    6    11    297 
  13    7    27    704 
  13    8    30    791 
  13    9    21    560 
  13   10    10    263 
  13   11    29    751 
  13   12    30    791 
  13   13    25    650 
  13   14    24    624 
  13   15    29    753 
  13   16     8    220 
  13   17    11    291 
  13   18     8    214 
  13   19    21    553 
  13   20    25    652 
  13   21    22    580 
  13   22    20    525 
  13   23    30    795 
  13   24    30    773 
  13   25    14    364 
  13   26    22    591 
  13   27    18    488 
  13   28    22    570 
  13   29    12    318 
  13   30    29    761 
  13   31    15    405 
  13   32    28    733 
  13   33    24    638 
  13   34    28    724 
  13   35    10    259 
  13   36    27    716 
  13   37    18    479 
  13   38    15    406 
  13   39     9    246 
  13   40    22    569 
  13   41    15    397 
  13   42    16    431 
  13   43     9    235 
  13   44    20    533 
  13   45    20    532 
  13   46    26    684 
  13   47    16    429 
  13   48    29    763 
  13   49    10    264 
  14    0    18    474 
  14    1    25    665 
  14    2    16    417 
  14    3    28    733 
  14    4    24    624 
  14    5    10    266 
  14    6    18    468 
  14    7    17    448 
  14    8    13    341 
  14    9    26    677 
  14   10    27    703 
  14   11    27    716 
  14   12    28    736 
  14   13    12    325 
  14   14    11    292 
  14   15    15    397 
  14   16     8    229 
  14   17     8    219 
  14   18    13    349 
  14   19    13    340 
  14   20    29    766 
  14   21     8    215 
  14   22    27    706 
  14   23    26    692 
  14   24    14    377 
  14   25    24    643 
  14   26     8    219 
  14   27    14    375 
  14   28    30    795 
  14   29    26    679 
  14   30    25    659 
  14   31    13    360 
  14   32    18    481 
  14   33    30    778 
  14   34    25    660 
  14   35     8    212 
  14   36    21    553 
  14   37    22    580 
  14   38    24    628 
  14   39    26    690 
  14   40    12    316 
  14   41    20    527 
  14   42    23    615 
  14   43    16    413 
  14   44    22    580 
  14   45    30    784 
  14   46    14    376 
  14   47    29    755 
  14   48    13    343 
  14   49    25    645 
  15    0    29    756 
  15    1    28    744 
  15    2    17    456 
  15    3    16    430 
  15    4     9    246 
  15    5    29    770 
  15    6    13    357 
  15    7    27    704 
  15    8     7    201 
  15    9    16    416 
  15   10    23    606 
  15   11     8    223 
  15   12    21    550 
  15   13    24    634 
  15   14     8    211 
  15   15    17    448 
  15   16    12    316 
  15   17    17    443 
  15   18    11    305 
  15   19    23    600 
  15   20    20    521 
  15   21    15    398 
  15   22     9    255 
  15   23    21    543 
  15   24    13    349 
  15   25    22    576 
  15   26    28    722 
  15   27    11    304 
  15   28    29    752 
  15   29    26    677 
  15   30    26    685 
  15   31    25    649 
  15   32    16    433 
  15   33    24    629 
  15   34    15    406 
  15   35    11    287 
  15   36    17    458 
  15   37    19    495 
  15   38    20    538 
  15   39    24    634 
  15   40    19    499 
  15   41    15    405 
  15   42    16    435 
  15   43    13    339 
  15   44    21    554 
  15   45    28    734 
  15   46    16    419 
  15   47    18    488 
  15   48    16    418 
  15   49     8    226 
  16    0    19    515 
  16    1    10    258 
  16    2    16    414 
  16    3    11    300 
  16    4    28    727 
  16    5    25    652 
  16    6     8    213 
  16    7    26    687 
  16    8    28    743 
  16    9     8    229 
  16   10    16    434 
  16   11    10    261 
  16   12    17    451 
  16   13    10    282 
  16   14    20    517 
  16   15    30    773 
  16   16    14    384 
  16   17    10    282 
  16   18    13    344 
  16   19    11    286 
  16   20    13    347 
  16   21    13    360 
  16   22    30    793 
  16   23    28    731 
  16   24    11    304 
  16   25    25    660 
  16   26    25    644 
  16   27    11    296 
  16   28    22    569 
  16   29    29    763 
  16   30    29    748 
  16   31    21    566 
  16   32    27    715 
  16   33    21    559 
  16   34    16    421 
  16   35    30    798 
  16   36    26    672 
  16   37    30    782 
  16   38    18    466 
  16   39    11    292 
  16   40    21    559 
  16   41    10    281 
  16   42    24    634 
  16   43    15    400 
  16   44    22    578 
  16   45    30    797 
  16   46    13    350 
  16   47    10    266 
  16   48     7    206 
  16   49    27    697 
  17    0    30    793 
  17    1    30    787 
  17    2    24    641 
  17    3    27    721 
  17    4    29    747 
  17    5    27    696 
  17    6    24    621 
  17    7    15    396 
  17    8    22    583 
  17    9    24    636 
  17   10    12    326 
  17   11    22    592 
  17   12    30    779 
  17   13    28    729 
  17   14    15    400 
  17   15     8    228 
  17   16    28    740 
  17   17    26    684 
  17   18    16    433 
  17   19    10    281 
  17   20    17    459 
  17   21    19    514 
  17   22    28    727 
  17   23    25    650 
  17   24    10    270 
  17   25    18    486 
  17   26    13    348 
  17   27    17    439 
  17   28    16    426 
  17   29    26    693 
  17   30    12    329 
  17   31     9    246 
  17   32    29    762 
  17   33    29    769 
  17   34    25    648 
  17   35    18    466 
  17   36    11    289 
  17   37    10    267 
  17   38    24    633 
  17   39    15    404 
  17   40    22    586 
  17   41    24    627 
  17   42    28    734 
  17   43    19    493 
  17   44     9    252 
  17   45    14    385 
  17   46    15    393 
  17   47    23    606 
  17   48    20    529 
  17   49     7    200 
  18    0     9    240 
  18    1    23    615 
  18    2    15    411 
  18    3    30    791 
  18    4    14    363 
  18    5    17    455 
  18    6     8    228 
  18    7    26    675 
  18    8    30    787 
  18    9    29    770 
  18   10    12    332 
  18   11    15    411 
  18   12    14    370 
  18   13    29    752 
  18   14    30    785 
  18   15    17    454 
  18   16    28    739 
  18   17    28    745 
  18   18    20    528 
  18   19    28    730 
  18   20    19    495 
  18   21    19    493 
  18   22    13    350 
  18   23    10    277 
  18   24    24    631 
  18   25    25    668 
  18   26    26    688 
  18   27    30    784 
  18   28    23    616 
  18   29    17    443 
  18   30     9    256 
  18   31    29    748 
  18   32    21    551 
  18   33     8    215 
  18   34     7    205 
  18   35    12    311 
  18   36    16    427 
  18   37    30    796 
  18   38    11    296 
  18   39    19    514 
  18   40    25    664 
  18   41    26    686 
  18   42    19    494 
  18   43    20    529 
  18   44    11    301 
  18   45    23    610 
  18   46    24    639 
  18   47    23    595 
  18   48    20    518 
  18   49    12    329 
  19    0    16    434 
  19    1    15    403 
  19    2    17    459 
  19    3    13    340 
  19    4    25    649 
  19    5    29    757 
  19    6    23    600 
  19    7    29    770 
  19    8    20    530 
  19    9    21    546 
  19   10    29    751 
  19   11    18    473 
  19   12     8    213 
  19   13    12    318 
  19   14    30    797 
  19   15    10    282 
  19   16    12    330 
  19   17    19    494 
  19   18    27    721 
  19   19     9    240 
  19   20    13    350 
  19   21    14    365 
  19   22    19    492 
  19   23     9    255 
  19   24    17    455 
  19   25    19    498 
  19   26    27    713 
  19   27    19    490 
  19   28    20    526 
  19   29    13    339 
  19   30    28    729 
  19   31    15    391 
  19   32    18    473 
  19   33    29    751 
  19   34    19    508 
  19   35    14    377 
  19   36    20    535 
  19   37    27    711 
  19   38    17    456 
  19   39    16    422 
  19   40    14    369 
  19   41    19    499 
  19   42     9    237 
  19   43    14    386 
  19   44    18    485 
  19   45    18    467 
  19   46    11    293 
  19   47    18    472 
  19   48    11    287 
  19   49    26    680 
  20    0     7    206 
  20    1    31    800 
  20    2    28    738 
  20    3    19    501 
  20    4    26    671 
  20    5    18    488 
  20    6    11    286 
  20    7    27    720 
  20    8    29    752 
  20    9    11    301 
  20   10    30    785 
  20   11    12    334 
  20   12     7    203 
  20   13    12    326 
  20   14    16    436 
  20   15    21    558 
  20   16    25    666 
  20   17    24    619 
  20   18    15    399 
  20   19    21    548 
  20   20    21    556 
  20   21    30    790 
  20   22    15    409 
  20   23    12    333 
  20   24    12    330 
  20   25    24    624 
  20   26    27    721 
  20   27    21    566 
  20   28    15    388 
  20   29    19    492 
  20   30    19    496 
  20   31    13    354 
  20   32    22    575 
  20   33    16    436 
  20   34    15    403 
  20   35    22    578 
  20   36    22    573 
  20   37    10    273 
  20   38    13    349 
  20   39    30    773 
  20   40     9    236 
  20   41    28    734 
  20   42    24    634 
  20   43     8    218 
  20   44    25    663 
  20   45    16    414 
  20   46    16    433 
  20   47     9    242 
  20   48    15    403 
  20   49    23    607 
  21    0    28    743 
  21    1    13    348 
  21    2     8    229 
  21    3    12    319 
  21    4    10    258 
  21    5    28    741 
  21    6    21    557 
  21    7    23    612 
  21    8    26    677 
  21    9    10    262 
  21   10    18    488 
  21   11    13    336 
  21   12    28    730 
  21   13     9    236 
  21   14    22    588 
  21   15    23    612 
  21   16     8    228 
  21   17    28    734 
  21   18    15    399 
  21   19    24    643 
  21   20    14    386 
  21   21    13    350 
  21   22     7    202 
  21   23     8    207 
  21   24    13    341 
  21   25    18    478 
  21   26    28    738 
  21   27    26    675 
  21   28     9    238 
  21   29    23    596 
  21   30    16    435 
  21   31    25    665 
  21   32    27    711 
  21   33    13    358 
  21   34     8    208 
  21   35    18    484 
  21   36    15    390 
  21   37    15    390 
  21   38     7    202 
  21   39    19    503 
  21   40     8    220 
  21   41    22    567 
  21   42     8    224 
  21   43    11    309 
  21   44    28    739 
  21   45    22    567 
  21   46     8    224 
  21   47    31    799 
  21   48    11    289 
  21   49    30    777 
  22    0     9    237 
  22    1    19    510 
  22    2    26    690 
  22    3    15    411 
  22    4     9    242 
  22    5    24    635 
  22    6    23    599 
  22    7    24    619 
  22    8    29    751 
  22    9    19    498 
  22   10    29    754 
  22   11    26    674 
  22   12    13    345 
  22   13    13    357 
  22   14    17    450 
  22   15    19    498 
  22   16    20    536 
  22   17    13    354 
  22   18    24    631 
  22   19    28    729 
  22   20    26    681 
  22   21    12    317 
  22   22    21    554 
  22   23    15    394 
  22   24    12    320 
  22   25    28    741 
  22   26     9    254 
  22   27    29    757 
  22   28    28    735 
  22   29    25    653 
  22   30    30    797 
  22   31    17    452 
  22   32    13    350 
  22   33    11    303 
  22   34    25    647 
  22   35    18    488 
  22   36    23    593 
  22   37    29    772 
  22   38    15    405 
  22   39    27    707 
  22   40    24    621 
  22   41     9    239 
  22   42    19    511 
  22   43    20    536 
  22   44    24    621 
  22   45    12    316 
  22   46     9    238 
  22   47    13    335 
  22   48    21    545 
  22   49    20    538 
  23    0    30    787 
  23    1    11    290 
  23    2    28    736 
  23    3    21    546 
  23    4    10    273 
  23    5    25    650 
  23    6    30    782 
  23    7    17    444 
  23    8    29    760 
  23    9    12    311 
  23   10    14    386 
  23   11    11    298 
  23   12    23    611 
  23   13    11    296 
  23   14    13    338 
  23   15    18    472 
  23   16    30    795 
  23   17    20    518 
  23   18    12    334 
  23   19    28    728 
  23   20    27    697 
  23   21    16    428 
  23   22    17    445 
  23   23    30    798 
  23   24    26    684 
  23   25    23    617 
  23   26    25    650 
  23   27    17    445 
  23   28    18    464 
  23   29     8    228 
  23   30    25    656 
  23   31    16    416 
  23   32    25    669 
  23   33    27    701 
  23   34    27    699 
  23   35    13    344 
  23   36     9    252 
  23   37    15    397 
  23   38    12    332 
  23   39    14    371 
  23   40    16    428 
  23   41    10    283 
  23   42    21    542 
  23   43    11    300 
  23   44    29    764 
  23   45     8    230 
  23   46    21    552 
  23   47    10    266 
  23   48    29    765 
  23   49     8    214 
  24    0    16    418 
  24    1    29    768 
  24    2    16    430 
  24    3    23    602 
  24    4    10    258 
  24    5    17    438 
  24    6    24    622 
  24    7     9    241 
  24    8    27    721 
  24    9    18    484 
  24   10    17    452 
  24   11     8    210 
  24   12    22    573 
  24   13    23    594 
  24   14    23    613 
  24   15    14    362 
  24   16    23    602 
  24   17    31    799 
  24   18    20    534 
  24   19    15    410 
  24   20    22    581 
  24   21     9    246 
  24   22    26    675 
  24   23    13    356 
  24   24    29    758 
  24   25    30    779 
  24   26    13    358 
  24   27    14    372 
  24   28    26    683 
  24   29    17    447 
  24   30    28    740 
  24   31    22    582 
  24   32    12    327 
  24   33    28    737 
  24   34    29    760 
  24   35    30    778 
  24   36     9    242 
  24   37    15    398 
  24   38     9    256 
  24   39    12    312 
  24   40    11    307 
  24   41    25    645 
  24   42    21    549 
  24   43     8    221 
  24   44    21    546 
  24   45    30    788 
  24   46    25    649 
  24   47    18    479 
  24   48    22    576 
  24   49    18    489 
  25    0    15    409 
  25    1    20    533 
  25    2    24    624 
  25    3    28    732 
  25    4     8    231 
  25    5    10    277 
  25    6    14    373 
  25    7    21    547 
  25    8    14    382 
  25    9    19    511 
  25   10    10    279 
  25   11    22    573 
  25   12    23    594 
  25   13    23    599 
  25   14    29    759 
  25   15    12    323 
  25   16    23    601 
  25   17    29    756 
  25   18    20    523 
  25   19    17    450 
  25   20    26    670 
  25   21    24    619 
  25   22    14    386 
  25   23    15    406 
  25   24    12    322 
  25   25    29    760 
  25   26    26    681 
  25   27    28    739 
  25   28    30    785 
  25   29    20    519 
  25   30    29    769 
  25   31    20    524 
  25   32    18    478 
  25   33     7    204 
  25   34    26    671 
  25   35    27    714 
  25   36    18    471 
  25   37    18    482 
  25   38    22    570 
  25   39    13    349 
  25   40    29    760 
  25   41    13    340 
  25   42    12    322 
  25   43    21    541 
  25   44    18    469 
  25   45     8    221 
  25   46    16    423 
  25   47    23    598 
  25   48    18    464 
  25   49    21    553 
  26    0    30    797 
  26    1    25    653 
  26    2    20    522 
  26    3    29    759 
  26    4     9    234 
  26    5    23    601 
  26    6    13    337 
  26    7    28    744 
  26    8    26    688 
  26    9    29    759 
  26   10    26    693 
  26   11    12    326 
  26   12    17    458 
  26   13    15    392 
  26   14    21    561 
  26   15    24    622 
  26   16    20    535 
  26   17    20    537 
  26   18    13    343 
  26   19    11    296 
  26   20    17    463 
  26   21    18    483 
  26   22    13    348 
  26   23    26    691 
  26   24    29    763 
  26   25     9    245 
  26   26    17    457 
  26   27    28    724 
  26   28    27    709 
  26   29    24    642 
  26   30    26    683 
  26   31    16    435 
  26   32    14    361 
  26   33    19    492 
  26   34    22    567 
  26   35    13    359 
  26   36    12    316 
  26   37    27    706 
  26   38    15    406 
  26   39     8    226 
  26   40    29    762 
  26   41    23    614 
  26   42    12    312 
  26   43    17    463 
  26   44    30    794 
  26   45    25    654 
  26   46    12    332 
  26   47    20    516 
  26   48    18    487 
  26   49    12    311 
  27    0    22    579 
  27    1    23    597 
  27    2    28    722 
  27    3     8    227 
  27    4     7    204 
  27    5    21    550 
  27    6    22    580 
  27    7    29    754 
  27    8    24    631 
  27    9    16    413 
  27   10    15    412 
  27   11    13    347 
  27   12     8    214 
  27   13    11    285 
  27   14    20    516 
  27   15    25    648 
  27   16    24    626 
  27   17    26    684 
  27   18    23    596 
  27   19    14    375 
  27   20    18    479 
  27   21    15    392 
  27   22    17    438 
  27   23    24    638 
  27   24    17    449 
  27   25    13    352 
  27   26    10    281 
  27   27    18    479 
  27   28    28    744 
  27   29    24    638 
  27   30    16    426 
  27   31    27    717 
  27   32    14    373 
  27   33    11    288 
  27   34    21    549 
  27   35    19    503 
  27   36    12    315 
  27   37    23    614 
  27   38    27    700 
  27   39     8    210 
  27   40    18    467 
  27   41    16    429 
  27   42    27    721 
  27   43    25    650 
  27   44    21    548 
  27   45    21    548 
  27   46    12    333 
  27   47    12    315 
  27   48    29    754 
  27   49    14    368 
  28    0    17    451 
  28    1    24    622 
  28    2    10    272 
  28    3    21    559 
  28    4    12    316 
  28    5    22    592 
  28    6    27    714 
  28    7    27    709 
  28    8    17    445 
  28    9    28    737 
  28   10    18    484 
  28   11    19    499 
  28   12    29    766 
  28   13    13    346 
  28   14    26    673 
  28   15    16    426 
  28   16    28    729 
  28   17    23    611 
  28   18     8    208 
  28   19    24    623 
  28   20    19    505 
  28   21    11    305 
  28   22    22    570 
  28   23    30    775 
  28   24    20    522 
  28   25    20    522 
  28   26    23    600 
  28   27    25    660 
  28   28    13    340 
  28   29     8    224 
  28   30    27    704 
  28   31    31    800 
  28   32    20    534 
  28   33    19    498 
  28   34    11    294 
  28   35    23    605 
  28   36    10    279 
  28   37    10    261 
  28   38    24    641 
  28   39     8    220 
  28   40    30    793 
  28   41    14    362 
  28   42    19    494 
  28   43    15    402 
  28   44    22    580 
  28   45     8    217 
  28   46    25    658 
  28   47    27    697 
  28   48    21    552 
  28   49    11    295 
  29    0    15    405 
  29    1     9    251 
  29    2    28    723 
  29    3    14    379 
  29    4    13    348 
  29    5    13    340 
  29    6     7    204 
  29    7    12    321 
  29    8    10    277 
  29    9    12    332 
  29   10    22    585 
  29   11    29    766 
  29   12     8    230 
  29   13    19    509 
  29   14    12    312 
  29   15    29    751 
  29   16    19    507 
  29   17    12    315 
  29   18    29    753 
  29   19    24    629 
  29   20    26    687 
  29   21    26    670 
  29   22     8    221 
  29   23    20    532 
  29   24    22    591 
  29   25    24    639 
  29   26    13    341 
  29   27    17    459 
  29   28    23    609 
  29   29    19    507 
  29   30    11    291 
  29   31    13    341 
  29   32    25    648 
  29   33    24    622 
  29   34    19    508 
  29   35    25    657 
  29   36    14    362 
  29   37    18    481 
  29   38    21    541 
  29   39    21    559 
  29   40     8    225 
  29   41    26    695 
  29   42    18    480 
  29   43    10    265 
  29   44     8    215 
  29   45    29    749 
  29   46     8    212 
  29   47    29    771 
  29   48    29    748 
  29   49    11    293 
  30    0    30    795 
  30    1    10    277 
  30    2    24    632 
  30    3    24    640 
  30    4    28    729 
  30    5    18    466 
  30    6    28    734 
  30    7    30    777 
  30    8    29    753 
  30    9    12    310 
  30   10     8    207 
  30   11    11    295 
  30   12     9    237 
  30   13    21    542 
  30   14     9    243 
  30   15    13    359 
  30   16    27    704 
  30   17    19    504 
  30   18    21    552 
  30   19    10    268 
  30   20    20    524 
  30   21    27    701 
  30   22    13    339 
  30   23    28    725 
  30   24    18    475 
  30   25    26    679 
  30   26    12    320 
  30   27     7    202 
  30   28    16    415 
  30   29    26    673 
  30   30    13    337 
  30   31     9    244 
  30   32    24    632 
  30   33    19    498 
  30   34    10    261 
  30   35    21    549 
  30   36    17    438 
  30   37    18    476 
  30   38    27    698 
  30   39    26    688 
  30   40    22    577 
  30   41    30    785 
  30   42    24    634 
  30   43    10    276 
  30   44    17    438 
  30   45     8    218 
  30   46    25    667 
  30   47    17    454 
  30   48    21    553 
  30   49    17    454 
  31    0    20    525 
  31    1    13    351 
  31    2    15    387 
  31    3    14    367 
  31    4    23    595 
  31    5    30    790 
  31    6    26    674 
  31    7    24    641 
  31    8    19    498 
  31    9    11    301 
  31   10    21    548 
  31   11    30    784 
  31   12    21    558 
  31   13    12    324 
  31   14    12    325 
  31   15    20    523 
  31   16     8    227 
  31   17    13    360 
  31   18     9    235 
  31   19    27    718 
  31   20    27    714 
  31   21    26    695 
  31   22    23    602 
  31   23    21    543 
  31   24    11    301 
  31   25    28    729 
  31   26    27    699 
  31   27    25    646 
  31   28    21    554 
  31   29    12    310 
  31   30    15    387 
  31   31    18    468 
  31   32    17    463 
  31   33    21    553 
  31   34    17    463 
  31   35    21    560 
  31   36    30    790 
  31   37    14    361 
  31   38    29    751 
  31   39    11    301 
  31   40    25    653 
  31   41    19    510 
  31   42    10    282 
  31   43    26    670 
  31   44    14    375 
  31   45    26    677 
  31   46    30    788 
  31   47    29    755 
  31   48     9    248 
  31   49    14    386 
  32    0    16    419 
  32    1    11    300 
  32    2    30    776 
  32    3    20    532 
  32    4    23    593 
  32    5    14    361 
  32    6    23    605 
  32    7     9    245 
  32    8    10    268 
  32    9    22    570 
  32   10    28    738 
  32   11    30    784 
  32   12    28    736 
  32   13     9    243 
  32   14    20    533 
  32   15    18    475 
  32   16    29    761 
  32   17    12    324 
  32   18    11    285 
  32   19    10    275 
  32   20     9    244 
  32   21    16    434 
  32   22    26    670 
  32   23    12    327 
  32   24    20    532 
  32   25    13    339 
  32   26    26    689 
  32   27    30    779 
  32   28    26    681 
  32   29    16    419 
  32   30    11    307 
  32   31    27    716 
  32   32    29    763 
  32   33    12    315 
  32   34    29    756 
  32   35    16    417 
  32   36    19    512 
  32   37    26    672 
  32   38    20    519 
  32   39    29    772 
  32   40    20    527 
  32   41    15    401 
  32   42    26    675 
  32   43    10    259 
  32   44     9    244 
  32   45    25    652 
  32   46     9    248 
  32   47    27    721 
  32   48    30    788 
  32   49    25    657 
  33    0    24    638 
  33    1    29    753 
  33    2    17    458 
  33    3    11    297 
  33    4    28    725 
  33    5     9    253 
  33    6    17    454 
  33    7    11    294 
  33    8    28    736 
  33    9    23    614 
  33   10    14    380 
  33   11     9    257 
  33   12    14    365 
  33   13    24    642 
  33   14    18    480 
  33   15    30    781 
  33   16    11    295 
  33   17    20    526 
  33   18    20    526 
  33   19    30    785 
  33   20    30    797 
  33   21    17    453 
  33   22     8    211 
  33   23    15    394 
  33   24    22    580 
  33   25    13    344 
  33   26    28    734 
  33   27    18    472 
  33   28    11    304 
  33   29    29    757 
  33   30    25    666 
  33   31    24    625 
  33   32    19    513 
  33   33    28    724 
  33   34    17    445 
  33   35    26    687 
  33   36    24    634 
  33   37    10    282 
  33   38    18    480 
  33   39     9    254 
  33   40    17    460 
  33   41    15    411 
  33   42    19    490 
  33   43    27    718 
  33   44    25    651 
  33   45    16    433 
  33   46    24    630 
  33   47    15    411 
  33   48    27    712 
  33   49    14    365 
  34    0    27    712 
  34    1    10    270 
  34    2    24    628 
  34    3     9    240 
  34    4    19    503 
  34    5    26    670 
  34    6    28    729 
  34    7    30    779 
  34    8    24    621 
  34    9    24    625 
  34   10    18    489 
  34   11    17    453 
  34   12    22    591 
  34   13    25    649 
  34   14    19    511 
  34   15    21    563 
  34   16    25    656 
  34   17    22    572 
  34   18    30    791 
  34   19    19    495 
  34   20    28    742 
  34   21    17    457 
  34   22    21    545 
  34   23    25    647 
  34   24     9    244 
  34   25    29    763 
  34   26    30    797 
  34   27    29    760 
  34   28     8    230 
  34   29    17    449 
  34   30    15    402 
  34   31    10    265 
  34   32    28    724 
  34   33     9    234 
  34   34    17    438 
  34   35     9    233 
  34   36    21    541 
  34   37    24    620 
  34   38    25    667 
  34   39    14    374 
  34   40    12    328 
  34   41    19    514 
  34   42    21    542 
  34   43    14    371 
  34   44     7    201 
  34   45    28    734 
  34   46    29    770 
  34   47    22    580 
  34   48    10    258 
  34   49    18    484 
  35    0    14    369 
  35    1    29    751 
  35    2    21    556 
  35    3    23    617 
  35    4    21    550 
  35    5    20    531 
  35    6    25    650 
  35    7    21    552 
  35    8    14    362 
  35    9    21    558 
  35   10    27    715 
  35   11     7    204 
  35   12    22    589 
  35   13     7    200 
  35   14    16    414 
  35   15    10    269 
  35   16    21    549 
  35   17    24    623 
  35   18    27    706 
  35   19    26    674 
  35   20    25    655 
  35   21     8    223 
  35   22    30    789 
  35   23    17    455 
  35   24    18    467 
  35   25    20    533 
  35   26    13    354 
  35   27    26    695 
  35   28    12    334 
  35   29    27    702 
  35   30    15    392 
  35   31    23    615 
  35   32    24    636 
  35   33    14    369 
  35   34    18    483 
  35   35    15    396 
  35   36     7    202 
  35   37    14    378 
  35   38    28    742 
  35   39    21    556 
  35   40    15    398 
  35   41    25    652 
  35   42    11    300 
  35   43    25    656 
  35   44     9    254 
  35   45    15    393 
  35   46    16    437 
  35   47    22    592 
  35   48    15    403 
  35   49    19    514 
  36    0    19    512 
  36    1     9    246 
  36    2    17    457 
  36    3     7    206 
  36    4    15    398 
  36    5    18    475 
  36    6     9    249 
  36    7    17    451 
  36    8    18    487 
  36    9     9    245 
  36   10    17    445 
  36   11     8    216 
  36   12    13    338 
  36   13    22    580 
  36   14    14    380 
  36   15    22    589 
  36   16    19    503 
  36   17    29    758 
  36   18     9    250 
  36   19    30    778 
  36   20    16    414 
  36   21    26    673 
  36   22    16    422 
  36   23    28    730 
  36   24    20    536 
  36   25    20    536 
  36   26    10    265 
  36   27    25    657 
  36   28    17    447 
  36   29     9    243 
  36   30    24    621 
  36   31     9    249 
  36   32    28    742 
  36   33    26    677 
  36   34    10    262 
  36   35    26    681 
  36   36    19    491 
  36   37    24    625 
  36   38    17    451 
  36   39    24    643 
  36   40    14    372 
  36   41    17    453 
  36   42    16    420 
  36   43    27    720 
  36   44    28    725 
  36   45    24    619 
  36   46     7    200 
  36   47    24    624 
  36   48    14    377 
  36   49    28    735 
  37    0    24    636 
  37    1    16    425 
  37    2    11    305 
  37    3    18    481 
  37    4     9    243 
  37    5    24    622 
  37    6    11    300 
  37    7     9    245 
  37    8    27    709 
  37    9    30    793 
  37   10    10    272 
  37   11    24    636 
  37   12    21    549 
  37   13    23    603 
  37   14    27    711 
  37   15    19    514 
  37   16    15    396 
  37   17    30    792 
  37   18    29    752 
  37   19    13    355 
  37   20    27    702 
  37   21    30    773 
  37   22    16    422 
  37   23    28    740 
  37   24     9    257 
  37   25    29    764 
  37   26    23    607 
  37   27    25    659 
  37   28    13    358 
  37   29    25    666 
  37   30    18    486 
  37   31    28    739 
  37   32     9    238 
  37   33    25    662 
  37   34    26    682 
  37   35    30    788 
  37   36    19    509 
  37   37    29    769 
  37   38    13    343 
  37   39    12    314 
  37   40    12    322 
  37   41    19    509 
  37   42    10    282 
  37   43     9    235 
  37   44    17    453 
  37   45    23    609 
  37   46    26    689 
  37   47     8    210 
  37   48    15    405 
  37   49    18    477 
  38    0     7    202 
  38    1    23    601 
  38    2    23    608 
  38    3    24    623 
  38    4    19    497 
  38    5    26    681 
  38    6    26    693 
  38    7    12    325 
  38    8    16    414 
  38    9    14    361 
  38   10    30    783 
  38   11    26    681 
  38   12    26    678 
  38   13    16    425 
  38   14    18    473 
  38   15    14    362 
  38   16    30    783 
  38   17    11    309 
  38   18    26    674 
  38   19    10    267 
  38   20    10    258 
  38   21    22    567 
  38   22    13    352 
  38   23    12    331 
  38   24    27    707 
  38   25    29    763 
  38   26     9    236 
  38   27    21    566 
  38   28    14    366 
  38   29    27    710 
  38   30    21    544 
  38   31    21    550 
  38   32    17    441 
  38   33    10    261 
  38   34    12    330 
  38   35    13    353 
  38   36     8    211 
  38   37    12    323 
  38   38    18    482 
  38   39     8    222 
  38   40    19    490 
  38   41    10    275 
  38   42    19    493 
  38   43    29    754 
  38   44     8    220 
  38   45     7    203 
  38   46    16    435 
  38   47    16    421 
  38   48    26    678 
  38   49    18    475 
  39    0    16    429 
  39    1    13    339 
  39    2    22    570 
  39    3    25    669 
  39    4    13    352 
  39    5    29    749 
  39    6    18    489 
  39    7    27    706 
  39    8    27    696 
  39    9    23    604 
  39   10    28    729 
  39   11    27    714 
  39   12    11    291 
  39   13     8    214 
  39   14    10    265 
  39   15    22    581 
  39   16    24    635 
  39   17    30    785 
  39   18    16    424 
  39   19    29    752 
  39   20    11    292 
  39   21    22    584 
  39   22    30    779 
  39   23    14    374 
  39   24     9    236 
  39   25    27    717 
  39   26    10    279 
  39   27    13    350 
  39   28    11    297 
  39   29     8    207 
  39   30    12    321 
  39   31    23    598 
  39   32    26    675 
  39   33    20    520 
  39   34    26    674 
  39   35    29    753 
  39   36    11    300 
  39   37    14    381 
  39   38    10    260 
  39   39    12    322 
  39   40     8    207 
  39   41    12    312 
  39   42    25    666 
  39   43    10    275 
  39   44    29    747 
  39   45    16    433 
  39   46    18    474 
  39   47    29    768 
  39   48    28    725 
  39   49    17    455 
  40    0     9    240 
  40    1     9    234 
  40    2    12    324 
  40    3    23    609 
  40    4    19    512 
  40    5    24    629 
  40    6    18    477 
  40    7    19    493 
  40    8    19    497 
  40    9    16    413 
  40   10    23    602 
  40   11    18    481 
  40   12    28    729 
  40   13    12    328 
  40   14    17    460 
  40   15    16    436 
  40   16    11    293 
  40   17    19    509 
  40   18    13    335 
  40   19    30    782 
  40   20    20    540 
  40   21     8    211 
  40   22    26    673 
  40   23    21    549 
  40   24    13    337 
  40   25    20    519 
  40   26    17    460 
  40   27    24    619 
  40   28    21    553 
  40   29    23    604 
  40   30    14    383 
  40   31    14    366 
  40   32    12    320 
  40   33    19    508 
  40   34    12    316 
  40   35    11    290 
  40   36    12    320 
  40   37    15    407 
  40   38    29    748 
  40   39    28    723 
  40   40    12    324 
  40   41    14    377 
  40   42     9    252 
  40   43    29    764 
  40   44    29    771 
  40   45     7    203 
  40   46    11    302 
  40   47    14    378 
  40   48    26    687 
  40   49    14    379 
  41    0    14    366 
  41    1    15    409 
  41    2    10    271 
  41    3    13    339 
  41    4    28    739 
  41    5    29    769 
  41    6    21    550 
  41    7    23    608 
  41    8    17    463 
  41    9    14    374 
  41   10     8    215 
  41   11     7    206 
  41   12    11    288 
  41   13    15    410 
  41   14    17    455 
  41   15    15    409 
  41   16    26    688 
  41   17     8    209 
  41   18    28    724 
  41   19    12    331 
  41   20     8    214 
  41   21    23    596 
  41   22    16    432 
  41   23    15    412 
  41   24    25    661 
  41   25    18    481 
  41   26    25    662 
  41   27     8    211 
  41   28    27    697 
  41   29    28    725 
  41   30     7    205 
  41   31    14    362 
  41   32    29    750 
  41   33    15    397 
  41   34    26    689 
  41   35    16    414 
  41   36    16    435 
  41   37     9    234 
  41   38    24    638 
  41   39    30    777 
  41   40    16    435 
  41   41    19    490 
  41   42    20    522 
  41   43    11    293 
  41   44    29    752 
  41   45    22    567 
  41   46    30    794 
  41   47     8    209 
  41   48    19    506 
  41   49     8    224 
  42    0    24    643 
  42    1    27    707 
  42    2    17    455 
  42    3    11    304 
  42    4    13    335 
  42    5     8    214 
  42    6    24    636 
  42    7    20    534 
  42    8    21    561 
  42    9    23    598 
  42   10    12    316 
  42   11    17    458 
  42   12    30    796 
  42   13    13    351 
  42   14    29    753 
  42   15    11    299 
  42   16    18    486 
  42   17    17    452 
  42   18    17    457 
  42   19    26    670 
  42   20    11    293 
  42   21     9    237 
  42   22    17    452 
  42   23    16    437 
  42   24    14    361 
  42   25    25    665 
  42   26    11    296 
  42   27    11    308 
  42   28    12    328 
  42   29    23    597 
  42   30    17    463 
  42   31    29    755 
  42   32    27    710 
  42   33    23    610 
  42   34    12    310 
  42   35    15    390 
  42   36    30    791 
  42   37    10    262 
  42   38    25    661 
  42   39     8    215 
  42   40    30    773 
  42   41    29    747 
  42   42     8    214 
  42   43    28    739 
  42   44    22    583 
  42   45    25    654 
  42   46    26    691 
  42   47    18    487 
  42   48    27    696 
  42   49    29    756 
  43    0    30    793 
  43    1    22    576 
  43    2    29    768 
  43    3    16    420 
  43    4    17    440 
  43    5    21    558 
  43    6    24    620 
  43    7    10    262 
  43    8    15    393 
  43    9    25    654 
  43   10    19    496 
  43   11    12    326 
  43   12    29    758 
  43   13    25    667 
  43   14    20    534 
  43   15    27    710 
  43   16    25    659 
  43   17    13    339 
  43   18    20    539 
  43   19    11    301 
  43   20    15    389 
  43   21    11    293 
  43   22    25    657 
  43   23    13    352 
  43   24    18    484 
  43   25    26    674 
  43   26    16    428 
  43   27    21    558 
  43   28    26    674 
  43   29    26    693 
  43   30    17    441 
  43   31    29    768 
  43   32    21    551 
  43   33    25    655 
  43   34    13    352 
  43   35    21    562 
  43   36    29    747 
  43   37     8    216 
  43   38    22    588 
  43   39    28    736 
  43   40    26    694 
  43   41    13    340 
  43   42    26    692 
  43   43    15    394 
  43   44     9    239 
  43   45    20    532 
  43   46     9    236 
  43   47    27    706 
  43   48    23    614 
  43   49    10    274 
  44    0    27    715 
  44    1     8    207 
  44    2     9    236 
  44    3     9    239 
  44    4    12    317 
  44    5    23    596 
  44    6    24    623 
  44    7    15    402 
  44    8    13    346 
  44    9    27    709 
  44   10    24    635 
  44   11    10    269 
  44   12    20    530 
  44   13     8    212 
  44   14    23    596 
  44   15    30    790 
  44   16    13    359 
  44   17    12    314 
  44   18    12    313 
  44   19     8    220 
  44   20    23    616 
  44   21    28    735 
  44   22     7    202 
  44   23    23    595 
  44   24    12    324 
  44   25     7    205 
  44   26     9    238 
  44   27    10    282 
  44   28    16    425 
  44   29    13    348 
  44   30    16    413 
  44   31    27    721 
  44   32    16    433 
  44   33    13    348 
  44   34    15    412 
  44   35    26    687 
  44   36    26    689 
  44   37    23    596 
  44   38    26    680 
  44   39    28    727 
  44   40    15    396 
  44   41    16    419 
  44   42    25    645 
  44   43    22    587 
  44   44    29    772 
  44   45    24    640 
  44   46     9    251 
  44   47    24    634 
  44   48    26    684 
  44   49    27    710 
  45    0    12    333 
  45    1    26    688 
  45    2    26    679 
  45    3    16    420 
  45    4    24    643 
  45    5    11    308 
  45    6    27    704 
  45    7    30    779 
  45    8    28    736 
  45    9    26    671 
  45   10    15    398 
  45   11    22    588 
  45   12    10    272 
  45   13    19    491 
  45   14    14    368 
  45   15    24    622 
  45   16    13    350 
  45   17    25    662 
  45   18    18    479 
  45   19    25    669 
  45   20    14    371 
  45   21    17    451 
  45   22    14    370 
  45   23    24    640 
  45   24    22    592 
  45   25    11    293 
  45   26    22    575 
  45   27    12    312 
  45   28    25    654 
  45   29    20    536 
  45   30    25    666 
  45   31    21    565 
  45   32    23    594 
  45   33     8    207 
  45   34    13    356 
  45   35    10    264 
  45   36    13    348 
  45   37    10    259 
  45   38    29    757 
  45   39    12    316 
  45   40    24    620 
  45   41    11    294 
  45   42    10    278 
  45   43    11    285 
  45   44    27    701 
  45   45    10    265 
  45   46    22    584 
  45   47    30    793 
  45   48     8    218 
  45   49    14    376 
  46    0    16    422 
  46    1    20    529 
  46    2    12    332 
  46    3    20    530 
  46    4    28    729 
  46    5    15    395 
  46    6    29    766 
  46    7    13    337 
  46    8    17    439 
  46    9    19    490 
  46   10    28    745 
  46   11    25    645 
  46   12    10    259 
  46   13    23    594 
  46   14    28    731 
  46   15    10    273 
  46   16    12    311 
  46   17    28    738 
  46   18    25    661 
  46   19    27    718 
  46   20    13    337 
  46   21    17    459 
  46   22    16    428 
  46   23    25    658 
  46   24    14    363 
  46   25    16    413 
  46   26    25    647 
  46   27    20    524 
  46   28    25    668 
  46   29    20    523 
  46   30    23    608 
  46   31     9    235 
  46   32    19    512 
  46   33    19    515 
  46   34    19    495 
  46   35     9    234 
  46   36    17    463 
  46   37    26    688 
  46   38    27    700 
  46   39    15    405 
  46   40    17    461 
  46   41    13    344 
  46   42    16    418 
  46   43    22    573 
  46   44    26    694 
  46   45     9    235 
  46   46    30    776 
  46   47    20    516 
  46   48     8    211 
  46   49     9    247 
  47    0     8    212 
  47    1    20    530 
  47    2    22    575 
  47    3    12    318 
  47    4    18    468 
  47    5    20    539 
  47    6     9    237 
  47    7    17    455 
  47    8    10    264 
  47    9    12    325 
  47   10    18    488 
  47   11    30    773 
  47   12    16    420 
  47   13    11    292 
  47   14    14    373 
  47   15    26    680 
  47   16    20    539 
  47   17    16    413 
  47   18    28    723 
  47   19     8    220 
  47   20    13    352 
  47   21    16    427 
  47   22    25    653 
  47   23    10    270 
  47   24    25    662 
  47   25    24    624 
  47   26    21    551 
  47   27    21    542 
  47   28    12    324 
  47   29     8    209 
  47   30    19    495 
  47   31    17    461 
  47   32     9    249 
  47   33    28    745 
  47   34    20    525 
  47   35    26    673 
  47   36    24    635 
  47   37    16    423 
  47   38    12    313 
  47   39    30    779 
  47   40    10    258 
  47   41    23    616 
  47   42    11    291 
  47   43    23    600 
  47   44    18    489 
  47   45     9    243 
  47   46    27    715 
  47   47    18    470 
  47   48    13    356 
  47   49    30    776 
  48    0    11    300 
  48    1    12    334 
  48    2    15    391 
  48    3    21    555 
  48    4    11    286 
  48    5    24    637 
  48    6    27    698 
  48    7    10    275 
  48    8    20    521 
  48    9    13    346 
  48   10     8    226 
  48   11    26    677 
  48   12    13    342 
  48   13    15    410 
  48   14     9    248 
  48   15    26    674 
  48   16     8    231 
  48   17    25    655 
  48   18    10    280 
  48   19    17    440 
  48   20    22    577 
  48   21    23    605 
  48   22    15    401 
  48   23    12    319 
  48   24    26    686 
  48   25    27    701 
  48   26    21    559 
  48   27    23    610 
  48   28    12    333 
  48   29     9    247 
  48   30    28    731 
  48   31    21    550 
  48   32    16    433 
  48   33    26    670 
  48   34    27    706 
  48   35    11    298 
  48   36    14    375 
  48   37    14    377 
  48   38    10    274 
  48   39    11    296 
  48   40    30    789 
  48   41    17    439 
  48   42    24    634 
  48   43    28    745 
  48   44    23    594 
  48   45    23    611 
  48   46     8    213 
  48   47    12    320 
  48   48    24    638 
  48   49    29    755 
  49    0    16    431 
  49    1    13    341 
  49    2    11    301 
  49    3    12    325 
  49    4    29    756 
  49    5    21    563 
  49    6    30    782 
  49    7    18    469 
  49    8    19    511 
  49    9    13    353 
  49   10    24    627 
  49   11    26    684 
  49   12    25    651 
  49   13     8    225 
  49   14    11    289 
  49   15    17    449 
  49   16    27    720 
  49   17    22    588 
  49   18    23    594 
  49   19    18    479 
  49   20    25    659 
  49   21    25    659 
  49   22    24    642 
  49   23    21    562 
  49   24    21    555 
  49   25    26    688 
  49   26    19    491 
  49   27    26    691 
  49   28    29    754 
  49   29    14    375 
  49   30    25    649 
  49   31    16    413 
  49   32    15    397 
  49   33    29    749 
  49   34    19    501 
  49   35    26    670 
  49   36    17    452 
  49   37    16    424 
  49   38    26    674 
  49   39    12    311 
  49   40    24    621 
  49   41    17    460 
  49   42    30    794 
  49   43    14    361 
  49   44    20    519 
  49   45    14    382 
  49   46    12    332 
  49   47     9    249 
  49   48    22    567 
  49   49    17    460 
