 50
 50

   16
   13
   11
   11
   16
    4
   15
    3
    4
    5
   19
    2
   12
    3
    3
    5
    7
   16
   16
    6
    5
   18
   16
    7
   13
    4
    1
   19
    9
    6
    8
    6
    5
   12
   11
   15
   17
   19
    2
   15
   11
   16
   15
    7
    8
   11
    5
    2
   14
    3

    2
   14
    1
   11
   15
   16
    2
   12
    3
    2
    1
   20
    6
   16
   14
   18
    1
   13
    7
   15
   15
   12
    8
   17
   18
    5
   14
    5
    2
    8
    4
    2
   13
    4
    3
    8
   16
    9
    1
   19
    8
   17
   12
    8
    1
   12
   16
   13
   19
    9

   0    0    18    451 
   0    1    11    290 
   0    2     9    240 
   0    3     8    214 
   0    4     8    213 
   0    5    26    663 
   0    6    15    377 
   0    7    15    376 
   0    8    11    286 
   0    9    27    688 
   0   10    15    389 
   0   11    32    796 
   0   12    18    463 
   0   13    30    754 
   0   14    22    548 
   0   15    30    754 
   0   16     9    227 
   0   17    28    693 
   0   18    21    532 
   0   19    26    645 
   0   20    28    701 
   0   21    31    768 
   0   22    27    671 
   0   23    28    702 
   0   24    22    561 
   0   25    20    498 
   0   26    16    414 
   0   27    31    786 
   0   28    30    761 
   0   29    29    720 
   0   30    29    725 
   0   31    21    518 
   0   32    11    291 
   0   33    28    700 
   0   34    23    587 
   0   35    18    451 
   0   36    22    557 
   0   37    25    635 
   0   38    26    650 
   0   39    15    375 
   0   40    24    609 
   0   41    11    276 
   0   42    32    794 
   0   43    13    322 
   0   44    17    420 
   0   45    12    300 
   0   46    29    715 
   0   47    16    398 
   0   48    20    505 
   0   49    23    584 
   1    0    14    362 
   1    1    20    498 
   1    2    31    778 
   1    3    15    380 
   1    4    31    779 
   1    5    20    514 
   1    6    11    275 
   1    7    15    375 
   1    8    30    751 
   1    9     8    207 
   1   10    16    412 
   1   11    19    487 
   1   12    29    731 
   1   13    20    516 
   1   14    21    517 
   1   15    17    427 
   1   16    25    632 
   1   17    13    324 
   1   18     8    202 
   1   19    18    444 
   1   20    30    752 
   1   21    14    346 
   1   22    13    322 
   1   23    19    484 
   1   24    27    671 
   1   25    19    488 
   1   26    31    767 
   1   27    16    399 
   1   28    12    304 
   1   29    10    248 
   1   30    21    539 
   1   31    14    345 
   1   32    28    709 
   1   33    31    769 
   1   34    11    290 
   1   35    18    464 
   1   36    23    579 
   1   37    21    518 
   1   38    22    545 
   1   39     8    217 
   1   40    31    769 
   1   41    17    420 
   1   42    16    407 
   1   43    24    598 
   1   44    24    599 
   1   45    31    778 
   1   46    26    658 
   1   47    24    612 
   1   48    17    420 
   1   49    19    472 
   2    0    29    723 
   2    1     9    237 
   2    2    21    536 
   2    3    30    738 
   2    4    22    547 
   2    5    15    389 
   2    6    17    426 
   2    7    16    400 
   2    8    26    641 
   2    9    17    438 
   2   10    27    675 
   2   11     8    209 
   2   12    16    418 
   2   13    29    714 
   2   14    26    654 
   2   15    14    353 
   2   16     9    237 
   2   17    11    282 
   2   18    25    625 
   2   19    30    739 
   2   20    20    492 
   2   21    26    657 
   2   22    16    408 
   2   23    18    464 
   2   24    24    613 
   2   25     9    233 
   2   26    28    690 
   2   27    12    317 
   2   28    18    451 
   2   29    27    674 
   2   30    20    504 
   2   31    18    452 
   2   32    27    688 
   2   33    18    456 
   2   34    23    575 
   2   35    10    268 
   2   36    30    757 
   2   37    29    718 
   2   38    28    713 
   2   39    24    597 
   2   40    15    379 
   2   41    14    356 
   2   42    22    561 
   2   43    21    517 
   2   44    27    676 
   2   45    29    733 
   2   46    18    445 
   2   47    30    751 
   2   48    15    387 
   2   49    21    539 
   3    0    11    276 
   3    1    26    649 
   3    2    23    569 
   3    3    15    375 
   3    4    29    721 
   3    5     8    204 
   3    6    13    323 
   3    7    28    691 
   3    8     9    224 
   3    9    25    619 
   3   10    14    362 
   3   11    32    795 
   3   12    31    766 
   3   13    15    390 
   3   14     8    205 
   3   15    12    318 
   3   16    24    614 
   3   17    26    648 
   3   18    13    322 
   3   19    32    793 
   3   20    25    628 
   3   21    22    560 
   3   22    14    345 
   3   23    27    671 
   3   24    24    613 
   3   25    22    564 
   3   26     9    222 
   3   27    19    470 
   3   28     9    230 
   3   29    26    660 
   3   30    21    535 
   3   31    18    456 
   3   32    22    555 
   3   33    14    361 
   3   34    21    525 
   3   35    22    563 
   3   36    13    338 
   3   37    12    308 
   3   38    15    371 
   3   39    20    507 
   3   40    25    629 
   3   41    31    783 
   3   42    16    411 
   3   43    26    640 
   3   44    18    452 
   3   45    22    559 
   3   46    22    557 
   3   47    32    797 
   3   48    18    465 
   3   49    27    683 
   4    0    22    542 
   4    1    26    644 
   4    2    28    690 
   4    3    12    313 
   4    4    23    586 
   4    5    14    366 
   4    6    12    318 
   4    7    28    701 
   4    8     8    213 
   4    9    29    729 
   4   10    16    409 
   4   11    30    754 
   4   12    32    788 
   4   13    15    380 
   4   14    29    716 
   4   15    25    637 
   4   16     9    233 
   4   17    29    718 
   4   18    19    491 
   4   19    16    416 
   4   20    27    670 
   4   21    25    627 
   4   22    17    419 
   4   23    23    583 
   4   24    32    799 
   4   25    13    322 
   4   26    20    511 
   4   27    10    258 
   4   28    26    647 
   4   29    18    467 
   4   30    15    369 
   4   31    28    711 
   4   32    31    782 
   4   33    18    466 
   4   34    30    751 
   4   35    13    341 
   4   36    11    286 
   4   37    19    491 
   4   38    32    793 
   4   39    28    695 
   4   40    30    758 
   4   41    13    332 
   4   42    16    397 
   4   43    29    733 
   4   44    14    360 
   4   45    27    666 
   4   46    16    415 
   4   47    32    791 
   4   48    14    353 
   4   49    32    789 
   5    0    10    252 
   5    1    15    369 
   5    2     9    222 
   5    3    29    718 
   5    4    23    573 
   5    5    16    408 
   5    6    14    368 
   5    7    27    666 
   5    8    13    341 
   5    9    19    476 
   5   10    24    605 
   5   11    21    520 
   5   12    12    315 
   5   13     8    200 
   5   14    11    275 
   5   15    10    248 
   5   16    25    620 
   5   17    17    442 
   5   18    17    429 
   5   19    12    301 
   5   20    20    504 
   5   21    15    384 
   5   22    26    658 
   5   23    23    589 
   5   24    19    485 
   5   25    31    786 
   5   26    10    268 
   5   27    16    417 
   5   28    11    290 
   5   29    19    469 
   5   30    18    467 
   5   31    21    518 
   5   32    30    745 
   5   33    21    523 
   5   34    32    794 
   5   35    31    770 
   5   36    27    672 
   5   37    17    432 
   5   38    22    545 
   5   39    20    515 
   5   40    19    472 
   5   41    11    287 
   5   42     9    245 
   5   43    15    376 
   5   44    14    356 
   5   45     8    202 
   5   46    20    498 
   5   47    16    401 
   5   48    12    304 
   5   49    13    328 
   6    0    19    484 
   6    1    31    777 
   6    2    29    723 
   6    3    10    252 
   6    4    13    334 
   6    5    11    280 
   6    6     9    243 
   6    7    15    385 
   6    8    26    641 
   6    9     8    206 
   6   10    18    465 
   6   11    23    589 
   6   12    15    369 
   6   13    15    386 
   6   14    11    280 
   6   15     9    233 
   6   16     8    208 
   6   17    16    406 
   6   18    14    360 
   6   19    22    558 
   6   20    31    768 
   6   21    26    650 
   6   22    19    480 
   6   23    19    479 
   6   24    13    320 
   6   25    24    611 
   6   26    16    402 
   6   27    11    274 
   6   28    28    709 
   6   29    11    272 
   6   30    15    392 
   6   31    31    773 
   6   32    23    569 
   6   33     8    217 
   6   34    16    407 
   6   35    20    510 
   6   36    28    699 
   6   37    15    386 
   6   38    29    715 
   6   39    16    408 
   6   40    29    714 
   6   41    24    610 
   6   42    22    555 
   6   43    11    286 
   6   44    23    580 
   6   45    16    408 
   6   46    19    474 
   6   47     9    230 
   6   48     9    227 
   6   49    30    749 
   7    0    11    287 
   7    1    28    709 
   7    2    27    684 
   7    3    18    446 
   7    4    18    449 
   7    5     8    214 
   7    6    26    642 
   7    7    22    550 
   7    8    15    373 
   7    9    14    354 
   7   10    12    317 
   7   11    21    517 
   7   12    17    442 
   7   13    15    375 
   7   14     8    202 
   7   15    29    736 
   7   16    27    667 
   7   17     9    242 
   7   18    15    393 
   7   19    32    793 
   7   20    19    476 
   7   21    18    445 
   7   22    14    351 
   7   23    26    644 
   7   24    22    550 
   7   25    10    252 
   7   26    10    263 
   7   27    27    680 
   7   28    17    419 
   7   29     9    244 
   7   30     8    211 
   7   31    19    468 
   7   32    11    276 
   7   33    25    616 
   7   34    15    381 
   7   35    26    644 
   7   36    17    421 
   7   37    27    685 
   7   38    20    497 
   7   39    16    411 
   7   40    25    618 
   7   41    16    401 
   7   42    27    665 
   7   43    16    414 
   7   44    25    624 
   7   45    12    310 
   7   46    27    674 
   7   47    23    588 
   7   48    14    354 
   7   49    15    375 
   8    0    14    354 
   8    1    14    350 
   8    2    16    408 
   8    3    10    257 
   8    4    12    302 
   8    5     8    215 
   8    6    21    531 
   8    7    14    363 
   8    8    23    589 
   8    9    10    260 
   8   10    15    370 
   8   11     8    206 
   8   12    30    745 
   8   13    26    642 
   8   14    22    556 
   8   15    24    602 
   8   16    15    391 
   8   17    22    550 
   8   18    26    659 
   8   19    22    565 
   8   20    25    634 
   8   21    15    393 
   8   22    14    348 
   8   23    29    728 
   8   24    23    585 
   8   25    10    263 
   8   26    27    674 
   8   27    31    780 
   8   28    25    636 
   8   29    26    644 
   8   30    18    445 
   8   31    14    368 
   8   32    18    445 
   8   33    15    391 
   8   34    30    756 
   8   35    16    411 
   8   36    17    423 
   8   37    15    386 
   8   38    26    642 
   8   39    31    773 
   8   40    30    743 
   8   41    28    694 
   8   42    32    800 
   8   43    22    563 
   8   44    12    298 
   8   45    19    470 
   8   46    32    789 
   8   47    18    461 
   8   48    21    540 
   8   49     9    233 
   9    0    19    472 
   9    1    32    795 
   9    2    13    336 
   9    3    13    331 
   9    4    27    668 
   9    5    21    521 
   9    6    10    269 
   9    7    20    502 
   9    8    11    289 
   9    9    26    646 
   9   10    20    516 
   9   11    10    267 
   9   12     9    232 
   9   13    25    636 
   9   14    27    687 
   9   15    10    268 
   9   16     8    206 
   9   17    19    469 
   9   18    12    314 
   9   19    28    709 
   9   20    10    257 
   9   21     9    242 
   9   22    28    692 
   9   23    16    394 
   9   24    25    627 
   9   25    29    731 
   9   26    27    679 
   9   27    27    678 
   9   28    31    782 
   9   29    12    315 
   9   30    31    778 
   9   31    19    474 
   9   32    23    589 
   9   33    31    765 
   9   34    26    663 
   9   35    14    355 
   9   36    14    367 
   9   37    19    468 
   9   38    14    347 
   9   39    19    474 
   9   40    13    326 
   9   41    19    483 
   9   42    31    763 
   9   43    11    283 
   9   44    12    298 
   9   45    29    723 
   9   46    28    705 
   9   47    28    699 
   9   48    13    330 
   9   49    20    512 
  10    0    30    743 
  10    1    27    687 
  10    2    11    273 
  10    3     9    241 
  10    4    22    558 
  10    5    10    264 
  10    6    20    506 
  10    7    26    644 
  10    8    27    667 
  10    9    28    710 
  10   10    28    692 
  10   11    27    674 
  10   12    13    328 
  10   13    15    386 
  10   14    20    498 
  10   15    24    613 
  10   16    25    633 
  10   17    11    286 
  10   18    29    729 
  10   19    18    444 
  10   20    17    432 
  10   21    22    548 
  10   22    25    634 
  10   23    19    470 
  10   24    13    338 
  10   25    13    328 
  10   26    27    686 
  10   27    22    561 
  10   28     9    228 
  10   29    16    395 
  10   30    11    281 
  10   31    19    478 
  10   32    29    731 
  10   33    29    719 
  10   34    21    531 
  10   35    20    508 
  10   36    13    330 
  10   37    28    710 
  10   38    17    422 
  10   39    16    410 
  10   40    11    290 
  10   41    13    332 
  10   42    31    767 
  10   43    22    548 
  10   44    16    394 
  10   45    14    365 
  10   46    19    482 
  10   47    17    421 
  10   48    29    728 
  10   49    31    784 
  11    0    15    383 
  11    1    13    338 
  11    2    23    578 
  11    3    24    600 
  11    4    28    709 
  11    5    15    382 
  11    6    24    603 
  11    7    22    559 
  11    8    26    645 
  11    9    15    383 
  11   10    16    395 
  11   11    10    265 
  11   12    14    348 
  11   13    10    247 
  11   14    30    755 
  11   15    22    553 
  11   16    25    618 
  11   17     9    225 
  11   18    17    442 
  11   19     8    217 
  11   20    11    294 
  11   21    14    362 
  11   22    19    468 
  11   23    17    439 
  11   24    17    428 
  11   25    21    535 
  11   26    20    505 
  11   27    27    684 
  11   28    20    495 
  11   29    17    442 
  11   30    22    562 
  11   31    16    399 
  11   32    20    507 
  11   33    16    398 
  11   34    17    420 
  11   35    27    668 
  11   36    24    606 
  11   37    31    773 
  11   38     9    227 
  11   39    20    513 
  11   40    16    399 
  11   41     8    207 
  11   42    14    356 
  11   43    31    780 
  11   44    16    413 
  11   45    18    447 
  11   46    17    432 
  11   47    21    519 
  11   48    21    529 
  11   49    28    705 
  12    0    12    304 
  12    1    13    325 
  12    2    10    262 
  12    3    16    410 
  12    4    12    312 
  12    5    16    411 
  12    6    28    703 
  12    7    13    332 
  12    8    14    347 
  12    9    31    784 
  12   10    28    712 
  12   11    20    503 
  12   12    27    668 
  12   13    25    639 
  12   14    32    797 
  12   15    13    342 
  12   16    13    322 
  12   17    22    560 
  12   18    11    287 
  12   19    25    618 
  12   20    24    594 
  12   21    26    649 
  12   22    22    551 
  12   23    14    355 
  12   24    26    644 
  12   25    17    428 
  12   26    25    630 
  12   27    18    445 
  12   28    24    604 
  12   29    25    637 
  12   30    13    320 
  12   31    13    331 
  12   32    26    659 
  12   33    14    362 
  12   34    30    738 
  12   35    14    348 
  12   36    32    788 
  12   37     9    241 
  12   38    24    594 
  12   39    25    626 
  12   40    16    415 
  12   41    10    268 
  12   42    13    326 
  12   43    15    372 
  12   44    13    344 
  12   45    12    299 
  12   46    31    781 
  12   47    20    506 
  12   48    20    515 
  12   49    22    559 
  13    0    22    563 
  13    1    23    586 
  13    2    28    711 
  13    3    29    721 
  13    4    12    303 
  13    5    14    359 
  13    6    31    775 
  13    7    32    789 
  13    8    31    773 
  13    9    15    383 
  13   10    24    598 
  13   11    23    567 
  13   12    29    736 
  13   13     8    217 
  13   14    13    341 
  13   15    25    627 
  13   16    21    525 
  13   17    20    513 
  13   18    17    431 
  13   19    29    729 
  13   20    27    680 
  13   21    13    341 
  13   22    16    417 
  13   23    26    650 
  13   24    24    608 
  13   25    12    305 
  13   26    18    456 
  13   27     9    242 
  13   28    13    335 
  13   29    28    696 
  13   30    21    526 
  13   31    17    431 
  13   32    26    660 
  13   33    24    602 
  13   34    19    471 
  13   35    21    519 
  13   36    29    724 
  13   37    25    629 
  13   38    27    676 
  13   39    12    309 
  13   40    10    262 
  13   41    24    604 
  13   42    26    650 
  13   43    22    548 
  13   44     9    239 
  13   45    13    323 
  13   46    17    428 
  13   47    27    666 
  13   48    19    477 
  13   49    20    500 
  14    0    20    492 
  14    1    11    283 
  14    2    17    429 
  14    3     9    225 
  14    4    21    529 
  14    5    10    263 
  14    6    25    616 
  14    7    16    418 
  14    8    14    355 
  14    9    27    684 
  14   10    26    655 
  14   11    17    421 
  14   12    12    296 
  14   13    27    678 
  14   14    26    653 
  14   15    10    246 
  14   16    15    389 
  14   17    15    381 
  14   18    24    596 
  14   19    19    471 
  14   20    18    459 
  14   21    20    496 
  14   22    20    514 
  14   23    31    764 
  14   24    17    423 
  14   25     9    223 
  14   26    25    616 
  14   27    27    677 
  14   28    26    640 
  14   29    29    734 
  14   30     8    204 
  14   31    16    395 
  14   32    30    754 
  14   33    23    577 
  14   34    12    315 
  14   35     8    206 
  14   36    32    798 
  14   37     9    238 
  14   38    10    258 
  14   39    31    768 
  14   40    11    274 
  14   41    26    643 
  14   42    24    596 
  14   43    31    778 
  14   44    22    549 
  14   45    17    421 
  14   46    10    264 
  14   47    19    474 
  14   48    15    383 
  14   49    24    603 
  15    0     9    227 
  15    1    28    697 
  15    2    28    704 
  15    3    26    646 
  15    4     9    240 
  15    5    27    666 
  15    6    18    465 
  15    7    26    650 
  15    8    20    508 
  15    9    29    723 
  15   10    23    588 
  15   11    12    309 
  15   12    28    712 
  15   13     9    222 
  15   14    15    376 
  15   15    10    261 
  15   16    22    559 
  15   17     9    229 
  15   18    20    507 
  15   19    15    382 
  15   20    11    287 
  15   21    15    384 
  15   22    20    500 
  15   23    11    293 
  15   24    12    306 
  15   25     8    214 
  15   26    26    648 
  15   27    16    407 
  15   28    13    320 
  15   29    24    613 
  15   30    15    392 
  15   31    11    279 
  15   32    28    695 
  15   33    16    415 
  15   34    13    342 
  15   35    29    733 
  15   36    17    436 
  15   37    27    682 
  15   38    18    461 
  15   39    21    518 
  15   40    27    680 
  15   41    10    266 
  15   42    26    642 
  15   43    21    519 
  15   44    22    563 
  15   45    18    467 
  15   46    26    654 
  15   47    13    342 
  15   48    23    585 
  15   49    24    600 
  16    0    26    640 
  16    1    23    583 
  16    2    32    793 
  16    3    12    300 
  16    4    28    692 
  16    5    15    387 
  16    6    12    308 
  16    7     8    201 
  16    8    30    738 
  16    9    11    291 
  16   10    16    411 
  16   11     8    218 
  16   12    14    353 
  16   13    22    551 
  16   14    15    370 
  16   15    22    550 
  16   16    22    552 
  16   17    11    272 
  16   18    10    252 
  16   19    16    416 
  16   20    15    381 
  16   21     9    239 
  16   22     8    212 
  16   23    27    668 
  16   24    15    384 
  16   25    31    773 
  16   26    15    370 
  16   27    13    328 
  16   28    19    482 
  16   29    12    316 
  16   30    20    508 
  16   31    19    491 
  16   32    32    792 
  16   33    22    550 
  16   34    11    277 
  16   35    22    546 
  16   36     9    244 
  16   37    30    741 
  16   38    26    642 
  16   39    18    452 
  16   40    21    520 
  16   41    31    778 
  16   42    25    628 
  16   43    21    534 
  16   44     8    203 
  16   45    30    759 
  16   46    19    485 
  16   47    22    559 
  16   48    11    287 
  16   49    16    397 
  17    0    23    578 
  17    1    25    616 
  17    2    21    533 
  17    3     9    237 
  17    4    27    679 
  17    5    13    331 
  17    6    21    520 
  17    7    13    328 
  17    8    13    336 
  17    9    28    693 
  17   10    10    264 
  17   11    22    545 
  17   12     8    220 
  17   13    10    267 
  17   14    31    766 
  17   15    29    730 
  17   16    20    497 
  17   17    30    755 
  17   18    14    351 
  17   19     9    236 
  17   20    20    497 
  17   21    18    461 
  17   22    18    450 
  17   23    11    277 
  17   24    30    740 
  17   25    11    289 
  17   26    21    531 
  17   27    19    484 
  17   28     8    217 
  17   29    11    280 
  17   30    30    748 
  17   31    22    554 
  17   32    29    719 
  17   33    16    398 
  17   34    11    283 
  17   35    11    282 
  17   36    27    685 
  17   37    15    392 
  17   38    14    367 
  17   39    25    639 
  17   40    13    339 
  17   41    21    535 
  17   42    29    719 
  17   43    31    771 
  17   44    23    589 
  17   45    28    705 
  17   46    19    469 
  17   47    20    506 
  17   48    29    737 
  17   49    18    447 
  18    0    29    719 
  18    1    30    738 
  18    2    25    639 
  18    3    13    344 
  18    4    21    538 
  18    5    24    600 
  18    6    17    419 
  18    7    21    529 
  18    8    15    381 
  18    9     8    202 
  18   10    13    323 
  18   11    19    487 
  18   12    12    312 
  18   13    24    607 
  18   14     9    225 
  18   15    11    285 
  18   16    11    277 
  18   17    29    726 
  18   18    20    495 
  18   19    10    256 
  18   20    13    341 
  18   21    13    320 
  18   22    19    474 
  18   23    23    568 
  18   24    19    472 
  18   25    15    372 
  18   26    19    485 
  18   27    19    482 
  18   28    13    327 
  18   29     9    226 
  18   30    20    502 
  18   31    22    542 
  18   32    31    764 
  18   33    32    799 
  18   34    18    463 
  18   35    22    544 
  18   36    14    348 
  18   37    29    715 
  18   38    19    473 
  18   39    15    385 
  18   40    13    338 
  18   41    26    654 
  18   42    31    763 
  18   43    19    478 
  18   44     8    202 
  18   45    11    271 
  18   46    28    700 
  18   47    16    396 
  18   48    20    504 
  18   49    15    385 
  19    0    16    410 
  19    1    10    260 
  19    2    27    672 
  19    3    19    472 
  19    4    18    459 
  19    5    30    741 
  19    6     9    239 
  19    7    10    250 
  19    8    26    642 
  19    9    30    750 
  19   10    23    583 
  19   11    17    434 
  19   12    18    460 
  19   13    14    362 
  19   14    32    788 
  19   15    16    412 
  19   16    12    316 
  19   17    29    718 
  19   18     9    227 
  19   19    12    302 
  19   20    30    756 
  19   21    15    388 
  19   22    15    383 
  19   23    30    756 
  19   24    15    383 
  19   25    21    541 
  19   26    24    593 
  19   27    10    259 
  19   28    26    647 
  19   29    18    454 
  19   30    16    404 
  19   31    30    744 
  19   32     8    221 
  19   33    19    471 
  19   34    23    566 
  19   35     9    241 
  19   36    11    284 
  19   37    13    343 
  19   38    31    784 
  19   39    26    657 
  19   40    16    396 
  19   41    11    275 
  19   42    30    746 
  19   43    22    548 
  19   44    23    582 
  19   45    24    601 
  19   46    10    256 
  19   47    18    462 
  19   48    25    633 
  19   49    19    483 
  20    0    14    362 
  20    1    14    351 
  20    2    18    452 
  20    3    26    645 
  20    4    21    524 
  20    5    23    580 
  20    6    31    784 
  20    7    26    664 
  20    8    14    355 
  20    9    20    504 
  20   10    25    617 
  20   11    14    353 
  20   12    12    302 
  20   13    11    288 
  20   14    28    695 
  20   15    18    454 
  20   16    13    332 
  20   17    27    684 
  20   18    29    732 
  20   19    14    350 
  20   20    29    729 
  20   21    11    280 
  20   22    26    662 
  20   23    24    609 
  20   24    32    794 
  20   25    28    702 
  20   26    20    513 
  20   27    28    696 
  20   28    27    670 
  20   29    23    589 
  20   30    30    738 
  20   31    19    469 
  20   32     8    209 
  20   33    31    785 
  20   34    31    769 
  20   35    24    603 
  20   36    31    767 
  20   37    19    489 
  20   38    15    393 
  20   39    12    305 
  20   40    10    261 
  20   41    19    473 
  20   42    21    524 
  20   43    21    529 
  20   44    10    263 
  20   45    30    747 
  20   46    25    627 
  20   47    27    676 
  20   48    26    663 
  20   49    22    565 
  21    0    30    744 
  21    1    30    741 
  21    2    23    573 
  21    3     9    244 
  21    4    26    643 
  21    5    12    319 
  21    6    10    258 
  21    7    23    587 
  21    8    28    692 
  21    9    22    542 
  21   10    12    315 
  21   11    29    721 
  21   12    13    333 
  21   13    17    438 
  21   14    10    266 
  21   15    17    435 
  21   16    19    472 
  21   17    19    481 
  21   18     9    224 
  21   19     9    226 
  21   20    15    389 
  21   21    19    485 
  21   22    28    692 
  21   23    26    659 
  21   24    30    759 
  21   25    26    653 
  21   26    25    637 
  21   27    20    513 
  21   28    13    338 
  21   29    31    763 
  21   30    27    685 
  21   31    24    613 
  21   32    16    396 
  21   33    31    777 
  21   34    18    451 
  21   35    16    399 
  21   36     8    204 
  21   37    18    447 
  21   38    13    343 
  21   39    24    606 
  21   40    24    604 
  21   41    22    550 
  21   42    30    742 
  21   43    31    767 
  21   44    16    410 
  21   45    19    480 
  21   46    13    325 
  21   47    27    674 
  21   48    25    634 
  21   49    27    676 
  22    0    16    415 
  22    1    15    372 
  22    2    22    553 
  22    3    17    436 
  22    4    15    381 
  22    5    30    747 
  22    6    31    787 
  22    7    14    361 
  22    8    24    593 
  22    9    28    698 
  22   10    11    291 
  22   11    28    699 
  22   12    20    515 
  22   13    29    723 
  22   14    11    271 
  22   15    21    525 
  22   16    23    573 
  22   17    11    282 
  22   18    21    530 
  22   19    22    560 
  22   20    24    602 
  22   21    26    644 
  22   22    11    293 
  22   23    16    417 
  22   24     8    207 
  22   25    11    275 
  22   26    10    249 
  22   27    29    730 
  22   28    24    592 
  22   29    23    575 
  22   30    19    486 
  22   31    24    608 
  22   32    19    477 
  22   33    24    601 
  22   34    17    442 
  22   35    26    664 
  22   36    11    279 
  22   37    23    587 
  22   38    12    318 
  22   39    14    352 
  22   40    19    479 
  22   41     9    224 
  22   42    27    672 
  22   43    32    796 
  22   44    19    478 
  22   45    27    667 
  22   46    12    312 
  22   47    10    249 
  22   48     8    205 
  22   49    12    303 
  23    0    18    466 
  23    1    11    273 
  23    2    17    432 
  23    3    31    775 
  23    4    24    599 
  23    5    26    642 
  23    6    12    309 
  23    7    11    287 
  23    8    28    709 
  23    9     8    219 
  23   10    11    283 
  23   11    10    268 
  23   12    27    682 
  23   13    20    499 
  23   14    18    460 
  23   15    22    565 
  23   16    24    592 
  23   17    21    517 
  23   18    26    657 
  23   19    17    423 
  23   20    18    458 
  23   21    12    297 
  23   22    16    404 
  23   23    30    738 
  23   24    12    296 
  23   25    21    526 
  23   26    18    453 
  23   27    23    587 
  23   28    28    708 
  23   29    15    391 
  23   30    30    757 
  23   31     9    244 
  23   32    30    748 
  23   33    19    470 
  23   34    24    612 
  23   35     9    239 
  23   36     9    230 
  23   37    29    723 
  23   38     8    217 
  23   39    25    621 
  23   40    13    336 
  23   41    26    659 
  23   42     9    227 
  23   43    22    561 
  23   44    24    605 
  23   45    18    461 
  23   46    16    414 
  23   47    19    468 
  23   48    30    739 
  23   49    11    275 
  24    0    29    714 
  24    1    24    610 
  24    2    31    784 
  24    3    29    723 
  24    4    30    762 
  24    5    21    518 
  24    6    30    757 
  24    7    24    603 
  24    8    30    761 
  24    9    20    500 
  24   10    14    350 
  24   11    29    730 
  24   12    25    632 
  24   13    18    446 
  24   14    16    400 
  24   15    21    540 
  24   16    11    276 
  24   17     8    217 
  24   18    20    492 
  24   19    14    359 
  24   20    25    637 
  24   21    18    448 
  24   22    18    455 
  24   23    21    541 
  24   24     9    236 
  24   25    12    310 
  24   26    19    487 
  24   27    31    777 
  24   28    28    700 
  24   29     8    208 
  24   30    16    397 
  24   31    11    290 
  24   32    28    691 
  24   33    18    463 
  24   34    18    466 
  24   35    32    788 
  24   36    30    745 
  24   37    21    541 
  24   38    17    421 
  24   39    23    587 
  24   40    27    675 
  24   41    32    791 
  24   42    31    784 
  24   43    12    305 
  24   44    13    344 
  24   45    26    650 
  24   46    12    313 
  24   47    23    568 
  24   48    20    512 
  24   49     8    221 
  25    0    11    274 
  25    1    25    625 
  25    2    31    787 
  25    3    17    432 
  25    4    27    680 
  25    5    21    518 
  25    6    11    276 
  25    7    24    598 
  25    8    18    466 
  25    9    30    757 
  25   10    32    789 
  25   11    22    548 
  25   12    13    343 
  25   13    26    641 
  25   14    29    724 
  25   15    11    293 
  25   16    18    462 
  25   17    20    506 
  25   18    18    457 
  25   19    10    246 
  25   20    17    436 
  25   21    15    393 
  25   22    10    253 
  25   23     8    207 
  25   24    19    481 
  25   25    19    473 
  25   26    29    725 
  25   27    21    524 
  25   28    11    291 
  25   29    26    656 
  25   30    31    764 
  25   31    32    789 
  25   32    30    749 
  25   33    28    707 
  25   34    31    770 
  25   35    23    590 
  25   36    16    398 
  25   37    26    656 
  25   38    20    495 
  25   39    20    499 
  25   40    27    668 
  25   41    32    800 
  25   42    18    463 
  25   43    16    402 
  25   44    12    297 
  25   45    10    252 
  25   46    32    789 
  25   47     9    235 
  25   48    29    723 
  25   49    26    640 
  26    0    13    341 
  26    1    21    539 
  26    2    22    549 
  26    3    23    582 
  26    4    25    622 
  26    5    24    607 
  26    6    22    565 
  26    7    27    675 
  26    8     9    224 
  26    9    15    371 
  26   10     8    202 
  26   11    14    352 
  26   12    26    654 
  26   13    29    737 
  26   14    14    357 
  26   15    12    306 
  26   16    16    399 
  26   17    25    630 
  26   18    12    319 
  26   19    20    494 
  26   20    21    540 
  26   21    30    738 
  26   22    20    495 
  26   23    24    591 
  26   24    28    707 
  26   25    19    491 
  26   26    23    589 
  26   27     8    207 
  26   28    17    419 
  26   29    21    531 
  26   30     9    243 
  26   31    28    689 
  26   32    20    496 
  26   33     8    217 
  26   34    11    284 
  26   35     9    242 
  26   36    12    319 
  26   37    27    669 
  26   38    10    261 
  26   39    22    553 
  26   40    22    553 
  26   41    28    705 
  26   42    11    292 
  26   43    30    761 
  26   44    21    535 
  26   45    11    272 
  26   46    19    478 
  26   47    31    787 
  26   48    30    744 
  26   49     8    211 
  27    0    23    586 
  27    1    20    503 
  27    2    12    296 
  27    3    26    661 
  27    4    20    513 
  27    5    26    644 
  27    6    17    437 
  27    7    11    288 
  27    8    31    779 
  27    9    30    747 
  27   10    21    527 
  27   11    15    386 
  27   12    14    354 
  27   13    13    329 
  27   14    20    502 
  27   15    17    431 
  27   16    18    458 
  27   17    13    338 
  27   18    18    467 
  27   19    27    667 
  27   20     9    244 
  27   21    22    551 
  27   22    20    500 
  27   23     9    242 
  27   24    13    320 
  27   25    13    342 
  27   26    13    343 
  27   27    10    258 
  27   28    11    278 
  27   29    17    421 
  27   30    29    725 
  27   31    19    489 
  27   32    10    255 
  27   33    12    307 
  27   34    25    636 
  27   35    13    326 
  27   36    25    618 
  27   37    29    732 
  27   38    14    346 
  27   39    17    419 
  27   40    20    515 
  27   41    13    324 
  27   42    26    641 
  27   43    11    287 
  27   44    21    518 
  27   45    13    325 
  27   46    19    480 
  27   47    32    797 
  27   48    17    432 
  27   49    14    360 
  28    0    11    280 
  28    1    30    753 
  28    2    22    548 
  28    3    16    399 
  28    4    12    312 
  28    5    15    370 
  28    6    29    714 
  28    7    23    576 
  28    8    19    479 
  28    9    21    522 
  28   10    17    430 
  28   11    16    402 
  28   12    20    492 
  28   13    31    767 
  28   14    10    252 
  28   15    31    780 
  28   16    22    552 
  28   17    20    496 
  28   18    26    640 
  28   19    22    542 
  28   20    22    550 
  28   21    13    340 
  28   22    16    397 
  28   23    19    470 
  28   24     8    210 
  28   25    23    572 
  28   26    30    759 
  28   27    18    465 
  28   28    11    292 
  28   29    25    622 
  28   30    12    316 
  28   31    18    445 
  28   32    11    278 
  28   33    22    559 
  28   34    20    513 
  28   35    13    343 
  28   36    23    575 
  28   37    26    651 
  28   38    19    470 
  28   39    13    324 
  28   40    22    561 
  28   41    16    394 
  28   42    23    569 
  28   43    11    291 
  28   44     8    219 
  28   45    13    328 
  28   46    16    416 
  28   47    17    432 
  28   48    26    653 
  28   49    12    300 
  29    0    13    342 
  29    1    10    250 
  29    2    12    301 
  29    3    24    608 
  29    4     9    228 
  29    5    26    641 
  29    6    12    300 
  29    7    19    485 
  29    8    28    691 
  29    9    16    401 
  29   10    17    425 
  29   11    15    393 
  29   12    23    568 
  29   13    32    798 
  29   14    23    585 
  29   15    30    740 
  29   16    24    612 
  29   17    32    800 
  29   18    26    643 
  29   19    11    287 
  29   20    32    796 
  29   21    22    554 
  29   22    16    412 
  29   23     9    234 
  29   24    12    315 
  29   25    18    455 
  29   26    15    392 
  29   27    21    526 
  29   28    13    333 
  29   29    21    539 
  29   30     8    214 
  29   31    30    747 
  29   32    25    623 
  29   33    10    257 
  29   34    12    314 
  29   35    12    299 
  29   36     8    213 
  29   37    26    651 
  29   38    13    328 
  29   39    23    580 
  29   40    19    490 
  29   41    12    296 
  29   42    17    421 
  29   43    21    523 
  29   44     8    219 
  29   45    17    442 
  29   46    21    541 
  29   47    24    600 
  29   48    27    678 
  29   49    25    615 
  30    0     9    238 
  30    1    11    288 
  30    2    22    556 
  30    3    21    529 
  30    4    23    587 
  30    5     8    218 
  30    6    16    400 
  30    7    10    256 
  30    8    10    265 
  30    9    24    600 
  30   10    12    311 
  30   11    12    301 
  30   12    20    494 
  30   13    11    293 
  30   14     9    223 
  30   15    20    513 
  30   16    30    751 
  30   17     9    239 
  30   18    12    307 
  30   19    27    675 
  30   20    21    523 
  30   21    15    373 
  30   22    22    552 
  30   23    22    545 
  30   24    20    505 
  30   25    22    544 
  30   26    20    508 
  30   27    22    560 
  30   28    10    268 
  30   29    29    725 
  30   30    30    738 
  30   31    12    296 
  30   32    10    255 
  30   33    17    440 
  30   34     8    221 
  30   35    28    705 
  30   36    25    619 
  30   37    14    350 
  30   38    11    285 
  30   39    30    750 
  30   40    14    349 
  30   41    13    344 
  30   42    16    404 
  30   43    32    792 
  30   44    32    792 
  30   45    32    796 
  30   46    32    794 
  30   47    12    308 
  30   48    22    546 
  30   49    14    351 
  31    0    10    268 
  31    1    12    301 
  31    2    24    614 
  31    3    14    352 
  31    4    25    633 
  31    5    31    772 
  31    6     9    241 
  31    7    21    540 
  31    8    26    647 
  31    9    24    603 
  31   10    27    670 
  31   11    15    377 
  31   12    19    490 
  31   13    23    576 
  31   14    28    696 
  31   15    31    769 
  31   16    14    353 
  31   17    29    718 
  31   18    32    800 
  31   19    31    765 
  31   20    12    304 
  31   21     8    213 
  31   22     9    234 
  31   23    18    447 
  31   24    19    471 
  31   25    15    388 
  31   26    22    561 
  31   27    27    670 
  31   28    26    657 
  31   29    12    305 
  31   30    19    487 
  31   31    20    504 
  31   32    22    546 
  31   33    15    391 
  31   34    20    508 
  31   35    10    248 
  31   36    16    394 
  31   37    10    256 
  31   38    18    450 
  31   39    23    573 
  31   40    21    540 
  31   41    26    641 
  31   42    15    377 
  31   43    27    674 
  31   44    30    741 
  31   45    22    563 
  31   46    15    388 
  31   47    27    681 
  31   48    15    373 
  31   49    22    565 
  32    0    26    658 
  32    1    32    794 
  32    2    14    360 
  32    3    15    388 
  32    4    30    740 
  32    5    25    634 
  32    6    18    459 
  32    7    22    565 
  32    8    25    638 
  32    9    20    500 
  32   10    17    441 
  32   11    31    771 
  32   12    18    445 
  32   13     9    238 
  32   14    31    764 
  32   15    26    648 
  32   16    12    300 
  32   17    10    248 
  32   18    13    342 
  32   19    21    539 
  32   20    18    461 
  32   21    15    372 
  32   22    18    466 
  32   23    31    785 
  32   24    23    578 
  32   25    20    495 
  32   26    31    770 
  32   27    32    791 
  32   28    22    562 
  32   29    31    785 
  32   30    16    394 
  32   31    22    547 
  32   32    32    794 
  32   33    32    794 
  32   34    14    367 
  32   35     8    214 
  32   36    23    567 
  32   37    13    321 
  32   38    28    693 
  32   39    16    413 
  32   40    19    471 
  32   41    17    435 
  32   42    28    709 
  32   43    27    682 
  32   44    24    602 
  32   45    12    296 
  32   46    13    323 
  32   47    20    508 
  32   48    21    523 
  32   49    12    302 
  33    0    13    320 
  33    1    14    362 
  33    2    18    462 
  33    3     9    245 
  33    4    19    481 
  33    5    25    620 
  33    6    22    551 
  33    7    15    370 
  33    8    13    334 
  33    9    30    743 
  33   10    26    640 
  33   11    17    419 
  33   12    25    620 
  33   13    18    459 
  33   14    32    788 
  33   15    27    679 
  33   16    28    694 
  33   17    26    661 
  33   18    10    269 
  33   19    28    707 
  33   20    27    674 
  33   21    10    268 
  33   22    25    635 
  33   23    29    731 
  33   24    19    469 
  33   25    14    363 
  33   26    21    539 
  33   27    18    460 
  33   28    20    515 
  33   29    15    391 
  33   30    14    349 
  33   31     8    211 
  33   32    28    702 
  33   33    20    494 
  33   34    29    719 
  33   35    18    451 
  33   36    30    759 
  33   37    26    659 
  33   38    12    305 
  33   39    23    569 
  33   40    15    380 
  33   41    17    441 
  33   42    28    701 
  33   43    17    437 
  33   44    17    428 
  33   45    28    691 
  33   46    14    348 
  33   47    29    737 
  33   48    21    520 
  33   49    19    469 
  34    0    15    374 
  34    1    10    254 
  34    2    12    304 
  34    3    21    537 
  34    4    12    313 
  34    5    10    266 
  34    6    18    463 
  34    7    28    711 
  34    8    31    777 
  34    9    20    493 
  34   10    25    633 
  34   11    28    705 
  34   12    13    336 
  34   13    20    514 
  34   14    12    308 
  34   15    27    677 
  34   16    22    557 
  34   17    13    341 
  34   18    13    333 
  34   19    23    575 
  34   20    13    320 
  34   21    27    666 
  34   22    22    560 
  34   23    28    710 
  34   24    19    477 
  34   25    28    709 
  34   26    20    515 
  34   27    21    526 
  34   28    23    566 
  34   29     8    215 
  34   30    15    393 
  34   31    15    382 
  34   32    20    516 
  34   33    28    690 
  34   34    18    467 
  34   35    30    756 
  34   36    14    362 
  34   37    30    743 
  34   38    31    766 
  34   39    14    363 
  34   40    25    629 
  34   41    18    446 
  34   42    13    320 
  34   43    19    470 
  34   44    12    308 
  34   45    13    342 
  34   46    10    265 
  34   47    21    541 
  34   48    22    551 
  34   49    18    448 
  35    0    28    704 
  35    1    15    369 
  35    2    13    340 
  35    3    12    315 
  35    4    30    743 
  35    5    29    719 
  35    6    14    355 
  35    7    21    532 
  35    8    16    413 
  35    9    31    780 
  35   10    10    257 
  35   11    11    272 
  35   12    10    247 
  35   13    17    430 
  35   14    15    384 
  35   15    16    409 
  35   16    25    619 
  35   17    20    506 
  35   18    12    304 
  35   19    27    684 
  35   20    31    785 
  35   21    11    275 
  35   22    12    300 
  35   23    12    301 
  35   24    21    539 
  35   25    20    498 
  35   26     8    217 
  35   27    31    764 
  35   28    31    777 
  35   29    20    515 
  35   30    25    622 
  35   31    13    341 
  35   32    32    800 
  35   33    29    714 
  35   34    22    551 
  35   35    19    483 
  35   36    19    476 
  35   37    20    493 
  35   38    28    695 
  35   39    26    646 
  35   40    15    370 
  35   41    19    486 
  35   42    10    250 
  35   43    26    658 
  35   44     8    210 
  35   45    10    270 
  35   46     8    211 
  35   47    20    497 
  35   48    25    619 
  35   49    24    611 
  36    0    28    703 
  36    1    21    522 
  36    2    18    462 
  36    3    28    689 
  36    4    13    330 
  36    5    27    668 
  36    6    20    511 
  36    7    19    470 
  36    8    20    511 
  36    9    22    555 
  36   10    17    432 
  36   11    26    658 
  36   12    19    482 
  36   13    32    796 
  36   14    20    498 
  36   15    20    500 
  36   16    29    722 
  36   17    20    495 
  36   18    29    722 
  36   19    21    518 
  36   20    15    390 
  36   21    10    255 
  36   22    28    698 
  36   23    23    575 
  36   24    23    586 
  36   25    16    403 
  36   26    27    682 
  36   27    12    307 
  36   28    24    596 
  36   29    20    505 
  36   30    27    677 
  36   31    31    767 
  36   32     8    218 
  36   33    21    538 
  36   34    22    558 
  36   35    22    559 
  36   36    15    369 
  36   37    11    285 
  36   38    18    464 
  36   39    30    740 
  36   40    22    563 
  36   41    30    745 
  36   42    20    501 
  36   43    11    287 
  36   44    15    387 
  36   45    30    740 
  36   46    27    681 
  36   47    19    488 
  36   48    30    749 
  36   49    14    361 
  37    0    22    552 
  37    1    11    279 
  37    2    17    421 
  37    3    15    371 
  37    4    12    311 
  37    5    32    794 
  37    6    11    286 
  37    7    28    704 
  37    8    31    768 
  37    9    11    287 
  37   10    12    305 
  37   11    10    251 
  37   12    21    519 
  37   13    16    400 
  37   14    13    323 
  37   15     8    209 
  37   16    25    621 
  37   17    20    502 
  37   18    26    641 
  37   19    11    295 
  37   20    27    686 
  37   21    30    761 
  37   22     8    217 
  37   23    14    352 
  37   24    26    642 
  37   25    29    724 
  37   26    13    334 
  37   27    11    279 
  37   28    20    492 
  37   29    11    282 
  37   30    29    736 
  37   31    10    252 
  37   32    20    510 
  37   33    28    691 
  37   34    25    621 
  37   35    29    728 
  37   36    24    614 
  37   37    13    333 
  37   38    26    643 
  37   39     8    206 
  37   40    28    709 
  37   41    29    728 
  37   42    10    248 
  37   43    28    706 
  37   44    10    249 
  37   45    31    780 
  37   46    23    587 
  37   47    26    662 
  37   48    14    363 
  37   49    32    789 
  38    0    10    246 
  38    1    23    566 
  38    2    14    357 
  38    3    26    662 
  38    4    28    700 
  38    5    13    335 
  38    6    32    788 
  38    7    20    511 
  38    8    25    628 
  38    9    15    388 
  38   10    16    394 
  38   11    29    732 
  38   12    11    290 
  38   13    17    423 
  38   14    30    761 
  38   15    16    412 
  38   16    32    793 
  38   17    20    494 
  38   18    14    362 
  38   19    22    543 
  38   20    27    673 
  38   21    28    693 
  38   22    28    704 
  38   23    10    263 
  38   24    16    418 
  38   25    19    469 
  38   26    14    346 
  38   27     8    220 
  38   28    17    419 
  38   29    28    704 
  38   30    15    372 
  38   31    25    637 
  38   32    12    318 
  38   33    27    686 
  38   34    22    548 
  38   35    24    612 
  38   36    14    362 
  38   37    22    561 
  38   38    20    492 
  38   39    18    458 
  38   40    15    373 
  38   41    21    530 
  38   42    24    597 
  38   43    25    615 
  38   44    17    425 
  38   45    26    663 
  38   46    32    799 
  38   47    18    445 
  38   48    30    738 
  38   49    21    536 
  39    0     9    224 
  39    1    16    415 
  39    2    31    778 
  39    3    17    426 
  39    4    10    258 
  39    5    16    413 
  39    6    22    542 
  39    7    30    757 
  39    8    20    492 
  39    9    15    392 
  39   10    12    298 
  39   11    20    505 
  39   12    23    568 
  39   13    15    376 
  39   14     9    240 
  39   15    32    795 
  39   16    13    328 
  39   17     9    227 
  39   18    30    740 
  39   19    17    430 
  39   20    29    727 
  39   21    16    397 
  39   22    31    787 
  39   23    16    409 
  39   24     9    228 
  39   25    23    582 
  39   26    19    483 
  39   27    11    295 
  39   28    26    656 
  39   29    31    766 
  39   30    25    622 
  39   31    22    554 
  39   32    26    650 
  39   33    31    787 
  39   34    25    626 
  39   35    21    522 
  39   36    26    640 
  39   37    31    787 
  39   38    13    324 
  39   39    14    360 
  39   40    17    433 
  39   41    24    612 
  39   42    22    543 
  39   43    25    633 
  39   44     8    204 
  39   45    10    253 
  39   46    12    307 
  39   47    28    697 
  39   48    13    322 
  39   49    14    365 
  40    0     8    206 
  40    1    14    368 
  40    2    12    310 
  40    3    25    625 
  40    4    27    681 
  40    5    13    335 
  40    6    22    565 
  40    7    29    727 
  40    8    11    274 
  40    9    22    556 
  40   10    11    295 
  40   11    14    347 
  40   12    10    270 
  40   13    32    800 
  40   14    15    374 
  40   15    31    765 
  40   16    24    614 
  40   17    29    714 
  40   18    25    619 
  40   19    12    303 
  40   20    29    718 
  40   21    32    794 
  40   22    24    604 
  40   23     9    237 
  40   24    31    770 
  40   25    12    301 
  40   26     9    240 
  40   27    15    375 
  40   28    21    527 
  40   29    31    778 
  40   30    26    641 
  40   31    30    757 
  40   32    13    322 
  40   33    12    308 
  40   34    17    423 
  40   35    18    461 
  40   36    29    724 
  40   37    10    255 
  40   38    24    600 
  40   39    22    561 
  40   40    15    391 
  40   41    28    700 
  40   42     8    211 
  40   43    19    481 
  40   44    29    734 
  40   45    11    275 
  40   46    11    284 
  40   47    26    647 
  40   48    17    433 
  40   49     9    245 
  41    0    29    728 
  41    1    19    488 
  41    2     9    245 
  41    3    31    780 
  41    4    13    329 
  41    5    19    471 
  41    6    16    405 
  41    7    24    610 
  41    8    17    422 
  41    9    19    473 
  41   10    24    592 
  41   11    32    800 
  41   12    12    313 
  41   13     9    233 
  41   14    15    370 
  41   15    24    605 
  41   16    13    322 
  41   17    25    631 
  41   18    25    637 
  41   19    29    725 
  41   20    12    303 
  41   21    11    291 
  41   22    26    640 
  41   23    29    720 
  41   24     9    235 
  41   25    21    518 
  41   26    15    370 
  41   27    15    391 
  41   28     8    211 
  41   29    22    543 
  41   30    20    503 
  41   31    23    585 
  41   32     8    205 
  41   33    13    322 
  41   34    31    772 
  41   35    10    249 
  41   36    20    511 
  41   37    32    789 
  41   38    23    575 
  41   39    28    702 
  41   40    28    690 
  41   41    31    770 
  41   42     8    215 
  41   43    32    793 
  41   44    21    517 
  41   45    16    413 
  41   46    18    445 
  41   47    10    263 
  41   48    18    453 
  41   49    20    516 
  42    0    19    483 
  42    1    29    735 
  42    2    12    309 
  42    3    30    745 
  42    4    17    434 
  42    5    28    689 
  42    6    19    470 
  42    7    13    320 
  42    8    23    566 
  42    9    16    397 
  42   10    25    621 
  42   11    23    577 
  42   12     9    223 
  42   13    26    648 
  42   14    14    363 
  42   15     8    216 
  42   16     9    243 
  42   17    24    599 
  42   18    26    655 
  42   19    14    366 
  42   20    30    758 
  42   21    30    748 
  42   22    25    628 
  42   23    31    771 
  42   24    12    315 
  42   25    18    450 
  42   26    29    720 
  42   27    21    530 
  42   28    30    741 
  42   29    18    456 
  42   30    10    253 
  42   31    26    641 
  42   32    25    636 
  42   33    31    772 
  42   34    18    453 
  42   35    27    678 
  42   36     8    204 
  42   37    22    558 
  42   38    23    582 
  42   39    23    582 
  42   40    11    279 
  42   41    17    431 
  42   42    10    268 
  42   43    24    607 
  42   44    14    351 
  42   45    25    631 
  42   46    25    619 
  42   47    20    495 
  42   48     9    233 
  42   49    19    488 
  43    0    24    614 
  43    1    23    566 
  43    2    22    559 
  43    3    17    425 
  43    4    14    355 
  43    5     8    213 
  43    6    26    657 
  43    7    14    360 
  43    8    20    507 
  43    9    20    516 
  43   10    18    462 
  43   11    30    747 
  43   12    13    322 
  43   13    20    503 
  43   14    22    553 
  43   15    15    385 
  43   16    26    661 
  43   17    29    716 
  43   18    11    275 
  43   19    27    673 
  43   20    20    515 
  43   21    26    654 
  43   22    12    317 
  43   23    12    302 
  43   24    30    742 
  43   25    11    271 
  43   26    24    597 
  43   27    11    294 
  43   28    25    637 
  43   29    17    429 
  43   30    21    539 
  43   31    27    672 
  43   32    27    674 
  43   33    14    366 
  43   34    16    396 
  43   35    18    460 
  43   36    21    525 
  43   37    31    780 
  43   38    14    349 
  43   39    17    435 
  43   40    15    384 
  43   41    23    580 
  43   42    17    425 
  43   43    18    466 
  43   44    12    303 
  43   45    15    374 
  43   46    25    630 
  43   47    12    306 
  43   48    25    636 
  43   49    13    331 
  44    0     8    212 
  44    1    23    573 
  44    2    18    458 
  44    3    15    375 
  44    4    23    575 
  44    5    28    707 
  44    6    25    635 
  44    7    29    717 
  44    8     9    225 
  44    9    14    368 
  44   10    23    589 
  44   11    30    745 
  44   12    13    327 
  44   13    26    655 
  44   14    10    267 
  44   15    26    644 
  44   16    31    784 
  44   17    30    749 
  44   18     9    234 
  44   19    19    491 
  44   20    27    670 
  44   21    25    619 
  44   22    29    718 
  44   23    17    428 
  44   24    18    457 
  44   25    24    594 
  44   26    25    635 
  44   27    31    781 
  44   28    26    662 
  44   29    26    644 
  44   30    18    456 
  44   31    22    551 
  44   32    13    335 
  44   33    11    276 
  44   34    20    504 
  44   35    29    726 
  44   36    26    655 
  44   37    19    471 
  44   38    19    487 
  44   39    31    783 
  44   40    19    483 
  44   41    23    571 
  44   42    12    318 
  44   43     8    200 
  44   44    24    593 
  44   45    20    496 
  44   46    29    719 
  44   47    30    752 
  44   48    27    674 
  44   49    31    776 
  45    0    24    602 
  45    1    22    547 
  45    2    18    465 
  45    3    31    783 
  45    4    27    681 
  45    5    28    698 
  45    6    20    512 
  45    7    17    419 
  45    8    20    513 
  45    9    12    308 
  45   10    17    442 
  45   11     9    230 
  45   12    11    290 
  45   13    25    622 
  45   14     9    234 
  45   15    19    481 
  45   16    27    683 
  45   17    30    748 
  45   18    19    473 
  45   19    21    537 
  45   20    25    615 
  45   21     8    216 
  45   22    25    633 
  45   23    27    676 
  45   24    19    490 
  45   25     8    210 
  45   26    22    554 
  45   27    11    285 
  45   28    17    441 
  45   29    30    742 
  45   30    11    292 
  45   31    27    680 
  45   32    24    592 
  45   33    10    257 
  45   34    29    721 
  45   35    19    488 
  45   36    20    503 
  45   37    23    583 
  45   38    28    699 
  45   39    21    541 
  45   40    10    268 
  45   41    17    431 
  45   42    27    673 
  45   43    13    334 
  45   44    16    398 
  45   45    31    773 
  45   46    22    565 
  45   47    21    535 
  45   48    28    695 
  45   49    24    595 
  46    0    10    259 
  46    1    11    286 
  46    2    19    482 
  46    3    25    634 
  46    4    18    456 
  46    5    25    618 
  46    6    20    500 
  46    7    10    248 
  46    8    13    340 
  46    9    24    613 
  46   10    25    626 
  46   11    28    707 
  46   12    15    386 
  46   13    19    477 
  46   14    23    590 
  46   15    12    307 
  46   16    12    305 
  46   17    19    478 
  46   18    18    451 
  46   19    20    496 
  46   20    16    394 
  46   21     9    233 
  46   22    19    478 
  46   23    29    737 
  46   24    12    309 
  46   25    26    660 
  46   26    21    526 
  46   27    13    336 
  46   28    13    339 
  46   29    19    470 
  46   30    30    749 
  46   31    12    309 
  46   32    22    552 
  46   33    24    595 
  46   34    23    584 
  46   35    15    381 
  46   36    17    438 
  46   37    30    756 
  46   38    22    565 
  46   39    23    589 
  46   40    26    653 
  46   41    24    613 
  46   42    31    779 
  46   43    30    760 
  46   44    14    346 
  46   45    11    293 
  46   46    25    626 
  46   47    28    696 
  46   48    20    516 
  46   49    22    559 
  47    0    24    595 
  47    1    25    631 
  47    2    14    356 
  47    3    25    625 
  47    4    17    426 
  47    5    28    701 
  47    6    13    340 
  47    7    11    292 
  47    8     8    201 
  47    9    21    517 
  47   10    20    497 
  47   11    32    791 
  47   12    27    670 
  47   13    29    734 
  47   14    27    687 
  47   15     8    202 
  47   16    23    566 
  47   17    22    563 
  47   18    14    358 
  47   19    14    357 
  47   20    10    261 
  47   21    21    535 
  47   22    29    730 
  47   23    21    520 
  47   24    17    442 
  47   25    31    771 
  47   26    12    314 
  47   27    13    335 
  47   28    14    351 
  47   29    17    422 
  47   30    22    557 
  47   31    31    778 
  47   32    31    782 
  47   33    24    601 
  47   34    11    272 
  47   35    24    608 
  47   36    22    555 
  47   37    25    624 
  47   38    13    342 
  47   39    28    695 
  47   40     8    209 
  47   41    32    790 
  47   42    28    700 
  47   43    23    571 
  47   44    21    535 
  47   45    20    511 
  47   46    25    627 
  47   47    20    514 
  47   48    19    475 
  47   49    21    527 
  48    0    17    436 
  48    1    24    599 
  48    2    23    587 
  48    3    30    761 
  48    4    17    437 
  48    5    24    601 
  48    6    32    791 
  48    7    15    391 
  48    8    23    590 
  48    9    27    685 
  48   10    23    576 
  48   11    31    774 
  48   12    21    520 
  48   13    12    299 
  48   14    14    346 
  48   15    28    691 
  48   16    12    297 
  48   17    27    670 
  48   18    24    614 
  48   19    14    356 
  48   20    17    440 
  48   21    23    570 
  48   22    23    570 
  48   23    25    619 
  48   24    16    395 
  48   25    21    536 
  48   26    15    375 
  48   27    11    286 
  48   28    13    332 
  48   29    20    515 
  48   30    29    736 
  48   31    23    579 
  48   32    31    763 
  48   33    16    418 
  48   34    27    670 
  48   35    12    316 
  48   36    20    495 
  48   37    30    760 
  48   38    25    632 
  48   39    18    467 
  48   40    17    426 
  48   41    25    621 
  48   42    21    530 
  48   43    21    525 
  48   44    22    548 
  48   45    14    354 
  48   46     8    201 
  48   47    25    626 
  48   48    18    454 
  48   49    23    572 
  49    0    25    627 
  49    1    24    603 
  49    2    20    493 
  49    3    30    739 
  49    4    29    736 
  49    5    31    768 
  49    6    30    757 
  49    7    14    345 
  49    8    29    733 
  49    9    11    275 
  49   10    15    388 
  49   11    26    655 
  49   12    14    348 
  49   13    30    755 
  49   14    28    693 
  49   15    13    323 
  49   16    19    486 
  49   17    24    594 
  49   18    20    505 
  49   19    11    281 
  49   20    16    405 
  49   21    28    711 
  49   22    19    485 
  49   23    18    443 
  49   24    10    263 
  49   25    19    476 
  49   26    30    754 
  49   27    24    612 
  49   28    18    464 
  49   29    30    753 
  49   30    24    607 
  49   31    17    422 
  49   32     8    208 
  49   33    15    386 
  49   34    15    387 
  49   35    18    462 
  49   36    24    592 
  49   37    21    529 
  49   38    14    367 
  49   39    13    339 
  49   40    11    279 
  49   41    13    324 
  49   42    18    463 
  49   43    19    477 
  49   44    21    518 
  49   45    10    247 
  49   46    25    626 
  49   47    28    697 
  49   48     9    232 
  49   49    30    757 
