 50
 50

    7
   14
   20
    2
   14
   16
    4
    7
    5
   10
    9
   20
   10
   14
    3
   17
   17
    1
    7
    8
   15
   13
    6
   10
   14
   15
   10
    6
   11
    6
    1
   14
   10
   18
   16
   10
   18
    2
   16
   12
   17
   18
    9
   10
   15
    9
    7
   17
    7
   16

   13
   10
    8
   11
   11
   11
   16
    6
   14
   19
   17
   18
    5
    8
   13
    3
   11
   18
    5
   13
   19
   18
   16
   12
    6
    4
   13
   16
    6
    5
    2
    7
    2
    9
   18
    2
    5
   20
   14
    8
   17
   13
   19
    5
   16
   12
    7
    4
   16
   12

   0    0     7    205 
   0    1    23    665 
   0    2    24    678 
   0    3     8    239 
   0    4    27    768 
   0    5    28    790 
   0    6    22    623 
   0    7    17    492 
   0    8    24    676 
   0    9    14    414 
   0   10    25    708 
   0   11     9    279 
   0   12    22    642 
   0   13    17    481 
   0   14    27    775 
   0   15     7    212 
   0   16    16    469 
   0   17    25    705 
   0   18    16    469 
   0   19    25    706 
   0   20     8    230 
   0   21    21    607 
   0   22    13    365 
   0   23    15    426 
   0   24    19    553 
   0   25    10    288 
   0   26     8    237 
   0   27     7    211 
   0   28    23    660 
   0   29     9    273 
   0   30    16    459 
   0   31    19    554 
   0   32    21    603 
   0   33    16    474 
   0   34    19    550 
   0   35     7    217 
   0   36    14    412 
   0   37    11    323 
   0   38    12    344 
   0   39    10    283 
   0   40    18    505 
   0   41    10    296 
   0   42     8    248 
   0   43    24    673 
   0   44    28    792 
   0   45    20    571 
   0   46    22    631 
   0   47    26    728 
   0   48     8    248 
   0   49     9    268 
   1    0    10    285 
   1    1     7    203 
   1    2    12    360 
   1    3    14    406 
   1    4    27    766 
   1    5    21    614 
   1    6     7    212 
   1    7    22    618 
   1    8    16    472 
   1    9    22    637 
   1   10     7    201 
   1   11    25    700 
   1   12    24    686 
   1   13     7    221 
   1   14    23    656 
   1   15    22    621 
   1   16    15    429 
   1   17    14    402 
   1   18     8    233 
   1   19     9    268 
   1   20    16    453 
   1   21    21    611 
   1   22    17    477 
   1   23    28    786 
   1   24    24    681 
   1   25    20    562 
   1   26     9    276 
   1   27    18    526 
   1   28    20    573 
   1   29    14    398 
   1   30    14    395 
   1   31    18    528 
   1   32    21    590 
   1   33    25    702 
   1   34    13    368 
   1   35    17    482 
   1   36     7    203 
   1   37    19    531 
   1   38    13    370 
   1   39    12    351 
   1   40    15    429 
   1   41    21    614 
   1   42    27    757 
   1   43    13    388 
   1   44    16    457 
   1   45     7    210 
   1   46    23    651 
   1   47     8    230 
   1   48    10    293 
   1   49    11    327 
   2    0    27    764 
   2    1    12    346 
   2    2    13    385 
   2    3    19    539 
   2    4     7    203 
   2    5    14    397 
   2    6     9    261 
   2    7    15    445 
   2    8    11    329 
   2    9    13    368 
   2   10    10    290 
   2   11    17    500 
   2   12     9    252 
   2   13    11    318 
   2   14    14    408 
   2   15    27    782 
   2   16    16    455 
   2   17    12    356 
   2   18    17    487 
   2   19    26    729 
   2   20    14    396 
   2   21     9    268 
   2   22    19    541 
   2   23    25    709 
   2   24    12    353 
   2   25    18    514 
   2   26    20    562 
   2   27    14    417 
   2   28    25    706 
   2   29    10    296 
   2   30    21    588 
   2   31    10    284 
   2   32    12    352 
   2   33    16    452 
   2   34     7    205 
   2   35    10    283 
   2   36    20    586 
   2   37    12    353 
   2   38    13    372 
   2   39    13    382 
   2   40    10    287 
   2   41    22    630 
   2   42    14    414 
   2   43    26    750 
   2   44    24    684 
   2   45    23    656 
   2   46    14    407 
   2   47    22    622 
   2   48    15    438 
   2   49    22    639 
   3    0    18    506 
   3    1     7    202 
   3    2    11    324 
   3    3    21    596 
   3    4    28    798 
   3    5    26    735 
   3    6    19    554 
   3    7    22    630 
   3    8     8    245 
   3    9    14    402 
   3   10    14    399 
   3   11    22    632 
   3   12    14    402 
   3   13    23    649 
   3   14    20    573 
   3   15    14    398 
   3   16    20    572 
   3   17    11    326 
   3   18    18    530 
   3   19    17    484 
   3   20    17    492 
   3   21     8    227 
   3   22    23    652 
   3   23    19    534 
   3   24    13    371 
   3   25    19    555 
   3   26    20    584 
   3   27     7    201 
   3   28    17    495 
   3   29     7    221 
   3   30    13    383 
   3   31    11    312 
   3   32    21    607 
   3   33    22    635 
   3   34    10    303 
   3   35    14    404 
   3   36    27    767 
   3   37    10    302 
   3   38    17    482 
   3   39    18    513 
   3   40    21    604 
   3   41    21    594 
   3   42    10    287 
   3   43    18    521 
   3   44    27    777 
   3   45    27    760 
   3   46    20    583 
   3   47    17    481 
   3   48    22    633 
   3   49     9    270 
   4    0     7    202 
   4    1    22    638 
   4    2    20    570 
   4    3     9    259 
   4    4    22    628 
   4    5    24    675 
   4    6    17    476 
   4    7    17    475 
   4    8    14    398 
   4    9    11    320 
   4   10    27    762 
   4   11    21    604 
   4   12    20    574 
   4   13    13    390 
   4   14     9    274 
   4   15    13    379 
   4   16    19    546 
   4   17    11    318 
   4   18    15    433 
   4   19    12    357 
   4   20    13    365 
   4   21    15    428 
   4   22    22    621 
   4   23    18    511 
   4   24    15    444 
   4   25    27    776 
   4   26     7    222 
   4   27    12    350 
   4   28    22    621 
   4   29    11    312 
   4   30    17    498 
   4   31     7    215 
   4   32    16    462 
   4   33    14    393 
   4   34    14    392 
   4   35    21    604 
   4   36    20    579 
   4   37    24    674 
   4   38    17    491 
   4   39    17    476 
   4   40    13    372 
   4   41    13    388 
   4   42     8    250 
   4   43    18    527 
   4   44    22    628 
   4   45     9    256 
   4   46    28    791 
   4   47    27    764 
   4   48    15    442 
   4   49    24    698 
   5    0     9    276 
   5    1    27    780 
   5    2    13    365 
   5    3    18    530 
   5    4    28    788 
   5    5    19    540 
   5    6    13    377 
   5    7    17    482 
   5    8    15    431 
   5    9    16    462 
   5   10    10    283 
   5   11    20    564 
   5   12    19    535 
   5   13    10    293 
   5   14    16    455 
   5   15    21    600 
   5   16    28    791 
   5   17     9    270 
   5   18    17    492 
   5   19    23    643 
   5   20    16    466 
   5   21    26    737 
   5   22    19    532 
   5   23    24    685 
   5   24    20    562 
   5   25    13    370 
   5   26    25    723 
   5   27    25    724 
   5   28    15    438 
   5   29    13    383 
   5   30    24    697 
   5   31    17    483 
   5   32    11    329 
   5   33    12    359 
   5   34    21    605 
   5   35     9    257 
   5   36    25    710 
   5   37    25    704 
   5   38    22    626 
   5   39     8    226 
   5   40     8    224 
   5   41    17    501 
   5   42    21    588 
   5   43    23    649 
   5   44     9    252 
   5   45     9    276 
   5   46    22    619 
   5   47    22    638 
   5   48    13    374 
   5   49    18    517 
   6    0    21    598 
   6    1     9    264 
   6    2    27    762 
   6    3    20    581 
   6    4    13    391 
   6    5    23    647 
   6    6    27    764 
   6    7    11    309 
   6    8    12    343 
   6    9    13    379 
   6   10     8    234 
   6   11    17    500 
   6   12     9    278 
   6   13    14    405 
   6   14    28    783 
   6   15    14    397 
   6   16    18    510 
   6   17    28    792 
   6   18    22    617 
   6   19    16    460 
   6   20    21    593 
   6   21    24    697 
   6   22    24    689 
   6   23     9    266 
   6   24    25    712 
   6   25    26    754 
   6   26    12    353 
   6   27     8    227 
   6   28     9    253 
   6   29    20    559 
   6   30    22    623 
   6   31    11    308 
   6   32    15    435 
   6   33    12    363 
   6   34     8    249 
   6   35    16    457 
   6   36    16    466 
   6   37    12    355 
   6   38    23    651 
   6   39    13    370 
   6   40    26    733 
   6   41    14    408 
   6   42    20    571 
   6   43     9    267 
   6   44    22    620 
   6   45    24    696 
   6   46    27    778 
   6   47     8    238 
   6   48    24    672 
   6   49    16    460 
   7    0    26    736 
   7    1    13    391 
   7    2    23    656 
   7    3    28    795 
   7    4    23    669 
   7    5     9    268 
   7    6    23    653 
   7    7    12    353 
   7    8    23    654 
   7    9    27    764 
   7   10     9    263 
   7   11    26    743 
   7   12    16    459 
   7   13    19    550 
   7   14    14    414 
   7   15    26    738 
   7   16    18    513 
   7   17    17    481 
   7   18    25    710 
   7   19     8    249 
   7   20    19    540 
   7   21    14    400 
   7   22    22    642 
   7   23    24    686 
   7   24    24    690 
   7   25     9    276 
   7   26    10    294 
   7   27    25    714 
   7   28     7    213 
   7   29     8    229 
   7   30    13    381 
   7   31    19    532 
   7   32    24    694 
   7   33    16    457 
   7   34    14    396 
   7   35    23    667 
   7   36    13    387 
   7   37    20    579 
   7   38    22    627 
   7   39    22    634 
   7   40    13    370 
   7   41    24    680 
   7   42    26    728 
   7   43    14    415 
   7   44    16    470 
   7   45    27    765 
   7   46    20    566 
   7   47    27    760 
   7   48    26    733 
   7   49    27    774 
   8    0    21    592 
   8    1     7    209 
   8    2    19    538 
   8    3    22    641 
   8    4    19    552 
   8    5    14    400 
   8    6    14    403 
   8    7     8    239 
   8    8    21    603 
   8    9    15    436 
   8   10    23    657 
   8   11    19    534 
   8   12    24    695 
   8   13    22    623 
   8   14    26    740 
   8   15    21    598 
   8   16    13    373 
   8   17     7    217 
   8   18    28    797 
   8   19    26    751 
   8   20     7    210 
   8   21    20    585 
   8   22     9    254 
   8   23     9    262 
   8   24    10    302 
   8   25    23    647 
   8   26     7    201 
   8   27    20    560 
   8   28     8    227 
   8   29    12    342 
   8   30    15    429 
   8   31     7    205 
   8   32     9    273 
   8   33    16    450 
   8   34    12    356 
   8   35     9    271 
   8   36    11    335 
   8   37    26    742 
   8   38    16    465 
   8   39    14    392 
   8   40    19    557 
   8   41    19    538 
   8   42     9    254 
   8   43    10    280 
   8   44    28    799 
   8   45    10    289 
   8   46     8    236 
   8   47    26    735 
   8   48    22    633 
   8   49    11    308 
   9    0    22    633 
   9    1    16    474 
   9    2    14    401 
   9    3    10    283 
   9    4    26    743 
   9    5    22    638 
   9    6    27    762 
   9    7    27    776 
   9    8     9    263 
   9    9    11    331 
   9   10     7    210 
   9   11    16    459 
   9   12    10    293 
   9   13    11    318 
   9   14    10    289 
   9   15    13    366 
   9   16    15    437 
   9   17    14    405 
   9   18    22    628 
   9   19    12    357 
   9   20    15    423 
   9   21    12    351 
   9   22    26    750 
   9   23    18    511 
   9   24    20    571 
   9   25    17    480 
   9   26    13    386 
   9   27    16    462 
   9   28    22    631 
   9   29    26    736 
   9   30    24    689 
   9   31    22    618 
   9   32    10    296 
   9   33    17    487 
   9   34    11    327 
   9   35    10    290 
   9   36    28    785 
   9   37    19    540 
   9   38    22    627 
   9   39    27    761 
   9   40    18    510 
   9   41     8    244 
   9   42    12    344 
   9   43    18    511 
   9   44    15    441 
   9   45    19    541 
   9   46    12    352 
   9   47    19    547 
   9   48     8    230 
   9   49    16    466 
  10    0     7    223 
  10    1    19    553 
  10    2    15    426 
  10    3    12    338 
  10    4    13    374 
  10    5    17    491 
  10    6    23    662 
  10    7    16    452 
  10    8    11    312 
  10    9    28    786 
  10   10    25    708 
  10   11    27    768 
  10   12    16    452 
  10   13    21    609 
  10   14    21    606 
  10   15    24    697 
  10   16     9    252 
  10   17    17    485 
  10   18    19    554 
  10   19    15    423 
  10   20    11    310 
  10   21    11    314 
  10   22    23    662 
  10   23    21    599 
  10   24    25    707 
  10   25    12    360 
  10   26    14    413 
  10   27    19    544 
  10   28     9    265 
  10   29    28    789 
  10   30    17    487 
  10   31    10    299 
  10   32    21    594 
  10   33    13    377 
  10   34    12    360 
  10   35    18    526 
  10   36    16    462 
  10   37    13    371 
  10   38    11    313 
  10   39    21    591 
  10   40    17    476 
  10   41    17    479 
  10   42    26    736 
  10   43    23    658 
  10   44     8    242 
  10   45    23    648 
  10   46    28    785 
  10   47    20    575 
  10   48    14    397 
  10   49    22    630 
  11    0     7    222 
  11    1    16    467 
  11    2    22    629 
  11    3    25    711 
  11    4    11    310 
  11    5    11    318 
  11    6    13    365 
  11    7    14    407 
  11    8    12    347 
  11    9    11    315 
  11   10     7    206 
  11   11    10    281 
  11   12    12    338 
  11   13    27    772 
  11   14    13    374 
  11   15    21    597 
  11   16    24    682 
  11   17    15    440 
  11   18    13    385 
  11   19    24    689 
  11   20    14    406 
  11   21    27    774 
  11   22    23    658 
  11   23    28    787 
  11   24    15    438 
  11   25    17    501 
  11   26    25    699 
  11   27    10    285 
  11   28    17    500 
  11   29    10    298 
  11   30    10    292 
  11   31    24    692 
  11   32    20    559 
  11   33    17    484 
  11   34    13    373 
  11   35    19    551 
  11   36    25    712 
  11   37     9    261 
  11   38    16    465 
  11   39    22    629 
  11   40    13    381 
  11   41    24    684 
  11   42    16    471 
  11   43    14    397 
  11   44    10    299 
  11   45    27    774 
  11   46    10    298 
  11   47    13    375 
  11   48    13    388 
  11   49    17    500 
  12    0    27    756 
  12    1    19    538 
  12    2    26    749 
  12    3    25    702 
  12    4    11    335 
  12    5    25    703 
  12    6    24    679 
  12    7    13    372 
  12    8    18    518 
  12    9    21    603 
  12   10    27    773 
  12   11    27    755 
  12   12    21    599 
  12   13     8    235 
  12   14    20    560 
  12   15    20    585 
  12   16    28    799 
  12   17    11    308 
  12   18    19    539 
  12   19    28    795 
  12   20    21    596 
  12   21    20    576 
  12   22    24    677 
  12   23    12    341 
  12   24    28    791 
  12   25    25    725 
  12   26    25    700 
  12   27     7    216 
  12   28    23    670 
  12   29    20    567 
  12   30     9    271 
  12   31    18    503 
  12   32     7    213 
  12   33     8    231 
  12   34    15    444 
  12   35     7    208 
  12   36    13    383 
  12   37    24    673 
  12   38    21    603 
  12   39    10    297 
  12   40     8    234 
  12   41    22    640 
  12   42    13    380 
  12   43    21    595 
  12   44    15    426 
  12   45    18    513 
  12   46    26    730 
  12   47     9    254 
  12   48     9    277 
  12   49    16    472 
  13    0    16    473 
  13    1    21    594 
  13    2     8    224 
  13    3    22    624 
  13    4    18    507 
  13    5    24    675 
  13    6    14    414 
  13    7    12    353 
  13    8     9    273 
  13    9    12    348 
  13   10    10    289 
  13   11    16    451 
  13   12     8    237 
  13   13    17    484 
  13   14    25    721 
  13   15    16    463 
  13   16     7    209 
  13   17    26    752 
  13   18    25    721 
  13   19    25    720 
  13   20     7    212 
  13   21    10    307 
  13   22    17    497 
  13   23    23    650 
  13   24    13    365 
  13   25    12    350 
  13   26    22    615 
  13   27    10    293 
  13   28    24    687 
  13   29    14    418 
  13   30    18    529 
  13   31    14    405 
  13   32    25    723 
  13   33    10    300 
  13   34    21    609 
  13   35    26    753 
  13   36    22    630 
  13   37    11    334 
  13   38    17    480 
  13   39    15    446 
  13   40    21    602 
  13   41    25    701 
  13   42     9    266 
  13   43    13    368 
  13   44     7    216 
  13   45    18    513 
  13   46    17    497 
  13   47    26    747 
  13   48    12    345 
  13   49    10    298 
  14    0    21    598 
  14    1    15    436 
  14    2    26    734 
  14    3    13    387 
  14    4    28    793 
  14    5    13    388 
  14    6    27    755 
  14    7    13    377 
  14    8    16    453 
  14    9    21    603 
  14   10    11    333 
  14   11    17    495 
  14   12    25    708 
  14   13    14    398 
  14   14    28    792 
  14   15    11    318 
  14   16     8    224 
  14   17     8    226 
  14   18    12    340 
  14   19    12    351 
  14   20    24    674 
  14   21    27    779 
  14   22    13    390 
  14   23    13    364 
  14   24    14    414 
  14   25     9    259 
  14   26    25    710 
  14   27    19    556 
  14   28    17    485 
  14   29    23    667 
  14   30    26    733 
  14   31    19    550 
  14   32    25    716 
  14   33     8    246 
  14   34    25    707 
  14   35    28    786 
  14   36    26    749 
  14   37    28    797 
  14   38    17    475 
  14   39    21    590 
  14   40    22    623 
  14   41    21    610 
  14   42    18    509 
  14   43    17    482 
  14   44    11    311 
  14   45    17    500 
  14   46    10    283 
  14   47    11    334 
  14   48    16    451 
  14   49    10    283 
  15    0    26    735 
  15    1    18    508 
  15    2     7    201 
  15    3     8    229 
  15    4    22    639 
  15    5    12    340 
  15    6    19    534 
  15    7     9    266 
  15    8    27    756 
  15    9    10    300 
  15   10    19    545 
  15   11    15    422 
  15   12    27    781 
  15   13    11    319 
  15   14    17    478 
  15   15    16    459 
  15   16    17    493 
  15   17     8    245 
  15   18    22    633 
  15   19     7    204 
  15   20    27    776 
  15   21    12    362 
  15   22    21    590 
  15   23     9    256 
  15   24     9    254 
  15   25    11    327 
  15   26    26    733 
  15   27    17    490 
  15   28    18    526 
  15   29    25    711 
  15   30    19    546 
  15   31    10    305 
  15   32    18    503 
  15   33    20    565 
  15   34    15    443 
  15   35    26    749 
  15   36    25    705 
  15   37    19    540 
  15   38    22    621 
  15   39    27    759 
  15   40    10    306 
  15   41    10    298 
  15   42    22    624 
  15   43    21    600 
  15   44    13    366 
  15   45    12    350 
  15   46    27    765 
  15   47    13    384 
  15   48    26    742 
  15   49    26    747 
  16    0     8    226 
  16    1    20    582 
  16    2    11    319 
  16    3    16    456 
  16    4    11    331 
  16    5    10    285 
  16    6    25    718 
  16    7     9    273 
  16    8    16    451 
  16    9    19    533 
  16   10     9    260 
  16   11    15    438 
  16   12    20    583 
  16   13    15    445 
  16   14    17    477 
  16   15    20    577 
  16   16    16    469 
  16   17    14    416 
  16   18    25    699 
  16   19    25    723 
  16   20    12    340 
  16   21    27    766 
  16   22    18    512 
  16   23    16    453 
  16   24    15    423 
  16   25    21    601 
  16   26    25    721 
  16   27    10    300 
  16   28     8    245 
  16   29    14    418 
  16   30    21    612 
  16   31    13    390 
  16   32    20    576 
  16   33    22    633 
  16   34    23    664 
  16   35     8    228 
  16   36    22    638 
  16   37    26    727 
  16   38    11    334 
  16   39     8    227 
  16   40    25    724 
  16   41    17    494 
  16   42    18    523 
  16   43    26    752 
  16   44    20    571 
  16   45    15    430 
  16   46     9    257 
  16   47     8    235 
  16   48    10    300 
  16   49    24    671 
  17    0    10    286 
  17    1    15    442 
  17    2    15    441 
  17    3    25    718 
  17    4    26    745 
  17    5    24    676 
  17    6    23    669 
  17    7    28    785 
  17    8    19    545 
  17    9     8    247 
  17   10     8    238 
  17   11     8    247 
  17   12     7    200 
  17   13    17    488 
  17   14    15    442 
  17   15    22    616 
  17   16    28    783 
  17   17    22    630 
  17   18    27    779 
  17   19    22    639 
  17   20    10    304 
  17   21    12    360 
  17   22    17    498 
  17   23    11    312 
  17   24    13    364 
  17   25    21    597 
  17   26    26    737 
  17   27    18    529 
  17   28    13    386 
  17   29    26    727 
  17   30    13    386 
  17   31    21    592 
  17   32     7    201 
  17   33    21    590 
  17   34    16    457 
  17   35    12    359 
  17   36    22    636 
  17   37     7    200 
  17   38    11    327 
  17   39    23    667 
  17   40     7    207 
  17   41    25    719 
  17   42    19    536 
  17   43    24    697 
  17   44    16    465 
  17   45    10    297 
  17   46    25    710 
  17   47     8    234 
  17   48    27    771 
  17   49    13    378 
  18    0    18    526 
  18    1    15    424 
  18    2    20    571 
  18    3    18    513 
  18    4    11    323 
  18    5    20    570 
  18    6     8    242 
  18    7    19    544 
  18    8    13    381 
  18    9    20    584 
  18   10    18    513 
  18   11     7    213 
  18   12    22    641 
  18   13     7    219 
  18   14    26    732 
  18   15    24    678 
  18   16    26    741 
  18   17    18    523 
  18   18     7    211 
  18   19    13    383 
  18   20    21    593 
  18   21    13    383 
  18   22    18    518 
  18   23     7    207 
  18   24     7    206 
  18   25    23    653 
  18   26    22    638 
  18   27    27    775 
  18   28    11    321 
  18   29    16    462 
  18   30    18    510 
  18   31    24    696 
  18   32    28    787 
  18   33    26    743 
  18   34     8    245 
  18   35     7    214 
  18   36    17    500 
  18   37    13    380 
  18   38    26    747 
  18   39    23    667 
  18   40    28    799 
  18   41    11    324 
  18   42    20    576 
  18   43    14    413 
  18   44    16    465 
  18   45     7    210 
  18   46    18    521 
  18   47    11    328 
  18   48    23    665 
  18   49    25    726 
  19    0    22    638 
  19    1    26    730 
  19    2    21    611 
  19    3    16    451 
  19    4    22    641 
  19    5    24    689 
  19    6    24    683 
  19    7    24    687 
  19    8    28    785 
  19    9    28    798 
  19   10    23    654 
  19   11    16    465 
  19   12    14    405 
  19   13     7    202 
  19   14    11    314 
  19   15    21    601 
  19   16     7    206 
  19   17    26    749 
  19   18    18    529 
  19   19    15    438 
  19   20     8    243 
  19   21    20    580 
  19   22    18    530 
  19   23    10    307 
  19   24    19    534 
  19   25    22    620 
  19   26    18    527 
  19   27    14    403 
  19   28    17    481 
  19   29    17    498 
  19   30    26    736 
  19   31    14    401 
  19   32    15    423 
  19   33    14    413 
  19   34     8    241 
  19   35     7    205 
  19   36    18    521 
  19   37    11    327 
  19   38    11    328 
  19   39    14    400 
  19   40    16    449 
  19   41    25    705 
  19   42    17    488 
  19   43    14    418 
  19   44    24    674 
  19   45    14    393 
  19   46    18    508 
  19   47    15    430 
  19   48    16    474 
  19   49    13    376 
  20    0    21    605 
  20    1    19    546 
  20    2    18    517 
  20    3    11    318 
  20    4    17    475 
  20    5    12    350 
  20    6    23    660 
  20    7    15    422 
  20    8    25    723 
  20    9    13    370 
  20   10    27    765 
  20   11    27    768 
  20   12     7    220 
  20   13    24    671 
  20   14    16    470 
  20   15    24    671 
  20   16    20    582 
  20   17    19    539 
  20   18    19    548 
  20   19    25    713 
  20   20    15    439 
  20   21    27    768 
  20   22    22    633 
  20   23    17    479 
  20   24    27    782 
  20   25     7    201 
  20   26     8    230 
  20   27    14    418 
  20   28     9    273 
  20   29     8    239 
  20   30    15    438 
  20   31    23    652 
  20   32    13    383 
  20   33    10    286 
  20   34    19    558 
  20   35    12    339 
  20   36    18    528 
  20   37    17    499 
  20   38    22    626 
  20   39    19    533 
  20   40    13    382 
  20   41    10    297 
  20   42     7    219 
  20   43     8    224 
  20   44    14    404 
  20   45    26    741 
  20   46    28    795 
  20   47    22    634 
  20   48    16    473 
  20   49    10    301 
  21    0    13    375 
  21    1    20    572 
  21    2    27    759 
  21    3    21    591 
  21    4    21    588 
  21    5    25    705 
  21    6    28    783 
  21    7    23    650 
  21    8    18    517 
  21    9     7    219 
  21   10     8    250 
  21   11     9    261 
  21   12    26    741 
  21   13    23    657 
  21   14     8    234 
  21   15    26    750 
  21   16    25    715 
  21   17    21    608 
  21   18     9    253 
  21   19    24    684 
  21   20    25    726 
  21   21    16    470 
  21   22    27    757 
  21   23    28    786 
  21   24    19    534 
  21   25    17    495 
  21   26    25    706 
  21   27    23    645 
  21   28    18    526 
  21   29    10    298 
  21   30    21    593 
  21   31    28    788 
  21   32    26    728 
  21   33    18    509 
  21   34    12    336 
  21   35    22    620 
  21   36    16    454 
  21   37    26    747 
  21   38    25    714 
  21   39     8    244 
  21   40    27    757 
  21   41    25    704 
  21   42    26    751 
  21   43    22    620 
  21   44    28    794 
  21   45    25    702 
  21   46    10    282 
  21   47    25    721 
  21   48     9    259 
  21   49    22    626 
  22    0    21    613 
  22    1    25    726 
  22    2    23    655 
  22    3    11    332 
  22    4    27    757 
  22    5    12    336 
  22    6    18    527 
  22    7    11    309 
  22    8    27    765 
  22    9    21    594 
  22   10    10    301 
  22   11     7    211 
  22   12    19    534 
  22   13    10    306 
  22   14    23    656 
  22   15    25    724 
  22   16    20    583 
  22   17    12    342 
  22   18    13    365 
  22   19     7    209 
  22   20    10    288 
  22   21     8    250 
  22   22    21    614 
  22   23     8    228 
  22   24    17    479 
  22   25    24    695 
  22   26    23    664 
  22   27    14    397 
  22   28    16    451 
  22   29     7    202 
  22   30    16    449 
  22   31    11    318 
  22   32    26    753 
  22   33    23    643 
  22   34    26    730 
  22   35    27    769 
  22   36    10    298 
  22   37    28    783 
  22   38    15    422 
  22   39    23    652 
  22   40    27    778 
  22   41    14    396 
  22   42    28    787 
  22   43    22    642 
  22   44    19    554 
  22   45    19    554 
  22   46    11    308 
  22   47     9    264 
  22   48    26    727 
  22   49    12    337 
  23    0    28    797 
  23    1    17    476 
  23    2    18    511 
  23    3    14    409 
  23    4    19    535 
  23    5     9    261 
  23    6    17    502 
  23    7    14    411 
  23    8    13    385 
  23    9    10    301 
  23   10    27    757 
  23   11    26    728 
  23   12    10    294 
  23   13    11    318 
  23   14    10    296 
  23   15    23    658 
  23   16    22    641 
  23   17    21    609 
  23   18    20    559 
  23   19    16    455 
  23   20    20    574 
  23   21    16    473 
  23   22     9    279 
  23   23    12    347 
  23   24    17    501 
  23   25     9    267 
  23   26    14    397 
  23   27    19    556 
  23   28     9    271 
  23   29    26    749 
  23   30     8    243 
  23   31    16    467 
  23   32    25    707 
  23   33    19    534 
  23   34    24    674 
  23   35     9    274 
  23   36     7    206 
  23   37    11    318 
  23   38    10    303 
  23   39    27    779 
  23   40    22    620 
  23   41    10    296 
  23   42    13    389 
  23   43    11    329 
  23   44    27    761 
  23   45    28    794 
  23   46    23    659 
  23   47     9    276 
  23   48    15    442 
  23   49    16    461 
  24    0    25    720 
  24    1    13    387 
  24    2    21    603 
  24    3    14    399 
  24    4     7    218 
  24    5    23    660 
  24    6    26    733 
  24    7     7    201 
  24    8    17    502 
  24    9    10    296 
  24   10    14    403 
  24   11    20    584 
  24   12    22    630 
  24   13    17    485 
  24   14    21    592 
  24   15     7    211 
  24   16    15    420 
  24   17    21    614 
  24   18    13    385 
  24   19    10    282 
  24   20    17    501 
  24   21    10    294 
  24   22     9    253 
  24   23     8    242 
  24   24    25    717 
  24   25    12    341 
  24   26    21    595 
  24   27    19    536 
  24   28    26    731 
  24   29    26    750 
  24   30    26    735 
  24   31    20    571 
  24   32    23    653 
  24   33    17    486 
  24   34    21    601 
  24   35    20    567 
  24   36    10    281 
  24   37     8    230 
  24   38    23    652 
  24   39     9    253 
  24   40    28    795 
  24   41    13    373 
  24   42    14    399 
  24   43    26    743 
  24   44    11    313 
  24   45    13    369 
  24   46    22    636 
  24   47    18    514 
  24   48    15    421 
  24   49    15    443 
  25    0    27    782 
  25    1     8    227 
  25    2    27    760 
  25    3    23    657 
  25    4     8    228 
  25    5    20    580 
  25    6    28    797 
  25    7    23    656 
  25    8    28    785 
  25    9    19    531 
  25   10    21    592 
  25   11    15    445 
  25   12    14    394 
  25   13    10    304 
  25   14    10    290 
  25   15    13    386 
  25   16     7    210 
  25   17    10    307 
  25   18    14    398 
  25   19     9    271 
  25   20    22    630 
  25   21    20    581 
  25   22    23    662 
  25   23    10    286 
  25   24    15    425 
  25   25    17    480 
  25   26    14    396 
  25   27     9    271 
  25   28    26    730 
  25   29    11    314 
  25   30    17    501 
  25   31    11    331 
  25   32    23    661 
  25   33    21    598 
  25   34    24    678 
  25   35    27    765 
  25   36    13    369 
  25   37    18    530 
  25   38    13    377 
  25   39    21    609 
  25   40    12    360 
  25   41    26    729 
  25   42     8    226 
  25   43    13    385 
  25   44    12    357 
  25   45    27    781 
  25   46    19    546 
  25   47    14    395 
  25   48    15    432 
  25   49    21    600 
  26    0    25    721 
  26    1    23    655 
  26    2    17    486 
  26    3    13    379 
  26    4    17    498 
  26    5    25    723 
  26    6     8    230 
  26    7    24    673 
  26    8    23    660 
  26    9    19    547 
  26   10    17    479 
  26   11    20    576 
  26   12    10    285 
  26   13    10    295 
  26   14    12    355 
  26   15    27    769 
  26   16    13    385 
  26   17    21    604 
  26   18    16    467 
  26   19    16    461 
  26   20    17    495 
  26   21     7    208 
  26   22    23    647 
  26   23    20    559 
  26   24    15    439 
  26   25    10    282 
  26   26    24    698 
  26   27    23    670 
  26   28    12    357 
  26   29    19    548 
  26   30    22    620 
  26   31    26    734 
  26   32    27    759 
  26   33    10    280 
  26   34    10    300 
  26   35    21    595 
  26   36    16    472 
  26   37    23    667 
  26   38    10    288 
  26   39    20    559 
  26   40     8    246 
  26   41    19    549 
  26   42    15    427 
  26   43    14    416 
  26   44    13    374 
  26   45    14    393 
  26   46    23    669 
  26   47     9    256 
  26   48    18    520 
  26   49    24    675 
  27    0    11    314 
  27    1    26    727 
  27    2    16    451 
  27    3    24    677 
  27    4    24    697 
  27    5     7    216 
  27    6    18    509 
  27    7    11    333 
  27    8    20    574 
  27    9    26    734 
  27   10     7    216 
  27   11    21    613 
  27   12    21    596 
  27   13    26    735 
  27   14     8    242 
  27   15    12    336 
  27   16    17    490 
  27   17    13    381 
  27   18     8    240 
  27   19    11    323 
  27   20    23    658 
  27   21    12    347 
  27   22    12    343 
  27   23    25    719 
  27   24    16    460 
  27   25    26    731 
  27   26     9    261 
  27   27    15    441 
  27   28    26    729 
  27   29    27    769 
  27   30    18    504 
  27   31    16    451 
  27   32    11    327 
  27   33    27    768 
  27   34    19    548 
  27   35    21    596 
  27   36    12    344 
  27   37    20    577 
  27   38    18    506 
  27   39    12    336 
  27   40    13    369 
  27   41    18    515 
  27   42    13    389 
  27   43    15    428 
  27   44    12    337 
  27   45    15    423 
  27   46    11    322 
  27   47    14    408 
  27   48     9    270 
  27   49    23    646 
  28    0    26    754 
  28    1     8    224 
  28    2    11    321 
  28    3    24    694 
  28    4     8    245 
  28    5    18    525 
  28    6    19    546 
  28    7    21    593 
  28    8    26    728 
  28    9    10    298 
  28   10    16    474 
  28   11    10    290 
  28   12    19    556 
  28   13     7    208 
  28   14    12    347 
  28   15     9    265 
  28   16    20    579 
  28   17    25    705 
  28   18    17    491 
  28   19     9    277 
  28   20    17    488 
  28   21    10    290 
  28   22    27    778 
  28   23    15    420 
  28   24    12    345 
  28   25    28    791 
  28   26    10    288 
  28   27    23    668 
  28   28    21    596 
  28   29    20    572 
  28   30    14    395 
  28   31    28    784 
  28   32    11    308 
  28   33    25    715 
  28   34     9    273 
  28   35    21    592 
  28   36    25    720 
  28   37    17    497 
  28   38    22    620 
  28   39     8    229 
  28   40    18    505 
  28   41    15    444 
  28   42    19    544 
  28   43    26    750 
  28   44     9    252 
  28   45    27    761 
  28   46    17    499 
  28   47    25    709 
  28   48    24    687 
  28   49    21    587 
  29    0    23    656 
  29    1    15    439 
  29    2    14    392 
  29    3    13    368 
  29    4    14    406 
  29    5     7    209 
  29    6    20    559 
  29    7    14    397 
  29    8    26    737 
  29    9    12    361 
  29   10    10    305 
  29   11    18    503 
  29   12    24    675 
  29   13    15    434 
  29   14    12    347 
  29   15    10    301 
  29   16    25    721 
  29   17    22    630 
  29   18    21    613 
  29   19    27    765 
  29   20    11    331 
  29   21    27    762 
  29   22     9    267 
  29   23     9    252 
  29   24     9    271 
  29   25    23    663 
  29   26     9    275 
  29   27    23    644 
  29   28    11    334 
  29   29    18    510 
  29   30     8    245 
  29   31    15    440 
  29   32    20    562 
  29   33    18    517 
  29   34    15    430 
  29   35    13    370 
  29   36     9    259 
  29   37    19    535 
  29   38    22    625 
  29   39    16    447 
  29   40    23    664 
  29   41    21    591 
  29   42    25    714 
  29   43    25    706 
  29   44    13    373 
  29   45    15    438 
  29   46     8    233 
  29   47    22    617 
  29   48     9    254 
  29   49    11    330 
  30    0     9    272 
  30    1    17    486 
  30    2    19    554 
  30    3    20    571 
  30    4    14    412 
  30    5    21    602 
  30    6    23    661 
  30    7    26    741 
  30    8    13    381 
  30    9    27    763 
  30   10    21    603 
  30   11    18    514 
  30   12    16    463 
  30   13    19    537 
  30   14    13    377 
  30   15    25    704 
  30   16    14    404 
  30   17    10    298 
  30   18    16    453 
  30   19    18    513 
  30   20    10    282 
  30   21    12    352 
  30   22    12    352 
  30   23    27    779 
  30   24    22    618 
  30   25    11    314 
  30   26    19    552 
  30   27    13    390 
  30   28    12    361 
  30   29    10    283 
  30   30    11    330 
  30   31     8    239 
  30   32     7    212 
  30   33    17    477 
  30   34    23    646 
  30   35    25    711 
  30   36    20    567 
  30   37    22    642 
  30   38    15    440 
  30   39    11    318 
  30   40     7    205 
  30   41    24    679 
  30   42    20    562 
  30   43    10    292 
  30   44    10    292 
  30   45    22    617 
  30   46    25    709 
  30   47    14    412 
  30   48    14    418 
  30   49    10    298 
  31    0    17    501 
  31    1    15    441 
  31    2     8    248 
  31    3    16    459 
  31    4    21    607 
  31    5    17    483 
  31    6     9    259 
  31    7    18    522 
  31    8    16    470 
  31    9    26    752 
  31   10    21    588 
  31   11    14    394 
  31   12    15    421 
  31   13    26    727 
  31   14    11    332 
  31   15    20    584 
  31   16    10    302 
  31   17    14    408 
  31   18    15    423 
  31   19    27    766 
  31   20    22    636 
  31   21    12    351 
  31   22    10    285 
  31   23    15    445 
  31   24    13    386 
  31   25    21    594 
  31   26     7    209 
  31   27    15    440 
  31   28    19    548 
  31   29    12    339 
  31   30    26    743 
  31   31    17    487 
  31   32    20    568 
  31   33    10    280 
  31   34    13    387 
  31   35    21    608 
  31   36     8    245 
  31   37    20    573 
  31   38    14    414 
  31   39    20    579 
  31   40    21    612 
  31   41    28    789 
  31   42    19    548 
  31   43    21    600 
  31   44    18    521 
  31   45    27    756 
  31   46    26    753 
  31   47     8    225 
  31   48    15    420 
  31   49    12    358 
  32    0    24    674 
  32    1    17    498 
  32    2    10    287 
  32    3    15    419 
  32    4    15    435 
  32    5    12    339 
  32    6     9    271 
  32    7    23    662 
  32    8     7    204 
  32    9    24    695 
  32   10    18    524 
  32   11    16    456 
  32   12    25    720 
  32   13     7    214 
  32   14    28    792 
  32   15    20    573 
  32   16    13    367 
  32   17    12    346 
  32   18    13    384 
  32   19     8    224 
  32   20    20    565 
  32   21    20    563 
  32   22     9    258 
  32   23    10    291 
  32   24    21    591 
  32   25    20    568 
  32   26    15    438 
  32   27    13    365 
  32   28    21    611 
  32   29     7    222 
  32   30    24    690 
  32   31    11    322 
  32   32     8    249 
  32   33    12    345 
  32   34    26    730 
  32   35    18    522 
  32   36    15    430 
  32   37    18    526 
  32   38    24    698 
  32   39    20    576 
  32   40    24    676 
  32   41    13    367 
  32   42     9    277 
  32   43    19    531 
  32   44    18    513 
  32   45    20    569 
  32   46    15    420 
  32   47    10    297 
  32   48     9    261 
  32   49    27    777 
  33    0    26    750 
  33    1     9    262 
  33    2    16    466 
  33    3    26    729 
  33    4    18    518 
  33    5     9    257 
  33    6     7    216 
  33    7    22    638 
  33    8    16    448 
  33    9     8    251 
  33   10    17    495 
  33   11    25    707 
  33   12     8    229 
  33   13    23    667 
  33   14    11    335 
  33   15    18    520 
  33   16    16    451 
  33   17    17    484 
  33   18    20    579 
  33   19    16    460 
  33   20    23    659 
  33   21    26    738 
  33   22     8    251 
  33   23     8    233 
  33   24    25    722 
  33   25    15    440 
  33   26     7    216 
  33   27    14    416 
  33   28    18    527 
  33   29     9    267 
  33   30    18    517 
  33   31    12    359 
  33   32    13    366 
  33   33    25    709 
  33   34    24    693 
  33   35    22    615 
  33   36    23    670 
  33   37    26    752 
  33   38     8    242 
  33   39     9    276 
  33   40    14    411 
  33   41    25    699 
  33   42    11    324 
  33   43    28    788 
  33   44    19    555 
  33   45    28    796 
  33   46    11    329 
  33   47    14    392 
  33   48    17    497 
  33   49    19    551 
  34    0     8    237 
  34    1    14    394 
  34    2    13    372 
  34    3     9    272 
  34    4    24    682 
  34    5    20    570 
  34    6    11    319 
  34    7     7    221 
  34    8    17    488 
  34    9    22    619 
  34   10    13    383 
  34   11    10    306 
  34   12    26    732 
  34   13    21    599 
  34   14    18    525 
  34   15     8    232 
  34   16    18    526 
  34   17    10    302 
  34   18    12    354 
  34   19    10    300 
  34   20    11    320 
  34   21    19    538 
  34   22    21    598 
  34   23    20    559 
  34   24    19    549 
  34   25    13    372 
  34   26    17    492 
  34   27    13    380 
  34   28    13    371 
  34   29    11    313 
  34   30     9    267 
  34   31    17    476 
  34   32    15    439 
  34   33    28    783 
  34   34    13    367 
  34   35    25    711 
  34   36     7    203 
  34   37    16    467 
  34   38    11    320 
  34   39    10    283 
  34   40    13    375 
  34   41    26    731 
  34   42    27    771 
  34   43     8    245 
  34   44    11    333 
  34   45    23    644 
  34   46    19    534 
  34   47    21    614 
  34   48    26    749 
  34   49    11    332 
  35    0    13    389 
  35    1    24    698 
  35    2     8    247 
  35    3    12    353 
  35    4    21    604 
  35    5    11    334 
  35    6    23    670 
  35    7    28    796 
  35    8    13    381 
  35    9    21    610 
  35   10    23    662 
  35   11    22    629 
  35   12     8    227 
  35   13    27    777 
  35   14    15    433 
  35   15    27    767 
  35   16     9    257 
  35   17     7    223 
  35   18    14    405 
  35   19     9    260 
  35   20    23    669 
  35   21    10    281 
  35   22    14    401 
  35   23     8    243 
  35   24    13    385 
  35   25    27    781 
  35   26    21    614 
  35   27    20    573 
  35   28    28    793 
  35   29    26    740 
  35   30    18    507 
  35   31     8    246 
  35   32    14    413 
  35   33    25    718 
  35   34    27    768 
  35   35    20    576 
  35   36    25    725 
  35   37    12    350 
  35   38    24    691 
  35   39     9    255 
  35   40    20    584 
  35   41    27    774 
  35   42    20    582 
  35   43     9    264 
  35   44    24    686 
  35   45    19    540 
  35   46    19    546 
  35   47    10    288 
  35   48    21    594 
  35   49     9    272 
  36    0    10    303 
  36    1    12    356 
  36    2    20    579 
  36    3    11    322 
  36    4    25    707 
  36    5    10    283 
  36    6    12    344 
  36    7    16    472 
  36    8     8    239 
  36    9    19    536 
  36   10    12    344 
  36   11     8    234 
  36   12    15    423 
  36   13    13    387 
  36   14    12    349 
  36   15    22    625 
  36   16    11    318 
  36   17    20    563 
  36   18     8    236 
  36   19    15    440 
  36   20    10    291 
  36   21    26    748 
  36   22    19    549 
  36   23    18    505 
  36   24     7    200 
  36   25    10    280 
  36   26    22    621 
  36   27     7    211 
  36   28    26    752 
  36   29    25    718 
  36   30    25    701 
  36   31     7    213 
  36   32    16    465 
  36   33    20    579 
  36   34    10    305 
  36   35    10    280 
  36   36    26    740 
  36   37    25    717 
  36   38    19    539 
  36   39     9    261 
  36   40    14    395 
  36   41    26    727 
  36   42     7    213 
  36   43    12    344 
  36   44    26    737 
  36   45    24    698 
  36   46    16    461 
  36   47    21    611 
  36   48    25    711 
  36   49    21    605 
  37    0    14    400 
  37    1    20    572 
  37    2     8    228 
  37    3    10    296 
  37    4    22    636 
  37    5     9    278 
  37    6     9    274 
  37    7    21    605 
  37    8    25    703 
  37    9    22    638 
  37   10    24    671 
  37   11    20    571 
  37   12     9    266 
  37   13    18    526 
  37   14    12    347 
  37   15     7    220 
  37   16    19    544 
  37   17    28    792 
  37   18    19    536 
  37   19    25    700 
  37   20    21    597 
  37   21    16    467 
  37   22    17    499 
  37   23    16    469 
  37   24    13    379 
  37   25    12    336 
  37   26    15    421 
  37   27    15    435 
  37   28    25    723 
  37   29    10    299 
  37   30    20    561 
  37   31    17    487 
  37   32    17    487 
  37   33    18    511 
  37   34    12    360 
  37   35    24    673 
  37   36    22    628 
  37   37    18    519 
  37   38    26    741 
  37   39    20    583 
  37   40    18    505 
  37   41    14    396 
  37   42    26    745 
  37   43    24    679 
  37   44    15    437 
  37   45    28    784 
  37   46    14    411 
  37   47    15    420 
  37   48    14    399 
  37   49     7    201 
  38    0    11    322 
  38    1    27    760 
  38    2    16    460 
  38    3    27    762 
  38    4    25    717 
  38    5    12    359 
  38    6    12    348 
  38    7    17    502 
  38    8     7    210 
  38    9     7    203 
  38   10    17    479 
  38   11    14    411 
  38   12    12    346 
  38   13    21    612 
  38   14     9    266 
  38   15    16    470 
  38   16    26    738 
  38   17    10    302 
  38   18    22    623 
  38   19    26    744 
  38   20    15    423 
  38   21    18    520 
  38   22    13    382 
  38   23    10    288 
  38   24    16    459 
  38   25    21    587 
  38   26    10    297 
  38   27    20    564 
  38   28    20    579 
  38   29     8    246 
  38   30    21    589 
  38   31    20    566 
  38   32    10    286 
  38   33    17    479 
  38   34    12    351 
  38   35    17    481 
  38   36    22    621 
  38   37    25    721 
  38   38    14    408 
  38   39    11    326 
  38   40    15    432 
  38   41     8    235 
  38   42    22    640 
  38   43     7    215 
  38   44    23    662 
  38   45    18    515 
  38   46    19    548 
  38   47    17    486 
  38   48    26    746 
  38   49    27    758 
  39    0    14    399 
  39    1    27    763 
  39    2    11    324 
  39    3    17    476 
  39    4     9    270 
  39    5    22    626 
  39    6    25    722 
  39    7    11    325 
  39    8    26    729 
  39    9    19    545 
  39   10    20    577 
  39   11    22    640 
  39   12    18    528 
  39   13    17    475 
  39   14    18    522 
  39   15    27    761 
  39   16     8    235 
  39   17    17    483 
  39   18    19    553 
  39   19    25    724 
  39   20    15    430 
  39   21    13    372 
  39   22    27    772 
  39   23    13    388 
  39   24    20    575 
  39   25    25    705 
  39   26    12    339 
  39   27    25    714 
  39   28    18    523 
  39   29    25    704 
  39   30    21    614 
  39   31     8    238 
  39   32    12    363 
  39   33    11    313 
  39   34    23    648 
  39   35     8    242 
  39   36    19    547 
  39   37    13    368 
  39   38    10    283 
  39   39    26    728 
  39   40    18    527 
  39   41    19    550 
  39   42    17    482 
  39   43    16    468 
  39   44    23    646 
  39   45    26    741 
  39   46    28    798 
  39   47    12    362 
  39   48    24    672 
  39   49    22    635 
  40    0     9    267 
  40    1    17    496 
  40    2    25    700 
  40    3    13    369 
  40    4    20    562 
  40    5    23    669 
  40    6    21    589 
  40    7    16    452 
  40    8    15    438 
  40    9    19    543 
  40   10    25    710 
  40   11    17    489 
  40   12    18    507 
  40   13    15    432 
  40   14    22    632 
  40   15    23    648 
  40   16    16    461 
  40   17     9    254 
  40   18    19    543 
  40   19    12    356 
  40   20     8    232 
  40   21    14    401 
  40   22    21    596 
  40   23    22    640 
  40   24    18    513 
  40   25    26    734 
  40   26    13    376 
  40   27    18    512 
  40   28    16    472 
  40   29    11    326 
  40   30    15    419 
  40   31     8    238 
  40   32    19    547 
  40   33    17    493 
  40   34    28    794 
  40   35     7    211 
  40   36    18    530 
  40   37    14    398 
  40   38    13    387 
  40   39    14    409 
  40   40    10    285 
  40   41    21    609 
  40   42    10    296 
  40   43    19    545 
  40   44    18    521 
  40   45    18    513 
  40   46    15    433 
  40   47    20    576 
  40   48    25    722 
  40   49    26    732 
  41    0    12    347 
  41    1    14    395 
  41    2    24    675 
  41    3     9    264 
  41    4    22    640 
  41    5     8    229 
  41    6    21    612 
  41    7    26    733 
  41    8    17    487 
  41    9    18    505 
  41   10    23    666 
  41   11    12    358 
  41   12    12    350 
  41   13    10    293 
  41   14    26    749 
  41   15    12    358 
  41   16    26    736 
  41   17    16    474 
  41   18    16    474 
  41   19    10    295 
  41   20    10    299 
  41   21    10    305 
  41   22    17    492 
  41   23    23    648 
  41   24    27    767 
  41   25    27    771 
  41   26    14    399 
  41   27    27    771 
  41   28    28    793 
  41   29    12    341 
  41   30    13    391 
  41   31    14    397 
  41   32     8    226 
  41   33    24    684 
  41   34    28    788 
  41   35    19    554 
  41   36    13    386 
  41   37     8    251 
  41   38    19    552 
  41   39    12    355 
  41   40    14    410 
  41   41    15    427 
  41   42    22    633 
  41   43    14    417 
  41   44    16    472 
  41   45    12    344 
  41   46    20    583 
  41   47    22    636 
  41   48    14    414 
  41   49    24    694 
  42    0    14    413 
  42    1    24    684 
  42    2    12    339 
  42    3    25    710 
  42    4     8    250 
  42    5    15    441 
  42    6    25    701 
  42    7    11    313 
  42    8    13    391 
  42    9    17    492 
  42   10    12    363 
  42   11     7    222 
  42   12    20    579 
  42   13    15    445 
  42   14    10    291 
  42   15    23    645 
  42   16     8    231 
  42   17    17    477 
  42   18    28    791 
  42   19    13    365 
  42   20    16    454 
  42   21    28    787 
  42   22    11    332 
  42   23    23    667 
  42   24    27    759 
  42   25    21    610 
  42   26    17    480 
  42   27    27    777 
  42   28     7    215 
  42   29    15    427 
  42   30    27    759 
  42   31     7    203 
  42   32    10    300 
  42   33    20    571 
  42   34    19    545 
  42   35    15    425 
  42   36    22    640 
  42   37    25    725 
  42   38    24    694 
  42   39     8    228 
  42   40    25    708 
  42   41    22    629 
  42   42    17    479 
  42   43    26    738 
  42   44    25    713 
  42   45    21    601 
  42   46    18    519 
  42   47    26    749 
  42   48    26    738 
  42   49    22    642 
  43    0    12    348 
  43    1    18    521 
  43    2     8    243 
  43    3     7    202 
  43    4    22    624 
  43    5     8    233 
  43    6    16    449 
  43    7    23    668 
  43    8    23    664 
  43    9    25    726 
  43   10    25    706 
  43   11    15    421 
  43   12    18    509 
  43   13    20    561 
  43   14    11    333 
  43   15    13    365 
  43   16    23    668 
  43   17    19    552 
  43   18    25    717 
  43   19    17    481 
  43   20    19    551 
  43   21    28    796 
  43   22     9    263 
  43   23     9    269 
  43   24    14    415 
  43   25    19    556 
  43   26    10    280 
  43   27    12    344 
  43   28    15    444 
  43   29    12    349 
  43   30    13    372 
  43   31    12    346 
  43   32    12    351 
  43   33    12    363 
  43   34     8    249 
  43   35    28    790 
  43   36    20    582 
  43   37    24    674 
  43   38     9    271 
  43   39     7    213 
  43   40    16    454 
  43   41     7    221 
  43   42    20    574 
  43   43    24    694 
  43   44    21    592 
  43   45    27    768 
  43   46    22    617 
  43   47    13    365 
  43   48    27    770 
  43   49    15    422 
  44    0     9    255 
  44    1    19    537 
  44    2    21    600 
  44    3    11    315 
  44    4    12    361 
  44    5    27    767 
  44    6    23    644 
  44    7    16    465 
  44    8    13    377 
  44    9    25    716 
  44   10    12    352 
  44   11    16    449 
  44   12    25    706 
  44   13    11    313 
  44   14    19    545 
  44   15    23    661 
  44   16     8    234 
  44   17    18    527 
  44   18    20    572 
  44   19    12    358 
  44   20    24    697 
  44   21     8    239 
  44   22    27    765 
  44   23    28    786 
  44   24     7    200 
  44   25    28    793 
  44   26    12    342 
  44   27    28    800 
  44   28    22    617 
  44   29    17    494 
  44   30    21    597 
  44   31     7    208 
  44   32     9    264 
  44   33     9    273 
  44   34    12    357 
  44   35    18    509 
  44   36    13    384 
  44   37    24    697 
  44   38    25    721 
  44   39    10    293 
  44   40    12    359 
  44   41    13    372 
  44   42    25    714 
  44   43    12    358 
  44   44    20    583 
  44   45    18    527 
  44   46    25    702 
  44   47    25    701 
  44   48    24    683 
  44   49    27    776 
  45    0    19    540 
  45    1    27    762 
  45    2    12    357 
  45    3    28    797 
  45    4    26    737 
  45    5     9    263 
  45    6    11    317 
  45    7    12    336 
  45    8    16    449 
  45    9    18    503 
  45   10    11    329 
  45   11     8    249 
  45   12    19    548 
  45   13    23    662 
  45   14    13    383 
  45   15    21    605 
  45   16    16    461 
  45   17     8    238 
  45   18    20    560 
  45   19    11    327 
  45   20    20    570 
  45   21    27    760 
  45   22    20    584 
  45   23    15    439 
  45   24    21    612 
  45   25    25    725 
  45   26     8    242 
  45   27    11    312 
  45   28    10    280 
  45   29    10    297 
  45   30    12    362 
  45   31    18    514 
  45   32    20    563 
  45   33    17    500 
  45   34    28    793 
  45   35     9    279 
  45   36    25    706 
  45   37    15    421 
  45   38    10    284 
  45   39    27    761 
  45   40    19    558 
  45   41    15    439 
  45   42    20    575 
  45   43    18    503 
  45   44    24    678 
  45   45    14    397 
  45   46    10    288 
  45   47    14    403 
  45   48    16    450 
  45   49    19    556 
  46    0    28    791 
  46    1    14    410 
  46    2    13    369 
  46    3    15    423 
  46    4    21    589 
  46    5    21    603 
  46    6    19    539 
  46    7     7    216 
  46    8    28    794 
  46    9    12    341 
  46   10    10    301 
  46   11    17    496 
  46   12    18    509 
  46   13    10    305 
  46   14    10    295 
  46   15    24    693 
  46   16    17    500 
  46   17    10    284 
  46   18    15    435 
  46   19     9    264 
  46   20    25    726 
  46   21     9    258 
  46   22    27    756 
  46   23    12    359 
  46   24    22    615 
  46   25    20    581 
  46   26     7    209 
  46   27    15    437 
  46   28    24    685 
  46   29    24    696 
  46   30    13    385 
  46   31     9    252 
  46   32    19    544 
  46   33    25    699 
  46   34    11    324 
  46   35    19    534 
  46   36    10    286 
  46   37     8    250 
  46   38     8    227 
  46   39    10    299 
  46   40     9    256 
  46   41    11    313 
  46   42    19    533 
  46   43    15    442 
  46   44    23    646 
  46   45    26    731 
  46   46    26    750 
  46   47     7    200 
  46   48    11    311 
  46   49    18    522 
  47    0    10    285 
  47    1    20    577 
  47    2    19    555 
  47    3    23    667 
  47    4    25    708 
  47    5    16    467 
  47    6     8    248 
  47    7    19    556 
  47    8    15    420 
  47    9    18    530 
  47   10    19    541 
  47   11    14    413 
  47   12    15    427 
  47   13    12    339 
  47   14    18    503 
  47   15    19    546 
  47   16    23    665 
  47   17     8    236 
  47   18     9    276 
  47   19    12    353 
  47   20    27    768 
  47   21    17    486 
  47   22    17    492 
  47   23    14    415 
  47   24    18    505 
  47   25    18    512 
  47   26    14    413 
  47   27    11    325 
  47   28    13    378 
  47   29    13    388 
  47   30    24    679 
  47   31    10    302 
  47   32    11    328 
  47   33    11    320 
  47   34    20    577 
  47   35    19    554 
  47   36     8    236 
  47   37    16    473 
  47   38    24    692 
  47   39    14    415 
  47   40    18    528 
  47   41    25    716 
  47   42    14    403 
  47   43    25    701 
  47   44    22    634 
  47   45    16    452 
  47   46    21    601 
  47   47    25    709 
  47   48    14    417 
  47   49    15    426 
  48    0    13    366 
  48    1    26    730 
  48    2    24    687 
  48    3    14    400 
  48    4    10    299 
  48    5    15    434 
  48    6    11    320 
  48    7    25    723 
  48    8    13    375 
  48    9    12    358 
  48   10     7    215 
  48   11    12    358 
  48   12    28    785 
  48   13    11    312 
  48   14    22    634 
  48   15     8    237 
  48   16    16    457 
  48   17    13    383 
  48   18    18    521 
  48   19    18    511 
  48   20    25    722 
  48   21    12    347 
  48   22    23    662 
  48   23    14    412 
  48   24    11    332 
  48   25    10    290 
  48   26    22    617 
  48   27    23    647 
  48   28    28    787 
  48   29    22    628 
  48   30    24    696 
  48   31    26    750 
  48   32    25    710 
  48   33    11    325 
  48   34    18    524 
  48   35    24    686 
  48   36     7    207 
  48   37    12    359 
  48   38    15    422 
  48   39    28    783 
  48   40    22    638 
  48   41    24    683 
  48   42    20    563 
  48   43     7    210 
  48   44    23    663 
  48   45    19    550 
  48   46    14    409 
  48   47    25    708 
  48   48     9    265 
  48   49    21    611 
  49    0    17    491 
  49    1     9    252 
  49    2    19    536 
  49    3    26    739 
  49    4    12    347 
  49    5    28    792 
  49    6    15    426 
  49    7    25    700 
  49    8    26    743 
  49    9     7    203 
  49   10    20    573 
  49   11    19    547 
  49   12     9    262 
  49   13     9    260 
  49   14    13    379 
  49   15     8    244 
  49   16    22    632 
  49   17    11    324 
  49   18    24    680 
  49   19    23    664 
  49   20    22    622 
  49   21    12    351 
  49   22    26    745 
  49   23    20    566 
  49   24    23    652 
  49   25    17    489 
  49   26    21    588 
  49   27    10    302 
  49   28    12    348 
  49   29    22    632 
  49   30    16    449 
  49   31    20    564 
  49   32    16    462 
  49   33    12    359 
  49   34     9    263 
  49   35    23    666 
  49   36    12    338 
  49   37    22    630 
  49   38    10    299 
  49   39    16    463 
  49   40    22    619 
  49   41    11    309 
  49   42    12    347 
  49   43    21    594 
  49   44    10    280 
  49   45    13    366 
  49   46    11    308 
  49   47    26    749 
  49   48    22    631 
  49   49     7    205 
