 50
 50

   18
   17
    1
    7
   20
   10
   10
    7
    7
    2
    3
    5
   10
    4
   19
   14
   10
   12
   10
    3
    6
    3
   15
    7
    6
   20
    8
    8
   12
    4
    8
   14
   12
   15
    1
   13
   15
   10
    2
   12
   10
   12
   11
   19
    2
   19
    5
   14
   16
   15

    1
    6
   19
   10
   12
   12
    3
   12
   11
   10
    9
    7
    5
   15
   14
   19
    1
   12
   11
    9
   11
   17
   20
   19
   13
    3
    8
    1
    1
    5
    5
   12
   16
    4
    6
   16
   10
    8
   16
   12
    2
   19
    7
   12
    1
    9
   19
    1
   12
   20

   0    0    16    431 
   0    1    27    692 
   0    2    24    619 
   0    3    19    484 
   0    4    12    329 
   0    5    10    269 
   0    6    31    799 
   0    7    13    337 
   0    8    12    311 
   0    9    22    561 
   0   10    27    687 
   0   11    24    631 
   0   12    22    570 
   0   13    13    335 
   0   14    20    514 
   0   15    11    291 
   0   16    22    564 
   0   17    20    524 
   0   18     9    254 
   0   19    21    551 
   0   20     9    250 
   0   21    26    662 
   0   22    15    388 
   0   23    17    441 
   0   24    29    755 
   0   25    22    559 
   0   26     8    226 
   0   27    24    612 
   0   28    23    587 
   0   29    14    368 
   0   30    28    725 
   0   31    10    258 
   0   32     9    253 
   0   33    29    761 
   0   34    18    462 
   0   35    18    468 
   0   36    17    440 
   0   37    24    632 
   0   38    24    630 
   0   39    21    535 
   0   40    27    706 
   0   41    25    650 
   0   42    25    643 
   0   43    13    335 
   0   44    12    324 
   0   45    14    374 
   0   46    19    493 
   0   47    23    592 
   0   48     9    232 
   0   49    29    761 
   1    0    21    552 
   1    1    20    533 
   1    2     7    200 
   1    3    18    473 
   1    4    13    352 
   1    5     7    202 
   1    6     8    227 
   1    7    11    292 
   1    8    27    691 
   1    9    27    704 
   1   10    24    612 
   1   11    17    457 
   1   12    28    727 
   1   13    22    582 
   1   14     8    216 
   1   15    31    797 
   1   16     8    225 
   1   17    23    603 
   1   18    21    542 
   1   19    25    638 
   1   20    14    369 
   1   21    11    291 
   1   22    30    780 
   1   23    24    610 
   1   24    29    749 
   1   25    25    660 
   1   26    14    380 
   1   27    16    407 
   1   28    20    523 
   1   29     9    233 
   1   30    25    645 
   1   31    20    510 
   1   32    25    638 
   1   33    26    663 
   1   34    19    505 
   1   35     8    208 
   1   36    13    345 
   1   37     9    249 
   1   38     9    246 
   1   39    20    529 
   1   40    26    679 
   1   41    30    784 
   1   42    16    430 
   1   43    27    704 
   1   44    13    340 
   1   45     9    235 
   1   46    15    401 
   1   47    22    571 
   1   48    14    373 
   1   49    22    582 
   2    0    16    417 
   2    1    13    345 
   2    2    21    535 
   2    3    20    516 
   2    4    12    321 
   2    5    14    365 
   2    6    21    545 
   2    7    16    415 
   2    8    14    379 
   2    9    13    350 
   2   10    27    690 
   2   11     9    229 
   2   12    15    391 
   2   13    18    459 
   2   14    27    708 
   2   15    31    788 
   2   16    29    755 
   2   17    23    593 
   2   18    15    394 
   2   19     8    221 
   2   20    16    414 
   2   21    27    700 
   2   22     8    219 
   2   23    23    596 
   2   24    21    556 
   2   25    24    622 
   2   26     8    226 
   2   27    12    319 
   2   28    13    339 
   2   29    17    434 
   2   30    30    779 
   2   31    29    744 
   2   32    13    346 
   2   33    20    522 
   2   34    14    376 
   2   35    30    780 
   2   36    22    575 
   2   37    13    337 
   2   38     8    209 
   2   39    23    594 
   2   40    29    743 
   2   41    20    516 
   2   42    28    723 
   2   43     9    253 
   2   44     7    203 
   2   45    24    621 
   2   46    15    394 
   2   47    21    536 
   2   48    14    377 
   2   49    24    635 
   3    0    19    487 
   3    1    10    273 
   3    2    15    385 
   3    3     8    212 
   3    4    22    579 
   3    5    10    269 
   3    6    15    406 
   3    7    29    746 
   3    8    15    384 
   3    9    24    621 
   3   10    16    420 
   3   11    16    428 
   3   12    10    259 
   3   13    10    267 
   3   14    17    449 
   3   15    10    270 
   3   16    23    593 
   3   17    24    621 
   3   18    28    726 
   3   19    27    696 
   3   20    12    321 
   3   21    29    749 
   3   22    22    563 
   3   23    28    725 
   3   24    11    285 
   3   25     8    207 
   3   26    19    496 
   3   27    28    729 
   3   28    14    357 
   3   29    29    755 
   3   30    19    499 
   3   31    15    390 
   3   32    20    518 
   3   33    29    761 
   3   34    14    357 
   3   35    20    517 
   3   36    17    452 
   3   37     9    239 
   3   38     8    205 
   3   39    19    496 
   3   40    29    743 
   3   41    20    529 
   3   42    19    485 
   3   43    21    548 
   3   44    27    695 
   3   45    30    780 
   3   46    16    430 
   3   47    23    601 
   3   48    11    301 
   3   49    11    298 
   4    0    22    580 
   4    1    24    620 
   4    2    26    665 
   4    3    28    736 
   4    4    22    571 
   4    5    14    358 
   4    6    19    489 
   4    7    30    765 
   4    8    20    511 
   4    9    17    440 
   4   10    27    698 
   4   11    21    534 
   4   12    22    573 
   4   13    25    653 
   4   14    13    342 
   4   15    16    412 
   4   16    12    322 
   4   17    13    350 
   4   18    26    682 
   4   19    28    723 
   4   20    24    620 
   4   21    14    365 
   4   22    22    565 
   4   23     7    203 
   4   24    14    373 
   4   25    29    742 
   4   26    17    454 
   4   27    26    664 
   4   28    28    718 
   4   29    21    547 
   4   30    14    380 
   4   31    12    325 
   4   32     9    231 
   4   33    19    497 
   4   34    17    457 
   4   35    18    479 
   4   36    30    766 
   4   37    26    683 
   4   38    21    549 
   4   39    15    401 
   4   40    25    658 
   4   41    25    646 
   4   42    29    741 
   4   43    21    549 
   4   44     9    233 
   4   45    20    524 
   4   46    12    319 
   4   47    23    585 
   4   48    31    790 
   4   49    21    547 
   5    0    15    404 
   5    1    18    467 
   5    2    27    697 
   5    3    25    644 
   5    4    22    562 
   5    5    13    348 
   5    6     8    207 
   5    7    26    676 
   5    8    26    685 
   5    9    16    431 
   5   10    28    725 
   5   11    18    480 
   5   12    16    411 
   5   13    18    475 
   5   14    26    685 
   5   15    13    352 
   5   16    22    577 
   5   17    10    263 
   5   18    16    416 
   5   19    27    698 
   5   20     9    242 
   5   21    31    795 
   5   22     7    201 
   5   23    25    646 
   5   24    30    766 
   5   25    22    578 
   5   26    29    756 
   5   27    27    700 
   5   28    19    484 
   5   29    16    409 
   5   30    10    256 
   5   31    26    665 
   5   32    14    356 
   5   33    26    665 
   5   34    30    784 
   5   35     9    242 
   5   36    18    462 
   5   37    24    614 
   5   38    30    765 
   5   39    22    568 
   5   40     8    221 
   5   41    26    668 
   5   42    11    304 
   5   43    10    275 
   5   44     8    226 
   5   45    29    750 
   5   46    10    255 
   5   47    20    529 
   5   48    15    396 
   5   49    16    417 
   6    0    15    405 
   6    1    16    427 
   6    2    30    764 
   6    3    19    506 
   6    4    20    515 
   6    5    26    665 
   6    6    22    566 
   6    7    18    470 
   6    8    23    598 
   6    9     9    239 
   6   10    30    775 
   6   11    27    704 
   6   12    19    484 
   6   13    22    581 
   6   14    29    740 
   6   15    18    465 
   6   16    10    265 
   6   17    11    295 
   6   18     8    214 
   6   19    23    589 
   6   20    15    391 
   6   21    10    276 
   6   22    15    390 
   6   23    30    773 
   6   24    15    405 
   6   25     9    236 
   6   26    31    790 
   6   27    28    722 
   6   28    11    284 
   6   29    16    410 
   6   30    25    656 
   6   31    26    684 
   6   32    13    336 
   6   33    13    343 
   6   34    21    557 
   6   35    28    729 
   6   36    21    544 
   6   37     9    247 
   6   38    23    600 
   6   39    28    719 
   6   40    29    747 
   6   41    28    713 
   6   42    30    781 
   6   43    16    425 
   6   44     9    254 
   6   45    16    409 
   6   46    26    670 
   6   47    21    548 
   6   48    16    427 
   6   49     9    247 
   7    0    14    356 
   7    1    12    326 
   7    2    30    773 
   7    3    10    263 
   7    4    30    781 
   7    5     8    219 
   7    6    23    589 
   7    7    31    798 
   7    8    12    309 
   7    9    30    768 
   7   10    23    596 
   7   11    22    560 
   7   12    24    623 
   7   13    23    591 
   7   14    21    544 
   7   15    27    686 
   7   16    14    370 
   7   17    28    712 
   7   18    30    775 
   7   19    29    747 
   7   20    19    499 
   7   21    13    347 
   7   22    10    279 
   7   23    31    797 
   7   24    12    305 
   7   25    18    480 
   7   26    29    748 
   7   27    21    534 
   7   28    19    503 
   7   29    29    752 
   7   30    13    335 
   7   31    11    302 
   7   32    27    702 
   7   33    15    390 
   7   34    23    591 
   7   35    27    686 
   7   36    30    784 
   7   37    12    323 
   7   38    23    601 
   7   39    15    390 
   7   40     8    215 
   7   41    22    578 
   7   42    17    442 
   7   43    23    603 
   7   44    22    565 
   7   45    23    600 
   7   46    24    627 
   7   47    13    345 
   7   48    13    340 
   7   49    20    509 
   8    0     7    201 
   8    1    18    469 
   8    2    24    616 
   8    3    22    564 
   8    4     8    207 
   8    5    31    790 
   8    6    23    604 
   8    7     7    202 
   8    8    19    484 
   8    9    17    454 
   8   10    27    707 
   8   11    26    669 
   8   12    16    411 
   8   13    29    748 
   8   14    16    426 
   8   15    25    659 
   8   16    12    328 
   8   17    27    710 
   8   18    18    481 
   8   19    25    643 
   8   20    25    655 
   8   21    11    296 
   8   22    14    357 
   8   23    24    614 
   8   24    22    583 
   8   25    18    462 
   8   26    21    555 
   8   27    24    613 
   8   28    12    314 
   8   29    18    460 
   8   30    18    481 
   8   31    28    713 
   8   32    19    504 
   8   33    28    723 
   8   34    17    450 
   8   35    18    481 
   8   36    20    520 
   8   37    21    555 
   8   38    18    461 
   8   39    12    324 
   8   40    14    381 
   8   41    31    797 
   8   42    25    643 
   8   43    20    512 
   8   44    25    658 
   8   45     8    207 
   8   46    28    726 
   8   47    10    273 
   8   48    19    492 
   8   49    29    737 
   9    0    24    619 
   9    1    18    470 
   9    2    19    489 
   9    3    15    392 
   9    4    10    258 
   9    5    13    341 
   9    6    22    579 
   9    7    11    294 
   9    8    28    727 
   9    9    22    577 
   9   10    29    744 
   9   11    29    739 
   9   12    30    768 
   9   13     9    235 
   9   14    27    702 
   9   15    25    660 
   9   16    31    791 
   9   17    31    793 
   9   18    29    761 
   9   19    24    610 
   9   20    15    396 
   9   21     9    241 
   9   22    28    728 
   9   23    26    679 
   9   24    13    333 
   9   25    10    278 
   9   26    23    605 
   9   27    28    728 
   9   28    13    354 
   9   29    15    400 
   9   30    15    384 
   9   31    19    492 
   9   32    10    257 
   9   33    14    365 
   9   34    25    653 
   9   35    15    402 
   9   36    21    547 
   9   37    13    336 
   9   38    11    300 
   9   39    10    264 
   9   40    27    705 
   9   41    31    797 
   9   42    19    493 
   9   43    29    737 
   9   44     8    222 
   9   45    26    672 
   9   46    16    411 
   9   47    11    292 
   9   48    29    744 
   9   49    16    412 
  10    0    12    316 
  10    1    29    747 
  10    2    10    262 
  10    3    30    775 
  10    4    27    691 
  10    5    14    371 
  10    6     8    204 
  10    7    22    579 
  10    8     9    252 
  10    9    22    575 
  10   10    27    687 
  10   11    22    580 
  10   12    21    534 
  10   13    23    593 
  10   14    11    294 
  10   15    24    620 
  10   16    23    598 
  10   17    29    762 
  10   18    11    298 
  10   19    29    753 
  10   20     9    245 
  10   21    19    490 
  10   22    19    491 
  10   23    28    734 
  10   24    26    668 
  10   25    18    461 
  10   26    18    459 
  10   27    17    448 
  10   28    17    447 
  10   29     9    244 
  10   30    14    365 
  10   31    27    698 
  10   32    21    555 
  10   33    21    554 
  10   34    17    443 
  10   35    10    258 
  10   36    22    581 
  10   37    18    466 
  10   38    17    433 
  10   39    23    586 
  10   40    13    354 
  10   41     9    239 
  10   42    24    631 
  10   43    10    267 
  10   44    10    270 
  10   45    17    436 
  10   46    22    571 
  10   47    26    683 
  10   48    22    581 
  10   49    20    526 
  11    0    11    294 
  11    1    17    455 
  11    2    12    306 
  11    3    30    781 
  11    4    19    488 
  11    5    18    467 
  11    6    18    471 
  11    7    22    572 
  11    8    15    392 
  11    9    24    622 
  11   10    28    735 
  11   11    19    487 
  11   12    15    402 
  11   13    27    702 
  11   14    23    599 
  11   15    25    644 
  11   16    25    660 
  11   17    18    464 
  11   18    17    449 
  11   19    22    563 
  11   20    29    738 
  11   21    16    425 
  11   22    14    359 
  11   23    12    322 
  11   24     8    228 
  11   25    23    605 
  11   26    28    717 
  11   27    11    286 
  11   28    25    652 
  11   29    14    360 
  11   30    27    704 
  11   31    14    375 
  11   32    27    705 
  11   33    12    309 
  11   34    14    376 
  11   35    10    269 
  11   36    22    566 
  11   37    17    433 
  11   38    30    771 
  11   39    28    721 
  11   40    11    302 
  11   41    24    622 
  11   42    13    339 
  11   43    13    345 
  11   44     7    201 
  11   45    14    357 
  11   46    24    612 
  11   47    10    276 
  11   48    23    588 
  11   49    28    728 
  12    0    14    370 
  12    1    10    269 
  12    2    10    273 
  12    3    10    270 
  12    4    28    730 
  12    5    26    669 
  12    6    13    339 
  12    7     9    248 
  12    8    13    338 
  12    9    13    355 
  12   10    20    530 
  12   11    26    676 
  12   12    24    619 
  12   13     8    209 
  12   14    27    691 
  12   15    18    471 
  12   16    25    659 
  12   17    20    524 
  12   18    15    392 
  12   19    21    539 
  12   20    17    451 
  12   21    25    640 
  12   22    29    745 
  12   23    27    703 
  12   24    27    698 
  12   25    26    665 
  12   26    27    692 
  12   27    11    292 
  12   28    25    652 
  12   29    23    593 
  12   30    15    387 
  12   31     9    246 
  12   32    27    704 
  12   33    25    660 
  12   34    27    687 
  12   35    23    595 
  12   36    12    312 
  12   37    25    639 
  12   38    11    298 
  12   39    28    715 
  12   40    11    281 
  12   41    10    266 
  12   42    10    263 
  12   43    24    611 
  12   44    17    449 
  12   45    13    353 
  12   46    10    258 
  12   47    26    667 
  12   48     8    209 
  12   49    25    639 
  13    0    24    616 
  13    1    15    395 
  13    2    15    405 
  13    3    31    797 
  13    4    27    692 
  13    5    16    409 
  13    6    22    581 
  13    7    16    415 
  13    8    18    458 
  13    9    10    265 
  13   10    12    306 
  13   11    19    499 
  13   12    20    515 
  13   13    19    505 
  13   14    12    320 
  13   15    27    699 
  13   16    16    424 
  13   17     7    200 
  13   18    31    792 
  13   19    22    583 
  13   20    10    257 
  13   21    18    461 
  13   22    20    520 
  13   23    31    791 
  13   24    12    310 
  13   25    27    702 
  13   26    17    447 
  13   27    25    639 
  13   28    10    264 
  13   29    22    565 
  13   30    16    427 
  13   31    23    596 
  13   32    18    459 
  13   33    12    310 
  13   34    17    452 
  13   35    11    282 
  13   36    22    565 
  13   37    25    659 
  13   38     9    250 
  13   39    14    371 
  13   40    11    294 
  13   41    15    395 
  13   42     9    230 
  13   43    18    467 
  13   44    27    710 
  13   45     8    215 
  13   46     7    201 
  13   47    18    479 
  13   48    28    714 
  13   49    22    563 
  14    0    29    750 
  14    1    28    730 
  14    2    22    566 
  14    3     8    205 
  14    4    16    424 
  14    5    22    566 
  14    6    23    596 
  14    7    25    645 
  14    8    30    785 
  14    9    17    433 
  14   10    21    555 
  14   11    12    321 
  14   12    14    365 
  14   13    25    649 
  14   14    29    749 
  14   15    11    297 
  14   16    22    569 
  14   17    15    382 
  14   18    15    402 
  14   19    19    483 
  14   20    23    589 
  14   21    26    662 
  14   22    18    481 
  14   23    19    501 
  14   24    13    347 
  14   25     9    247 
  14   26    26    668 
  14   27    26    664 
  14   28    29    756 
  14   29    27    695 
  14   30    18    467 
  14   31    21    543 
  14   32    27    696 
  14   33    18    477 
  14   34    26    668 
  14   35    11    294 
  14   36    10    278 
  14   37    12    324 
  14   38    20    533 
  14   39    17    440 
  14   40    21    534 
  14   41    17    441 
  14   42    14    365 
  14   43     9    238 
  14   44    10    271 
  14   45    16    425 
  14   46    22    575 
  14   47    17    437 
  14   48    24    624 
  14   49    18    459 
  15    0     8    205 
  15    1    24    629 
  15    2    15    390 
  15    3    31    793 
  15    4    18    477 
  15    5     8    214 
  15    6    28    735 
  15    7    22    584 
  15    8    24    620 
  15    9    13    336 
  15   10    23    589 
  15   11    20    510 
  15   12    29    751 
  15   13    22    559 
  15   14    27    693 
  15   15    10    271 
  15   16    19    491 
  15   17    13    331 
  15   18    15    388 
  15   19    18    462 
  15   20    21    536 
  15   21    30    783 
  15   22    29    752 
  15   23    22    561 
  15   24    24    634 
  15   25    11    300 
  15   26    27    708 
  15   27    16    420 
  15   28    24    630 
  15   29    10    258 
  15   30    24    616 
  15   31    21    556 
  15   32    30    768 
  15   33     8    213 
  15   34    22    562 
  15   35     9    250 
  15   36    16    429 
  15   37    26    671 
  15   38    27    711 
  15   39    21    558 
  15   40    28    730 
  15   41    24    634 
  15   42    27    702 
  15   43    10    266 
  15   44    14    371 
  15   45    16    419 
  15   46    27    702 
  15   47    14    380 
  15   48     9    234 
  15   49    29    752 
  16    0    29    747 
  16    1    28    727 
  16    2    18    459 
  16    3    10    274 
  16    4    22    561 
  16    5     8    228 
  16    6    29    750 
  16    7    24    612 
  16    8    17    433 
  16    9    20    509 
  16   10    30    783 
  16   11    19    503 
  16   12    16    411 
  16   13    21    540 
  16   14    29    753 
  16   15    25    646 
  16   16    30    782 
  16   17    22    560 
  16   18    21    548 
  16   19    14    362 
  16   20    14    378 
  16   21    20    532 
  16   22    19    495 
  16   23    16    417 
  16   24    12    325 
  16   25    10    257 
  16   26    10    260 
  16   27    25    657 
  16   28    19    494 
  16   29    22    582 
  16   30    12    317 
  16   31    15    387 
  16   32    17    457 
  16   33     9    246 
  16   34    24    612 
  16   35    11    298 
  16   36    17    439 
  16   37    30    787 
  16   38    23    606 
  16   39    11    302 
  16   40    13    344 
  16   41     9    231 
  16   42    26    680 
  16   43    20    528 
  16   44    13    343 
  16   45    27    700 
  16   46     9    248 
  16   47    21    558 
  16   48     8    205 
  16   49    22    564 
  17    0     9    247 
  17    1     8    225 
  17    2    23    591 
  17    3    17    457 
  17    4    21    545 
  17    5    11    289 
  17    6    31    799 
  17    7    29    754 
  17    8    11    291 
  17    9    11    281 
  17   10    25    653 
  17   11    19    502 
  17   12    19    493 
  17   13    13    334 
  17   14    29    762 
  17   15    21    554 
  17   16    27    711 
  17   17    18    458 
  17   18    27    708 
  17   19    16    429 
  17   20    14    367 
  17   21    20    532 
  17   22    28    712 
  17   23    10    278 
  17   24    25    656 
  17   25    22    564 
  17   26    10    276 
  17   27    11    285 
  17   28    29    761 
  17   29    22    560 
  17   30    13    334 
  17   31    10    258 
  17   32    21    546 
  17   33    13    354 
  17   34    22    560 
  17   35    13    341 
  17   36    21    556 
  17   37    16    424 
  17   38    29    745 
  17   39    20    523 
  17   40    14    374 
  17   41    19    487 
  17   42    14    374 
  17   43    17    450 
  17   44    28    733 
  17   45    16    426 
  17   46    30    786 
  17   47    16    422 
  17   48    24    620 
  17   49    16    425 
  18    0    13    352 
  18    1    16    431 
  18    2    16    423 
  18    3    19    494 
  18    4    13    340 
  18    5    30    776 
  18    6    21    536 
  18    7    24    626 
  18    8    10    279 
  18    9    15    403 
  18   10    18    466 
  18   11    22    573 
  18   12    12    319 
  18   13    31    793 
  18   14    16    409 
  18   15    11    287 
  18   16    22    564 
  18   17    13    353 
  18   18    28    712 
  18   19    23    599 
  18   20    25    641 
  18   21    14    367 
  18   22    21    536 
  18   23    28    713 
  18   24     9    236 
  18   25    11    296 
  18   26    25    655 
  18   27    26    674 
  18   28    11    282 
  18   29    27    688 
  18   30    21    550 
  18   31     7    202 
  18   32    13    343 
  18   33    29    743 
  18   34    18    463 
  18   35     9    233 
  18   36    17    436 
  18   37     9    231 
  18   38    20    523 
  18   39    19    489 
  18   40    21    552 
  18   41     9    236 
  18   42    16    425 
  18   43    27    692 
  18   44    20    513 
  18   45    23    607 
  18   46    27    695 
  18   47    19    491 
  18   48    17    435 
  18   49    19    486 
  19    0     9    240 
  19    1    30    765 
  19    2    24    621 
  19    3    19    497 
  19    4    10    267 
  19    5    17    438 
  19    6    14    371 
  19    7    23    595 
  19    8    17    438 
  19    9    25    659 
  19   10    30    773 
  19   11    26    682 
  19   12    20    517 
  19   13    17    436 
  19   14    11    291 
  19   15    30    770 
  19   16    30    769 
  19   17    10    259 
  19   18    28    716 
  19   19     8    216 
  19   20    24    620 
  19   21    21    543 
  19   22     9    247 
  19   23     9    249 
  19   24    18    482 
  19   25    25    642 
  19   26    24    635 
  19   27     8    206 
  19   28    21    547 
  19   29    24    619 
  19   30    17    449 
  19   31    20    526 
  19   32    17    445 
  19   33     8    211 
  19   34    22    584 
  19   35    29    760 
  19   36    13    347 
  19   37    15    390 
  19   38    30    781 
  19   39    21    548 
  19   40    30    769 
  19   41     8    218 
  19   42    21    545 
  19   43    12    313 
  19   44    23    598 
  19   45    13    332 
  19   46     9    248 
  19   47    15    395 
  19   48    24    610 
  19   49    15    391 
  20    0    23    607 
  20    1    15    397 
  20    2    22    584 
  20    3    13    335 
  20    4    31    788 
  20    5    30    782 
  20    6    15    389 
  20    7    12    319 
  20    8    19    486 
  20    9    15    391 
  20   10    16    431 
  20   11    12    314 
  20   12    30    777 
  20   13    15    397 
  20   14    15    395 
  20   15    19    490 
  20   16    27    687 
  20   17    27    696 
  20   18    29    759 
  20   19    16    426 
  20   20    27    708 
  20   21    14    379 
  20   22    18    464 
  20   23    21    537 
  20   24    21    545 
  20   25    24    616 
  20   26    26    674 
  20   27    13    338 
  20   28    18    475 
  20   29    19    497 
  20   30    16    422 
  20   31    13    339 
  20   32    16    421 
  20   33    18    475 
  20   34    23    597 
  20   35    14    371 
  20   36    18    461 
  20   37    16    429 
  20   38    16    430 
  20   39    27    709 
  20   40    17    437 
  20   41    15    398 
  20   42    20    533 
  20   43    20    516 
  20   44    20    513 
  20   45    17    445 
  20   46    13    345 
  20   47    26    668 
  20   48     8    223 
  20   49    28    714 
  21    0    12    321 
  21    1    19    498 
  21    2    30    775 
  21    3    27    709 
  21    4    26    674 
  21    5    24    626 
  21    6    11    282 
  21    7    10    257 
  21    8    15    402 
  21    9    25    660 
  21   10    28    732 
  21   11    23    601 
  21   12    21    541 
  21   13    12    325 
  21   14     9    238 
  21   15    26    676 
  21   16    22    568 
  21   17    23    600 
  21   18    28    715 
  21   19    13    350 
  21   20    21    536 
  21   21    13    335 
  21   22    21    546 
  21   23    25    642 
  21   24    10    266 
  21   25    27    697 
  21   26    16    424 
  21   27     9    236 
  21   28    30    771 
  21   29    24    610 
  21   30    23    602 
  21   31    12    310 
  21   32    27    711 
  21   33    21    552 
  21   34     9    246 
  21   35    20    521 
  21   36    15    397 
  21   37    21    557 
  21   38    16    414 
  21   39     9    229 
  21   40    17    445 
  21   41    24    633 
  21   42    26    676 
  21   43    23    603 
  21   44    26    667 
  21   45    29    746 
  21   46    26    679 
  21   47    12    316 
  21   48    10    260 
  21   49    27    701 
  22    0    29    746 
  22    1    12    324 
  22    2    22    571 
  22    3    10    271 
  22    4    24    632 
  22    5    13    347 
  22    6    24    626 
  22    7    25    657 
  22    8    10    259 
  22    9    26    676 
  22   10     9    253 
  22   11    13    355 
  22   12    20    513 
  22   13    27    710 
  22   14    24    612 
  22   15    12    315 
  22   16    25    659 
  22   17    26    678 
  22   18    26    678 
  22   19    13    343 
  22   20    29    759 
  22   21    24    618 
  22   22    24    612 
  22   23     9    238 
  22   24    28    719 
  22   25    10    274 
  22   26    28    717 
  22   27    15    396 
  22   28    12    330 
  22   29    30    782 
  22   30    26    676 
  22   31    27    711 
  22   32     8    222 
  22   33    20    527 
  22   34    13    333 
  22   35    24    617 
  22   36    19    488 
  22   37    18    460 
  22   38    10    266 
  22   39    22    581 
  22   40    19    493 
  22   41    26    661 
  22   42    14    361 
  22   43    30    774 
  22   44    30    787 
  22   45    29    743 
  22   46    25    655 
  22   47    17    446 
  22   48    27    698 
  22   49    16    409 
  23    0    13    352 
  23    1    30    772 
  23    2    19    508 
  23    3    11    285 
  23    4     9    230 
  23    5    28    726 
  23    6     8    226 
  23    7    27    695 
  23    8    10    256 
  23    9    27    704 
  23   10    29    751 
  23   11    29    747 
  23   12    19    502 
  23   13    16    424 
  23   14    29    741 
  23   15    27    699 
  23   16    17    439 
  23   17    17    445 
  23   18    20    532 
  23   19    16    421 
  23   20    25    645 
  23   21    25    647 
  23   22    10    267 
  23   23    16    427 
  23   24    30    769 
  23   25     8    218 
  23   26    17    450 
  23   27    16    417 
  23   28    24    617 
  23   29    28    736 
  23   30    16    407 
  23   31    20    509 
  23   32    13    332 
  23   33    28    716 
  23   34    15    392 
  23   35    30    763 
  23   36    30    777 
  23   37    14    363 
  23   38    20    520 
  23   39    13    339 
  23   40    10    269 
  23   41     9    238 
  23   42    20    525 
  23   43    12    327 
  23   44    12    321 
  23   45    11    280 
  23   46    19    503 
  23   47    25    657 
  23   48    10    266 
  23   49    22    572 
  24    0    10    265 
  24    1     9    248 
  24    2    12    311 
  24    3     9    240 
  24    4    15    395 
  24    5    13    344 
  24    6    30    770 
  24    7     8    218 
  24    8    25    642 
  24    9    22    583 
  24   10    26    680 
  24   11    29    757 
  24   12    24    612 
  24   13    17    449 
  24   14    21    547 
  24   15    18    477 
  24   16     8    225 
  24   17    20    530 
  24   18     9    243 
  24   19    19    490 
  24   20    27    701 
  24   21     8    220 
  24   22    19    500 
  24   23    20    513 
  24   24    24    633 
  24   25    20    530 
  24   26     7    203 
  24   27    28    733 
  24   28     9    243 
  24   29    26    673 
  24   30    11    297 
  24   31    17    443 
  24   32    17    442 
  24   33     8    227 
  24   34    23    590 
  24   35     9    252 
  24   36    25    643 
  24   37    21    552 
  24   38    19    506 
  24   39    16    416 
  24   40    15    386 
  24   41    23    604 
  24   42    19    488 
  24   43    16    413 
  24   44    18    464 
  24   45    15    384 
  24   46    10    260 
  24   47    20    532 
  24   48    29    760 
  24   49    30    764 
  25    0    12    314 
  25    1    14    376 
  25    2    23    601 
  25    3    23    599 
  25    4    11    285 
  25    5     8    213 
  25    6    23    595 
  25    7    21    542 
  25    8    12    306 
  25    9    21    536 
  25   10     9    246 
  25   11    20    525 
  25   12    26    662 
  25   13    14    362 
  25   14    23    586 
  25   15    12    307 
  25   16    30    783 
  25   17    28    731 
  25   18    12    330 
  25   19    19    491 
  25   20    26    678 
  25   21    14    369 
  25   22    10    273 
  25   23    26    661 
  25   24    27    691 
  25   25     9    253 
  25   26    19    498 
  25   27    24    631 
  25   28    18    467 
  25   29    25    641 
  25   30    12    319 
  25   31    19    500 
  25   32    12    309 
  25   33    22    560 
  25   34    21    544 
  25   35    12    329 
  25   36    17    437 
  25   37    13    341 
  25   38     8    215 
  25   39    15    388 
  25   40    21    541 
  25   41     9    231 
  25   42    14    381 
  25   43    27    701 
  25   44     9    249 
  25   45    19    493 
  25   46    22    561 
  25   47    28    732 
  25   48    10    279 
  25   49    11    280 
  26    0    17    449 
  26    1    10    259 
  26    2    14    379 
  26    3    15    406 
  26    4     9    233 
  26    5    14    365 
  26    6    20    511 
  26    7    21    556 
  26    8     7    201 
  26    9    26    673 
  26   10    24    612 
  26   11    31    796 
  26   12    22    567 
  26   13    10    273 
  26   14    11    290 
  26   15    27    687 
  26   16    26    671 
  26   17    30    778 
  26   18    30    785 
  26   19    21    555 
  26   20    19    497 
  26   21    16    412 
  26   22    14    360 
  26   23    30    776 
  26   24    26    671 
  26   25    25    649 
  26   26    21    544 
  26   27    12    310 
  26   28    20    515 
  26   29    18    467 
  26   30    26    675 
  26   31     9    237 
  26   32    13    341 
  26   33    15    403 
  26   34    29    749 
  26   35    18    459 
  26   36     9    254 
  26   37    17    454 
  26   38    29    751 
  26   39    19    497 
  26   40    16    420 
  26   41    29    759 
  26   42    25    644 
  26   43    21    558 
  26   44    18    476 
  26   45    21    541 
  26   46    14    356 
  26   47    19    496 
  26   48    27    702 
  26   49    18    471 
  27    0    30    779 
  27    1    17    457 
  27    2    14    380 
  27    3    11    283 
  27    4    16    424 
  27    5    15    397 
  27    6    14    379 
  27    7    19    501 
  27    8    23    587 
  27    9    27    694 
  27   10    12    307 
  27   11    12    315 
  27   12    23    599 
  27   13    19    495 
  27   14    27    707 
  27   15    27    690 
  27   16     7    201 
  27   17    25    660 
  27   18    12    318 
  27   19    29    755 
  27   20     9    239 
  27   21    28    730 
  27   22    26    664 
  27   23    25    644 
  27   24    30    784 
  27   25    11    294 
  27   26    31    792 
  27   27    10    278 
  27   28    28    724 
  27   29    24    635 
  27   30    10    255 
  27   31    27    704 
  27   32    16    427 
  27   33    16    423 
  27   34    23    603 
  27   35    22    566 
  27   36    25    654 
  27   37    16    427 
  27   38    29    752 
  27   39    20    526 
  27   40     9    240 
  27   41    11    292 
  27   42    28    736 
  27   43    15    402 
  27   44    24    627 
  27   45    15    390 
  27   46    24    626 
  27   47    15    397 
  27   48    24    631 
  27   49    29    742 
  28    0    15    405 
  28    1    30    765 
  28    2     8    217 
  28    3     8    204 
  28    4    11    286 
  28    5     8    221 
  28    6    10    275 
  28    7    22    568 
  28    8     8    223 
  28    9    19    502 
  28   10    18    469 
  28   11    13    331 
  28   12    21    534 
  28   13     9    250 
  28   14    10    275 
  28   15    28    717 
  28   16    27    704 
  28   17    12    311 
  28   18    28    718 
  28   19    17    437 
  28   20    30    763 
  28   21    20    527 
  28   22     8    213 
  28   23    26    674 
  28   24    18    481 
  28   25    10    258 
  28   26    18    481 
  28   27    19    504 
  28   28    31    794 
  28   29    17    451 
  28   30    22    574 
  28   31    23    609 
  28   32    21    549 
  28   33    10    269 
  28   34    10    268 
  28   35    12    316 
  28   36    24    622 
  28   37    26    665 
  28   38    13    354 
  28   39    25    660 
  28   40    17    452 
  28   41    17    433 
  28   42    10    277 
  28   43    24    632 
  28   44    10    264 
  28   45    14    363 
  28   46    30    773 
  28   47    24    626 
  28   48    21    556 
  28   49    24    616 
  29    0    25    659 
  29    1    24    616 
  29    2    31    795 
  29    3    27    702 
  29    4    21    549 
  29    5    23    603 
  29    6    24    625 
  29    7    10    255 
  29    8    10    261 
  29    9    10    262 
  29   10    12    313 
  29   11    26    661 
  29   12    25    646 
  29   13    27    711 
  29   14    28    727 
  29   15    19    496 
  29   16    25    640 
  29   17    15    391 
  29   18    17    448 
  29   19    24    625 
  29   20    18    467 
  29   21    23    595 
  29   22    30    785 
  29   23    28    731 
  29   24    23    604 
  29   25    21    539 
  29   26    27    701 
  29   27    13    346 
  29   28    20    526 
  29   29     8    216 
  29   30    23    607 
  29   31    29    750 
  29   32    24    614 
  29   33    24    626 
  29   34    17    444 
  29   35    30    786 
  29   36    24    622 
  29   37     8    219 
  29   38    30    786 
  29   39    17    455 
  29   40    30    786 
  29   41    14    359 
  29   42    19    502 
  29   43    15    396 
  29   44    17    452 
  29   45    17    439 
  29   46    26    681 
  29   47    22    562 
  29   48    29    754 
  29   49    26    683 
  30    0    20    521 
  30    1    24    634 
  30    2     9    230 
  30    3    25    654 
  30    4     8    211 
  30    5     9    233 
  30    6    30    772 
  30    7    24    616 
  30    8    10    278 
  30    9     8    210 
  30   10    30    767 
  30   11    26    666 
  30   12    17    440 
  30   13    10    277 
  30   14    20    520 
  30   15    17    457 
  30   16    27    690 
  30   17    13    334 
  30   18    24    625 
  30   19     7    203 
  30   20    22    580 
  30   21    11    300 
  30   22    20    532 
  30   23    24    622 
  30   24    19    487 
  30   25    24    625 
  30   26    17    443 
  30   27    13    331 
  30   28    28    725 
  30   29    30    765 
  30   30    17    436 
  30   31    13    346 
  30   32     9    240 
  30   33    29    759 
  30   34    16    418 
  30   35    14    377 
  30   36    30    776 
  30   37    29    761 
  30   38    20    531 
  30   39    21    553 
  30   40     9    247 
  30   41    26    678 
  30   42    22    570 
  30   43    24    611 
  30   44     9    240 
  30   45     7    203 
  30   46    27    693 
  30   47    30    772 
  30   48    10    264 
  30   49     9    241 
  31    0    28    715 
  31    1    19    498 
  31    2    21    536 
  31    3    26    671 
  31    4    18    471 
  31    5    11    294 
  31    6    28    723 
  31    7    13    335 
  31    8    27    693 
  31    9    19    495 
  31   10    23    596 
  31   11    17    442 
  31   12    19    491 
  31   13    13    350 
  31   14    25    647 
  31   15    11    289 
  31   16    21    539 
  31   17    16    420 
  31   18    23    604 
  31   19    20    509 
  31   20    22    584 
  31   21    27    686 
  31   22    10    265 
  31   23    20    517 
  31   24    29    743 
  31   25    17    433 
  31   26    19    500 
  31   27    25    651 
  31   28    12    308 
  31   29    29    762 
  31   30    17    455 
  31   31    11    280 
  31   32    13    351 
  31   33    12    330 
  31   34    10    266 
  31   35    14    367 
  31   36    17    433 
  31   37     9    229 
  31   38    11    304 
  31   39    17    451 
  31   40    25    660 
  31   41    12    325 
  31   42    14    372 
  31   43    28    735 
  31   44    11    296 
  31   45    19    484 
  31   46    23    589 
  31   47    29    741 
  31   48    25    660 
  31   49    28    725 
  32    0    19    507 
  32    1    24    627 
  32    2    20    520 
  32    3     8    220 
  32    4    28    720 
  32    5    16    408 
  32    6     8    228 
  32    7    26    685 
  32    8    20    512 
  32    9    29    753 
  32   10    29    748 
  32   11    21    550 
  32   12    24    619 
  32   13    27    703 
  32   14    29    757 
  32   15    26    670 
  32   16    12    321 
  32   17    20    515 
  32   18    26    683 
  32   19    14    360 
  32   20    13    335 
  32   21    20    519 
  32   22    22    567 
  32   23    13    334 
  32   24    26    675 
  32   25    13    336 
  32   26    20    521 
  32   27    13    344 
  32   28    20    530 
  32   29    28    732 
  32   30    28    728 
  32   31     9    233 
  32   32    18    463 
  32   33    18    470 
  32   34    24    620 
  32   35    19    495 
  32   36    27    692 
  32   37    21    538 
  32   38    11    301 
  32   39    12    319 
  32   40    19    507 
  32   41    22    563 
  32   42    31    795 
  32   43    25    645 
  32   44    10    266 
  32   45    12    327 
  32   46    14    369 
  32   47     9    232 
  32   48    26    678 
  32   49    17    444 
  33    0    24    631 
  33    1    16    428 
  33    2     9    249 
  33    3    19    483 
  33    4    12    314 
  33    5    24    632 
  33    6    27    690 
  33    7    24    635 
  33    8    17    438 
  33    9    28    722 
  33   10    20    514 
  33   11    20    533 
  33   12    14    363 
  33   13    30    777 
  33   14    16    420 
  33   15     8    204 
  33   16    13    340 
  33   17     7    201 
  33   18    10    277 
  33   19    13    344 
  33   20    25    657 
  33   21    22    577 
  33   22    15    400 
  33   23    27    690 
  33   24    29    757 
  33   25    26    682 
  33   26    21    550 
  33   27     8    221 
  33   28    10    279 
  33   29    26    677 
  33   30    14    369 
  33   31    12    324 
  33   32    14    380 
  33   33    18    479 
  33   34    21    545 
  33   35    17    445 
  33   36    13    332 
  33   37    24    616 
  33   38     7    201 
  33   39    22    568 
  33   40    21    555 
  33   41    15    388 
  33   42    17    455 
  33   43     8    211 
  33   44    12    321 
  33   45     8    211 
  33   46    13    351 
  33   47    13    344 
  33   48    29    743 
  33   49    17    452 
  34    0    26    668 
  34    1    22    573 
  34    2    24    635 
  34    3    20    528 
  34    4    16    417 
  34    5    20    515 
  34    6    31    797 
  34    7    24    630 
  34    8    16    429 
  34    9    15    390 
  34   10    23    591 
  34   11     9    231 
  34   12    22    568 
  34   13    25    647 
  34   14    28    722 
  34   15    23    602 
  34   16    14    364 
  34   17    12    308 
  34   18    15    386 
  34   19    30    772 
  34   20    18    478 
  34   21    10    255 
  34   22    12    323 
  34   23    21    534 
  34   24    15    394 
  34   25    22    568 
  34   26    14    374 
  34   27    29    743 
  34   28    20    514 
  34   29    16    414 
  34   30    21    549 
  34   31    24    629 
  34   32    19    494 
  34   33    10    277 
  34   34    16    423 
  34   35    11    301 
  34   36     8    211 
  34   37    11    292 
  34   38     8    227 
  34   39    20    528 
  34   40    30    768 
  34   41    12    318 
  34   42    18    459 
  34   43    12    329 
  34   44    26    670 
  34   45    13    336 
  34   46    16    423 
  34   47    15    386 
  34   48    21    544 
  34   49    26    680 
  35    0    18    458 
  35    1    11    298 
  35    2    16    414 
  35    3    26    678 
  35    4    29    745 
  35    5    13    333 
  35    6    21    554 
  35    7    16    427 
  35    8    10    255 
  35    9    24    630 
  35   10    11    303 
  35   11    21    544 
  35   12    14    372 
  35   13    30    786 
  35   14    13    345 
  35   15    28    735 
  35   16    29    743 
  35   17     9    251 
  35   18    12    317 
  35   19    21    536 
  35   20    21    540 
  35   21    18    460 
  35   22    20    520 
  35   23    10    255 
  35   24    17    456 
  35   25    19    490 
  35   26    14    358 
  35   27    15    389 
  35   28    17    457 
  35   29    11    295 
  35   30    21    535 
  35   31    20    531 
  35   32    30    782 
  35   33    15    396 
  35   34    28    730 
  35   35    28    713 
  35   36    31    798 
  35   37    18    463 
  35   38    28    712 
  35   39    20    522 
  35   40    30    779 
  35   41    15    390 
  35   42    12    315 
  35   43     8    216 
  35   44    24    630 
  35   45    14    363 
  35   46    26    675 
  35   47    15    386 
  35   48    16    421 
  35   49    23    596 
  36    0    27    697 
  36    1     9    254 
  36    2    12    312 
  36    3    20    524 
  36    4    23    599 
  36    5    21    558 
  36    6     7    201 
  36    7    29    745 
  36    8     8    224 
  36    9    22    576 
  36   10    25    656 
  36   11    23    605 
  36   12    23    596 
  36   13    28    717 
  36   14    12    317 
  36   15    25    639 
  36   16    13    338 
  36   17    26    675 
  36   18    18    462 
  36   19    31    788 
  36   20    20    512 
  36   21    20    520 
  36   22    25    656 
  36   23    17    432 
  36   24     9    253 
  36   25    16    409 
  36   26    11    286 
  36   27    27    705 
  36   28    23    607 
  36   29    29    752 
  36   30    13    331 
  36   31    11    292 
  36   32    28    736 
  36   33    20    523 
  36   34    12    327 
  36   35    11    292 
  36   36    10    270 
  36   37    30    780 
  36   38    17    449 
  36   39    16    415 
  36   40    11    287 
  36   41    26    675 
  36   42    13    346 
  36   43    27    694 
  36   44     7    202 
  36   45    29    740 
  36   46    25    651 
  36   47     8    228 
  36   48     9    244 
  36   49    11    284 
  37    0    16    410 
  37    1    23    586 
  37    2    25    643 
  37    3    31    800 
  37    4    12    306 
  37    5    31    788 
  37    6    28    736 
  37    7    20    533 
  37    8     8    224 
  37    9    30    766 
  37   10    24    619 
  37   11    30    775 
  37   12    16    421 
  37   13    22    559 
  37   14    26    677 
  37   15    22    568 
  37   16    20    518 
  37   17    23    605 
  37   18    29    756 
  37   19    25    636 
  37   20    14    370 
  37   21     8    220 
  37   22    22    563 
  37   23    26    677 
  37   24    17    453 
  37   25    24    612 
  37   26    20    522 
  37   27     8    210 
  37   28    25    638 
  37   29    24    625 
  37   30    11    300 
  37   31    27    699 
  37   32    19    488 
  37   33    15    406 
  37   34    18    459 
  37   35    15    386 
  37   36    25    657 
  37   37    30    780 
  37   38    10    262 
  37   39    12    324 
  37   40    31    791 
  37   41    18    463 
  37   42    17    432 
  37   43    28    736 
  37   44     7    201 
  37   45    28    729 
  37   46     9    244 
  37   47    19    507 
  37   48    25    646 
  37   49     8    208 
  38    0    29    743 
  38    1     9    236 
  38    2    24    611 
  38    3    19    484 
  38    4    30    778 
  38    5    11    291 
  38    6    17    455 
  38    7    29    741 
  38    8    30    766 
  38    9    14    364 
  38   10    20    528 
  38   11     8    204 
  38   12    12    329 
  38   13    27    686 
  38   14    23    606 
  38   15     8    216 
  38   16    15    384 
  38   17    31    790 
  38   18    20    532 
  38   19     8    214 
  38   20    27    703 
  38   21    25    639 
  38   22    13    332 
  38   23    13    355 
  38   24    21    546 
  38   25    16    422 
  38   26    14    374 
  38   27    13    332 
  38   28    12    330 
  38   29    28    726 
  38   30     8    222 
  38   31    12    318 
  38   32    10    276 
  38   33    16    428 
  38   34     8    210 
  38   35     8    212 
  38   36    14    372 
  38   37    14    379 
  38   38    21    545 
  38   39    11    302 
  38   40    11    297 
  38   41    30    770 
  38   42    20    532 
  38   43    10    258 
  38   44     8    208 
  38   45    29    761 
  38   46    31    791 
  38   47    26    682 
  38   48    26    683 
  38   49    26    680 
  39    0    16    410 
  39    1    24    617 
  39    2    10    265 
  39    3    21    544 
  39    4    10    261 
  39    5    17    445 
  39    6    16    417 
  39    7    15    386 
  39    8    25    659 
  39    9    23    592 
  39   10    12    313 
  39   11    26    673 
  39   12    25    651 
  39   13    26    681 
  39   14    18    470 
  39   15    25    655 
  39   16    22    567 
  39   17    27    704 
  39   18    22    582 
  39   19    22    581 
  39   20    26    666 
  39   21    15    393 
  39   22    29    753 
  39   23    31    793 
  39   24    30    765 
  39   25    17    448 
  39   26    26    672 
  39   27    19    507 
  39   28     9    246 
  39   29    25    658 
  39   30    23    600 
  39   31    24    611 
  39   32    30    785 
  39   33    14    368 
  39   34     8    214 
  39   35    21    541 
  39   36    23    594 
  39   37     8    205 
  39   38    21    543 
  39   39    24    634 
  39   40    27    706 
  39   41     8    212 
  39   42    21    537 
  39   43    27    692 
  39   44    28    735 
  39   45    20    513 
  39   46    18    474 
  39   47    20    518 
  39   48    23    585 
  39   49    18    480 
  40    0    21    556 
  40    1    19    491 
  40    2    23    592 
  40    3    25    640 
  40    4    12    317 
  40    5    20    533 
  40    6    16    415 
  40    7    25    640 
  40    8    27    705 
  40    9    15    399 
  40   10    25    639 
  40   11    22    582 
  40   12    16    425 
  40   13    27    699 
  40   14     8    225 
  40   15    19    506 
  40   16    24    611 
  40   17     9    252 
  40   18     8    205 
  40   19    24    616 
  40   20    15    402 
  40   21    17    446 
  40   22    27    703 
  40   23    20    531 
  40   24    28    716 
  40   25    18    476 
  40   26    20    515 
  40   27    22    562 
  40   28    20    513 
  40   29    13    334 
  40   30    12    329 
  40   31    25    639 
  40   32    27    695 
  40   33    24    620 
  40   34    29    759 
  40   35    16    423 
  40   36    14    362 
  40   37    21    542 
  40   38    14    380 
  40   39    24    611 
  40   40    19    491 
  40   41    10    264 
  40   42    29    751 
  40   43    13    338 
  40   44    12    312 
  40   45    21    540 
  40   46    10    264 
  40   47    27    701 
  40   48    12    313 
  40   49    16    427 
  41    0    19    494 
  41    1    25    637 
  41    2    20    515 
  41    3    27    702 
  41    4    17    455 
  41    5    13    340 
  41    6    10    274 
  41    7    23    587 
  41    8    19    490 
  41    9    16    421 
  41   10    26    676 
  41   11    19    497 
  41   12    15    399 
  41   13    15    391 
  41   14    16    429 
  41   15    30    778 
  41   16    29    752 
  41   17    13    344 
  41   18    10    271 
  41   19     8    224 
  41   20    23    601 
  41   21    12    312 
  41   22     8    211 
  41   23    20    511 
  41   24    12    315 
  41   25    28    715 
  41   26    10    259 
  41   27    30    783 
  41   28     9    252 
  41   29    22    563 
  41   30    12    319 
  41   31    12    305 
  41   32    19    487 
  41   33    29    761 
  41   34    27    696 
  41   35    11    299 
  41   36    12    326 
  41   37    30    779 
  41   38    30    780 
  41   39    26    677 
  41   40    11    281 
  41   41    12    326 
  41   42    11    292 
  41   43    15    391 
  41   44    16    411 
  41   45    23    609 
  41   46    30    782 
  41   47    20    522 
  41   48    11    301 
  41   49    31    789 
  42    0    20    524 
  42    1    27    688 
  42    2    25    639 
  42    3     8    212 
  42    4    14    360 
  42    5    24    635 
  42    6    27    695 
  42    7     8    220 
  42    8    29    759 
  42    9    14    381 
  42   10    15    388 
  42   11    19    507 
  42   12    27    710 
  42   13    23    592 
  42   14    10    274 
  42   15    25    637 
  42   16    22    575 
  42   17    15    389 
  42   18    24    617 
  42   19    28    728 
  42   20    30    765 
  42   21    14    376 
  42   22     8    225 
  42   23    11    295 
  42   24    26    677 
  42   25    25    658 
  42   26     9    230 
  42   27    24    618 
  42   28    23    608 
  42   29     9    247 
  42   30    15    399 
  42   31    26    670 
  42   32    21    554 
  42   33    27    695 
  42   34    11    303 
  42   35    13    350 
  42   36    10    255 
  42   37    14    376 
  42   38    11    287 
  42   39    13    332 
  42   40    24    629 
  42   41     8    228 
  42   42     7    201 
  42   43     8    205 
  42   44    26    679 
  42   45    19    486 
  42   46     9    238 
  42   47     9    246 
  42   48     9    250 
  42   49    15    401 
  43    0    12    330 
  43    1     8    211 
  43    2    11    304 
  43    3    17    443 
  43    4    17    437 
  43    5    13    339 
  43    6    22    583 
  43    7    24    613 
  43    8     9    253 
  43    9    30    778 
  43   10    25    639 
  43   11    11    303 
  43   12    23    587 
  43   13    29    746 
  43   14    21    549 
  43   15    14    373 
  43   16     9    247 
  43   17    15    393 
  43   18    16    413 
  43   19    25    650 
  43   20    24    610 
  43   21     9    248 
  43   22    14    360 
  43   23    28    724 
  43   24    25    644 
  43   25    17    443 
  43   26    13    332 
  43   27    24    625 
  43   28    13    333 
  43   29    20    525 
  43   30    12    315 
  43   31    20    530 
  43   32    21    546 
  43   33    12    314 
  43   34    26    670 
  43   35    29    753 
  43   36    19    491 
  43   37    22    566 
  43   38    17    433 
  43   39    22    567 
  43   40     8    210 
  43   41    19    502 
  43   42    14    379 
  43   43    17    440 
  43   44    21    551 
  43   45    13    334 
  43   46    21    541 
  43   47     9    241 
  43   48    17    435 
  43   49    30    783 
  44    0    29    748 
  44    1    10    264 
  44    2     9    239 
  44    3    25    645 
  44    4    12    307 
  44    5    23    604 
  44    6     8    224 
  44    7    28    722 
  44    8    26    684 
  44    9    17    449 
  44   10    20    523 
  44   11    25    655 
  44   12    11    290 
  44   13    29    738 
  44   14    17    447 
  44   15     9    234 
  44   16    16    419 
  44   17    21    534 
  44   18    15    397 
  44   19    30    787 
  44   20    20    518 
  44   21    25    654 
  44   22    25    652 
  44   23    21    552 
  44   24     9    243 
  44   25    26    679 
  44   26    11    298 
  44   27    11    281 
  44   28    17    453 
  44   29    14    359 
  44   30    18    471 
  44   31    26    674 
  44   32    12    310 
  44   33    15    382 
  44   34    10    271 
  44   35    19    494 
  44   36    15    382 
  44   37    31    800 
  44   38    14    360 
  44   39    15    402 
  44   40    26    664 
  44   41     9    243 
  44   42    23    600 
  44   43    30    775 
  44   44    29    737 
  44   45    22    575 
  44   46    13    351 
  44   47    11    284 
  44   48    10    272 
  44   49    19    507 
  45    0    20    509 
  45    1    23    598 
  45    2    25    655 
  45    3     9    231 
  45    4    11    288 
  45    5    16    430 
  45    6    14    360 
  45    7    26    677 
  45    8    22    581 
  45    9    23    591 
  45   10    25    652 
  45   11    12    317 
  45   12    20    525 
  45   13    12    309 
  45   14     9    239 
  45   15    24    630 
  45   16    25    637 
  45   17    23    589 
  45   18    25    651 
  45   19    22    579 
  45   20    13    341 
  45   21    11    301 
  45   22    27    711 
  45   23    22    580 
  45   24    17    448 
  45   25    29    755 
  45   26    24    626 
  45   27     9    249 
  45   28     8    222 
  45   29    25    637 
  45   30    12    324 
  45   31    28    719 
  45   32    26    675 
  45   33     8    210 
  45   34     9    244 
  45   35    10    275 
  45   36    17    449 
  45   37    16    410 
  45   38    10    279 
  45   39    28    724 
  45   40    27    700 
  45   41    27    711 
  45   42    29    747 
  45   43    15    390 
  45   44    25    643 
  45   45    16    419 
  45   46    30    785 
  45   47    13    352 
  45   48    30    785 
  45   49    23    590 
  46    0    16    419 
  46    1    21    545 
  46    2    21    538 
  46    3    29    753 
  46    4    14    374 
  46    5     8    212 
  46    6    23    585 
  46    7    19    506 
  46    8    22    571 
  46    9    17    443 
  46   10    10    272 
  46   11    19    492 
  46   12    14    377 
  46   13    13    334 
  46   14     9    229 
  46   15    31    797 
  46   16    26    669 
  46   17    27    703 
  46   18    12    310 
  46   19    25    656 
  46   20    17    439 
  46   21    28    723 
  46   22    25    647 
  46   23    29    760 
  46   24     9    239 
  46   25    16    416 
  46   26    21    546 
  46   27    28    734 
  46   28    16    416 
  46   29    23    595 
  46   30     9    251 
  46   31    19    489 
  46   32    15    405 
  46   33    20    522 
  46   34    15    392 
  46   35    22    574 
  46   36    27    691 
  46   37    20    532 
  46   38    18    475 
  46   39    24    615 
  46   40    27    709 
  46   41    28    722 
  46   42    24    617 
  46   43    16    424 
  46   44    21    547 
  46   45    21    557 
  46   46    27    686 
  46   47    23    595 
  46   48    16    410 
  46   49    13    334 
  47    0    17    442 
  47    1    14    358 
  47    2    16    412 
  47    3    10    268 
  47    4    31    789 
  47    5     9    246 
  47    6    22    560 
  47    7    13    341 
  47    8    31    800 
  47    9    24    611 
  47   10    23    609 
  47   11    24    634 
  47   12    17    439 
  47   13    12    322 
  47   14     9    250 
  47   15    16    418 
  47   16    18    480 
  47   17    19    503 
  47   18    24    634 
  47   19    21    536 
  47   20    20    531 
  47   21    31    794 
  47   22    18    477 
  47   23    19    498 
  47   24    16    420 
  47   25    12    321 
  47   26    26    663 
  47   27    31    797 
  47   28    14    360 
  47   29    21    552 
  47   30    10    273 
  47   31    19    502 
  47   32    20    513 
  47   33    14    366 
  47   34    25    659 
  47   35    29    761 
  47   36    27    697 
  47   37    11    291 
  47   38    12    321 
  47   39     8    219 
  47   40    14    365 
  47   41    18    470 
  47   42    29    745 
  47   43    23    586 
  47   44    17    437 
  47   45    31    797 
  47   46    25    641 
  47   47    24    616 
  47   48    28    712 
  47   49    24    617 
  48    0    14    375 
  48    1    27    690 
  48    2    13    339 
  48    3    20    516 
  48    4    13    351 
  48    5     8    209 
  48    6    22    577 
  48    7    10    273 
  48    8    10    261 
  48    9    27    704 
  48   10    12    316 
  48   11    31    795 
  48   12    10    276 
  48   13    23    588 
  48   14    15    385 
  48   15     9    246 
  48   16    29    749 
  48   17     8    211 
  48   18    12    317 
  48   19     8    204 
  48   20    27    691 
  48   21     9    241 
  48   22    22    563 
  48   23    25    642 
  48   24    20    517 
  48   25    10    259 
  48   26    13    339 
  48   27    20    523 
  48   28    14    356 
  48   29    14    381 
  48   30    11    301 
  48   31    10    279 
  48   32    15    397 
  48   33    20    520 
  48   34     8    207 
  48   35    18    470 
  48   36    15    388 
  48   37    14    374 
  48   38    17    432 
  48   39    21    541 
  48   40    27    709 
  48   41     8    216 
  48   42    22    566 
  48   43    10    270 
  48   44    24    622 
  48   45    15    395 
  48   46    17    455 
  48   47    15    390 
  48   48    10    279 
  48   49    21    555 
  49    0    11    287 
  49    1    23    594 
  49    2    10    276 
  49    3    27    709 
  49    4     9    243 
  49    5    17    433 
  49    6     8    219 
  49    7    12    327 
  49    8    24    616 
  49    9    23    608 
  49   10    16    418 
  49   11    12    314 
  49   12    21    538 
  49   13    21    545 
  49   14    11    296 
  49   15    27    708 
  49   16    19    503 
  49   17    20    529 
  49   18    30    775 
  49   19    30    786 
  49   20    29    749 
  49   21    16    416 
  49   22    13    337 
  49   23    29    745 
  49   24    20    524 
  49   25    15    395 
  49   26    18    463 
  49   27    16    408 
  49   28    17    450 
  49   29    16    423 
  49   30    25    643 
  49   31    26    672 
  49   32    27    707 
  49   33    11    285 
  49   34    10    267 
  49   35     9    254 
  49   36    12    308 
  49   37    11    292 
  49   38    30    770 
  49   39     8    215 
  49   40    11    287 
  49   41    26    664 
  49   42    20    515 
  49   43    21    553 
  49   44    19    504 
  49   45    11    292 
  49   46    10    263 
  49   47    29    741 
  49   48    19    485 
  49   49    11    295 
