 50
 50

    3
    5
   16
    8
    4
   20
    6
    9
    5
   19
    1
   19
    1
   19
   14
    9
   10
    2
   16
    3
   11
   15
   12
   12
    1
    5
   18
   19
   16
   11
   15
   16
   14
   19
    3
    6
   15
   12
   15
    9
    9
    6
   12
    5
    5
    5
    4
   11
    4
    7

    2
    6
    5
    1
    1
    7
   20
    5
   12
   18
    2
    6
   15
   15
   16
    3
   18
   10
    2
   11
   17
    1
    8
    8
   12
    2
    2
    4
   18
    8
   12
   14
   16
   15
   12
    3
    8
   17
    3
    2
   19
   11
   16
   16
   16
   12
    5
   13
   19
   17

   0    0    19    487 
   0    1    30    777 
   0    2    24    631 
   0    3    27    707 
   0    4    12    318 
   0    5    30    762 
   0    6    22    570 
   0    7    27    694 
   0    8    12    304 
   0    9    14    370 
   0   10    23    603 
   0   11    29    734 
   0   12    15    401 
   0   13    14    358 
   0   14    28    711 
   0   15    26    673 
   0   16    10    267 
   0   17    23    603 
   0   18    24    608 
   0   19    25    639 
   0   20    16    430 
   0   21    21    546 
   0   22    25    651 
   0   23    19    498 
   0   24    21    551 
   0   25     8    203 
   0   26    22    574 
   0   27    30    773 
   0   28    17    455 
   0   29    24    632 
   0   30    13    337 
   0   31    17    455 
   0   32    13    334 
   0   33    17    438 
   0   34    15    402 
   0   35    23    591 
   0   36    18    477 
   0   37    17    435 
   0   38    12    319 
   0   39    22    561 
   0   40    22    562 
   0   41    21    553 
   0   42    24    619 
   0   43    10    274 
   0   44    24    620 
   0   45    15    380 
   0   46    25    647 
   0   47     8    224 
   0   48    20    521 
   0   49    10    278 
   1    0    18    469 
   1    1    18    476 
   1    2    25    654 
   1    3    25    649 
   1    4    17    453 
   1    5     9    230 
   1    6    19    481 
   1    7    27    690 
   1    8    27    700 
   1    9    29    735 
   1   10    12    311 
   1   11    22    558 
   1   12    20    517 
   1   13    12    326 
   1   14    15    400 
   1   15     9    249 
   1   16    11    301 
   1   17    18    470 
   1   18    25    649 
   1   19    29    752 
   1   20    19    505 
   1   21    24    616 
   1   22    19    490 
   1   23    19    483 
   1   24    31    794 
   1   25    22    566 
   1   26     8    227 
   1   27     8    213 
   1   28    29    744 
   1   29    18    465 
   1   30    14    373 
   1   31    13    340 
   1   32    14    373 
   1   33    18    460 
   1   34    18    478 
   1   35    26    666 
   1   36    16    414 
   1   37    24    615 
   1   38    12    326 
   1   39    28    732 
   1   40    16    430 
   1   41    26    682 
   1   42    27    697 
   1   43    26    678 
   1   44    24    615 
   1   45    23    586 
   1   46    28    725 
   1   47    17    448 
   1   48    22    570 
   1   49    26    661 
   2    0    22    577 
   2    1    27    694 
   2    2     9    246 
   2    3    11    303 
   2    4    28    719 
   2    5     8    209 
   2    6    17    442 
   2    7    18    467 
   2    8    25    650 
   2    9    20    526 
   2   10    22    572 
   2   11    12    316 
   2   12    19    490 
   2   13    28    713 
   2   14    23    601 
   2   15    30    774 
   2   16    24    625 
   2   17    11    303 
   2   18    25    649 
   2   19    15    402 
   2   20     9    245 
   2   21    20    512 
   2   22    16    427 
   2   23    15    383 
   2   24    21    543 
   2   25    15    397 
   2   26    30    784 
   2   27    20    529 
   2   28    30    769 
   2   29    14    363 
   2   30    23    593 
   2   31    24    609 
   2   32    18    472 
   2   33    12    321 
   2   34    27    684 
   2   35    28    733 
   2   36    25    651 
   2   37    14    362 
   2   38    29    744 
   2   39    26    682 
   2   40    17    440 
   2   41    12    323 
   2   42    10    263 
   2   43    14    360 
   2   44    12    304 
   2   45    28    732 
   2   46    23    587 
   2   47    28    730 
   2   48    31    794 
   2   49    10    261 
   3    0    25    633 
   3    1    14    368 
   3    2    28    711 
   3    3    31    794 
   3    4    11    297 
   3    5    11    303 
   3    6    30    767 
   3    7    27    692 
   3    8     8    220 
   3    9    10    254 
   3   10    11    280 
   3   11    31    791 
   3   12    18    477 
   3   13    16    407 
   3   14    16    413 
   3   15    15    404 
   3   16     7    201 
   3   17     9    236 
   3   18    24    630 
   3   19    25    635 
   3   20    23    592 
   3   21    29    758 
   3   22    16    420 
   3   23    30    778 
   3   24    30    771 
   3   25     8    209 
   3   26    19    503 
   3   27     9    252 
   3   28    30    767 
   3   29    24    623 
   3   30    20    528 
   3   31    17    437 
   3   32    27    690 
   3   33    10    266 
   3   34    27    708 
   3   35     8    203 
   3   36    11    283 
   3   37    10    272 
   3   38    11    294 
   3   39    23    587 
   3   40    29    744 
   3   41    27    686 
   3   42    21    546 
   3   43    27    706 
   3   44    15    389 
   3   45     8    216 
   3   46    23    606 
   3   47    12    306 
   3   48    17    432 
   3   49    11    298 
   4    0    26    681 
   4    1    27    702 
   4    2    17    432 
   4    3    23    600 
   4    4    26    680 
   4    5    21    539 
   4    6    23    603 
   4    7    10    274 
   4    8     9    232 
   4    9    24    629 
   4   10    18    466 
   4   11    17    454 
   4   12    17    439 
   4   13    23    603 
   4   14    16    420 
   4   15    15    388 
   4   16    16    416 
   4   17    14    374 
   4   18    30    773 
   4   19     9    245 
   4   20    13    351 
   4   21    16    416 
   4   22     8    218 
   4   23     8    207 
   4   24    16    421 
   4   25    20    522 
   4   26    11    301 
   4   27    20    529 
   4   28    10    267 
   4   29    29    754 
   4   30     8    227 
   4   31    22    567 
   4   32     8    226 
   4   33     8    215 
   4   34    20    511 
   4   35    17    444 
   4   36    10    262 
   4   37    30    765 
   4   38    10    267 
   4   39    21    540 
   4   40     7    201 
   4   41    19    502 
   4   42    10    275 
   4   43    24    609 
   4   44    16    406 
   4   45    24    612 
   4   46    12    326 
   4   47    22    573 
   4   48    25    645 
   4   49    18    465 
   5    0    14    359 
   5    1    30    765 
   5    2     7    201 
   5    3    13    334 
   5    4    24    614 
   5    5    28    719 
   5    6    13    330 
   5    7    14    371 
   5    8     9    246 
   5    9    15    394 
   5   10    21    539 
   5   11    18    469 
   5   12    19    487 
   5   13     8    210 
   5   14    10    257 
   5   15    22    580 
   5   16     9    252 
   5   17    11    283 
   5   18    17    455 
   5   19    11    295 
   5   20     8    225 
   5   21    23    592 
   5   22    30    777 
   5   23    21    554 
   5   24    23    586 
   5   25    23    601 
   5   26    29    750 
   5   27    30    769 
   5   28    19    504 
   5   29    22    573 
   5   30    15    396 
   5   31     9    240 
   5   32    19    496 
   5   33    14    360 
   5   34    30    781 
   5   35    13    347 
   5   36    11    290 
   5   37    16    405 
   5   38    12    324 
   5   39    13    339 
   5   40    13    348 
   5   41    26    680 
   5   42    23    606 
   5   43    15    397 
   5   44    19    502 
   5   45    30    769 
   5   46    20    507 
   5   47    19    493 
   5   48    27    684 
   5   49    29    755 
   6    0    12    325 
   6    1    22    561 
   6    2    10    276 
   6    3     9    243 
   6    4    11    291 
   6    5    22    560 
   6    6    26    680 
   6    7    23    588 
   6    8    18    457 
   6    9    22    571 
   6   10    16    407 
   6   11    26    658 
   6   12    18    473 
   6   13    11    302 
   6   14    10    271 
   6   15    11    290 
   6   16    30    775 
   6   17    21    541 
   6   18    31    796 
   6   19    26    681 
   6   20     9    249 
   6   21    29    749 
   6   22    21    534 
   6   23     9    234 
   6   24    30    775 
   6   25    16    417 
   6   26    18    462 
   6   27    24    611 
   6   28    30    761 
   6   29    15    403 
   6   30    30    783 
   6   31    17    452 
   6   32    11    295 
   6   33    25    645 
   6   34    18    463 
   6   35    26    683 
   6   36    13    336 
   6   37    22    560 
   6   38    31    789 
   6   39    30    775 
   6   40    31    787 
   6   41    10    254 
   6   42    11    283 
   6   43    13    354 
   6   44    21    532 
   6   45    14    373 
   6   46    14    378 
   6   47    26    658 
   6   48    21    542 
   6   49    21    539 
   7    0    24    615 
   7    1    15    392 
   7    2     8    208 
   7    3    29    757 
   7    4    31    795 
   7    5    13    354 
   7    6    21    539 
   7    7     8    204 
   7    8    29    754 
   7    9    30    763 
   7   10     7    200 
   7   11    17    453 
   7   12     9    241 
   7   13    27    701 
   7   14    13    342 
   7   15    28    709 
   7   16    16    422 
   7   17    10    268 
   7   18    17    440 
   7   19    10    258 
   7   20    14    375 
   7   21    20    520 
   7   22    28    723 
   7   23    18    475 
   7   24    25    654 
   7   25    13    331 
   7   26    19    484 
   7   27    27    702 
   7   28    27    685 
   7   29    17    435 
   7   30    23    592 
   7   31    27    700 
   7   32    12    304 
   7   33    29    756 
   7   34    24    615 
   7   35    14    358 
   7   36    12    322 
   7   37     9    237 
   7   38     7    200 
   7   39    20    512 
   7   40    30    780 
   7   41    23    596 
   7   42    16    410 
   7   43    29    736 
   7   44    13    331 
   7   45    18    470 
   7   46    23    597 
   7   47    15    394 
   7   48    14    378 
   7   49    11    303 
   8    0    28    729 
   8    1    10    254 
   8    2    17    451 
   8    3    16    428 
   8    4    13    345 
   8    5    20    513 
   8    6    30    774 
   8    7    20    518 
   8    8    22    579 
   8    9    13    341 
   8   10    21    547 
   8   11    27    702 
   8   12    26    677 
   8   13    11    289 
   8   14    11    300 
   8   15    17    444 
   8   16    16    423 
   8   17    16    413 
   8   18    18    460 
   8   19    27    695 
   8   20    19    504 
   8   21    13    346 
   8   22    20    531 
   8   23    24    624 
   8   24    23    594 
   8   25    17    438 
   8   26    23    583 
   8   27    12    311 
   8   28    19    487 
   8   29    26    681 
   8   30    17    433 
   8   31    18    464 
   8   32    17    442 
   8   33    30    784 
   8   34    24    629 
   8   35    10    260 
   8   36    19    489 
   8   37    26    669 
   8   38    28    716 
   8   39    17    444 
   8   40    30    780 
   8   41    27    697 
   8   42    12    328 
   8   43    20    518 
   8   44    17    446 
   8   45    31    798 
   8   46    16    427 
   8   47    16    421 
   8   48    26    669 
   8   49    22    561 
   9    0    23    582 
   9    1    28    724 
   9    2    21    548 
   9    3    26    676 
   9    4    31    793 
   9    5    24    620 
   9    6    22    557 
   9    7    31    785 
   9    8    13    334 
   9    9    30    770 
   9   10    16    427 
   9   11    23    595 
   9   12    26    677 
   9   13    12    311 
   9   14    25    642 
   9   15    22    576 
   9   16    11    301 
   9   17    15    395 
   9   18    12    316 
   9   19    29    754 
   9   20    19    488 
   9   21    30    782 
   9   22    28    733 
   9   23    17    440 
   9   24    29    739 
   9   25    31    790 
   9   26    22    561 
   9   27    21    537 
   9   28    27    700 
   9   29    14    364 
   9   30    24    615 
   9   31    28    709 
   9   32    16    409 
   9   33    12    310 
   9   34     8    212 
   9   35    30    780 
   9   36    31    794 
   9   37    10    272 
   9   38    16    415 
   9   39    12    321 
   9   40    20    525 
   9   41    14    370 
   9   42    18    467 
   9   43    29    734 
   9   44    19    506 
   9   45     9    236 
   9   46    22    563 
   9   47    17    453 
   9   48    29    749 
   9   49    26    682 
  10    0    15    397 
  10    1    16    427 
  10    2    13    342 
  10    3     9    232 
  10    4    29    737 
  10    5    13    334 
  10    6    30    780 
  10    7    25    639 
  10    8    27    691 
  10    9    14    355 
  10   10     8    207 
  10   11    18    462 
  10   12    16    408 
  10   13    30    765 
  10   14    26    668 
  10   15    25    654 
  10   16    27    706 
  10   17    26    672 
  10   18    11    298 
  10   19    13    354 
  10   20    12    308 
  10   21     9    228 
  10   22    12    328 
  10   23    15    400 
  10   24    18    471 
  10   25    25    656 
  10   26    30    763 
  10   27    19    491 
  10   28    16    405 
  10   29    22    561 
  10   30    24    629 
  10   31    16    413 
  10   32     8    204 
  10   33    24    630 
  10   34    29    754 
  10   35    28    730 
  10   36    18    460 
  10   37     8    209 
  10   38    17    453 
  10   39    30    774 
  10   40    25    635 
  10   41    11    294 
  10   42    12    320 
  10   43    17    454 
  10   44     8    220 
  10   45    22    568 
  10   46    13    347 
  10   47    13    341 
  10   48    16    417 
  10   49    18    473 
  11    0     7    201 
  11    1    26    669 
  11    2    26    664 
  11    3    29    757 
  11    4    10    265 
  11    5    25    646 
  11    6    30    771 
  11    7    13    341 
  11    8    15    395 
  11    9    13    352 
  11   10    12    312 
  11   11    17    452 
  11   12    30    774 
  11   13    17    440 
  11   14    13    332 
  11   15    26    667 
  11   16    25    642 
  11   17    20    520 
  11   18    31    799 
  11   19    18    474 
  11   20    17    455 
  11   21    28    716 
  11   22    26    660 
  11   23    21    534 
  11   24    12    306 
  11   25    13    331 
  11   26     9    248 
  11   27    22    558 
  11   28    13    352 
  11   29    14    374 
  11   30    22    577 
  11   31    28    732 
  11   32    17    449 
  11   33    11    279 
  11   34    17    443 
  11   35    14    360 
  11   36    22    577 
  11   37    15    395 
  11   38    14    367 
  11   39    17    453 
  11   40    16    427 
  11   41    31    785 
  11   42    31    793 
  11   43    21    546 
  11   44    13    335 
  11   45    28    717 
  11   46    10    275 
  11   47     9    236 
  11   48    26    659 
  11   49    16    421 
  12    0     9    245 
  12    1    22    574 
  12    2    24    629 
  12    3    13    347 
  12    4    10    272 
  12    5    31    789 
  12    6     8    227 
  12    7    21    545 
  12    8    27    686 
  12    9    21    532 
  12   10    30    765 
  12   11    23    599 
  12   12    20    512 
  12   13    24    613 
  12   14    11    287 
  12   15     9    247 
  12   16    15    382 
  12   17    28    732 
  12   18    29    736 
  12   19    28    724 
  12   20     8    217 
  12   21    13    331 
  12   22    23    586 
  12   23     9    242 
  12   24    20    527 
  12   25    24    613 
  12   26    12    327 
  12   27    27    696 
  12   28    13    336 
  12   29    14    375 
  12   30    18    477 
  12   31    21    542 
  12   32    24    630 
  12   33    22    562 
  12   34    13    333 
  12   35     8    220 
  12   36    26    678 
  12   37    11    280 
  12   38    26    680 
  12   39     9    236 
  12   40     8    212 
  12   41    10    261 
  12   42    19    503 
  12   43    13    332 
  12   44    22    563 
  12   45    12    307 
  12   46    17    441 
  12   47    13    352 
  12   48    13    354 
  12   49    10    257 
  13    0    22    562 
  13    1    16    405 
  13    2     9    229 
  13    3    23    597 
  13    4     9    246 
  13    5    14    378 
  13    6    13    334 
  13    7    29    742 
  13    8    13    337 
  13    9    29    758 
  13   10    13    348 
  13   11    29    740 
  13   12    25    643 
  13   13    24    615 
  13   14    29    754 
  13   15    29    758 
  13   16    31    792 
  13   17    23    592 
  13   18    20    518 
  13   19    16    428 
  13   20    16    417 
  13   21    11    285 
  13   22    22    560 
  13   23    15    385 
  13   24    17    454 
  13   25    16    421 
  13   26    14    365 
  13   27    16    426 
  13   28    24    624 
  13   29    22    570 
  13   30    21    544 
  13   31    10    275 
  13   32    24    621 
  13   33    24    631 
  13   34    30    782 
  13   35     8    206 
  13   36     9    231 
  13   37    14    359 
  13   38    17    431 
  13   39    25    635 
  13   40    25    647 
  13   41    27    704 
  13   42    24    609 
  13   43    30    784 
  13   44    15    381 
  13   45    21    550 
  13   46    14    359 
  13   47    21    545 
  13   48    24    630 
  13   49    11    299 
  14    0    15    393 
  14    1    17    441 
  14    2    19    501 
  14    3     9    232 
  14    4    29    744 
  14    5    12    322 
  14    6    23    605 
  14    7    22    559 
  14    8    11    281 
  14    9     8    204 
  14   10     8    227 
  14   11    17    454 
  14   12     8    219 
  14   13    12    328 
  14   14    22    574 
  14   15    10    262 
  14   16    11    295 
  14   17    13    337 
  14   18    13    354 
  14   19    16    413 
  14   20    17    432 
  14   21    23    599 
  14   22    16    425 
  14   23    16    429 
  14   24    14    373 
  14   25    28    723 
  14   26    15    392 
  14   27    17    454 
  14   28    26    670 
  14   29    19    486 
  14   30    25    652 
  14   31    23    602 
  14   32    18    457 
  14   33    18    469 
  14   34    17    439 
  14   35    28    733 
  14   36    14    376 
  14   37    26    670 
  14   38    31    794 
  14   39    20    507 
  14   40    10    258 
  14   41     8    211 
  14   42    13    344 
  14   43    26    670 
  14   44    31    790 
  14   45    19    485 
  14   46     9    250 
  14   47    22    579 
  14   48    14    370 
  14   49    18    480 
  15    0    16    416 
  15    1    28    709 
  15    2    22    576 
  15    3    12    321 
  15    4    17    443 
  15    5    17    450 
  15    6    10    277 
  15    7    22    567 
  15    8    27    708 
  15    9    25    639 
  15   10     9    250 
  15   11    19    497 
  15   12     9    235 
  15   13    16    425 
  15   14    28    732 
  15   15     9    250 
  15   16    11    300 
  15   17     8    214 
  15   18    24    612 
  15   19    19    489 
  15   20    11    299 
  15   21    25    646 
  15   22    27    708 
  15   23     8    213 
  15   24    20    518 
  15   25    22    570 
  15   26    13    347 
  15   27     8    221 
  15   28    28    720 
  15   29    20    530 
  15   30    25    650 
  15   31    11    283 
  15   32    16    411 
  15   33    15    388 
  15   34    19    502 
  15   35    25    641 
  15   36    12    311 
  15   37    28    723 
  15   38    19    484 
  15   39    18    463 
  15   40    26    664 
  15   41    16    413 
  15   42    13    347 
  15   43    31    786 
  15   44    25    650 
  15   45     9    229 
  15   46    20    507 
  15   47     8    207 
  15   48    24    631 
  15   49    25    648 
  16    0    31    799 
  16    1    23    596 
  16    2    11    288 
  16    3    20    510 
  16    4    14    371 
  16    5    16    424 
  16    6    20    509 
  16    7    12    307 
  16    8    12    321 
  16    9    31    792 
  16   10    16    425 
  16   11    23    596 
  16   12    14    358 
  16   13    25    653 
  16   14    22    581 
  16   15    11    281 
  16   16    29    758 
  16   17    22    574 
  16   18    26    669 
  16   19    14    364 
  16   20    29    741 
  16   21    14    355 
  16   22    30    761 
  16   23    19    488 
  16   24    17    433 
  16   25    24    624 
  16   26    10    254 
  16   27     9    229 
  16   28    16    427 
  16   29    23    583 
  16   30    17    452 
  16   31     9    235 
  16   32    11    285 
  16   33    24    611 
  16   34    22    558 
  16   35    23    595 
  16   36    22    572 
  16   37    21    541 
  16   38    25    640 
  16   39    20    525 
  16   40    23    600 
  16   41    27    687 
  16   42    25    640 
  16   43    16    414 
  16   44    14    361 
  16   45    11    285 
  16   46    20    525 
  16   47     8    218 
  16   48    28    718 
  16   49    23    605 
  17    0    16    415 
  17    1    13    333 
  17    2    24    632 
  17    3    13    345 
  17    4     9    228 
  17    5    21    548 
  17    6    11    294 
  17    7    18    464 
  17    8    30    783 
  17    9    27    684 
  17   10    14    379 
  17   11    10    270 
  17   12    20    516 
  17   13    29    749 
  17   14     9    245 
  17   15    15    391 
  17   16    24    629 
  17   17     9    238 
  17   18    15    386 
  17   19    29    737 
  17   20    22    564 
  17   21    23    604 
  17   22    21    552 
  17   23    30    780 
  17   24    23    587 
  17   25    22    581 
  17   26    18    479 
  17   27    26    669 
  17   28    13    351 
  17   29    10    257 
  17   30    13    354 
  17   31    12    308 
  17   32    24    631 
  17   33    17    432 
  17   34     9    240 
  17   35    13    336 
  17   36    12    319 
  17   37    31    792 
  17   38    23    599 
  17   39    16    425 
  17   40    30    776 
  17   41    15    384 
  17   42    28    718 
  17   43    14    358 
  17   44    12    312 
  17   45    19    506 
  17   46    25    650 
  17   47    16    405 
  17   48    17    450 
  17   49    23    597 
  18    0     9    248 
  18    1    13    351 
  18    2    28    729 
  18    3    25    646 
  18    4    27    687 
  18    5    29    748 
  18    6    18    466 
  18    7    19    506 
  18    8    28    713 
  18    9    14    378 
  18   10    15    384 
  18   11    12    317 
  18   12     9    236 
  18   13    16    413 
  18   14    15    396 
  18   15     8    223 
  18   16    13    349 
  18   17    13    335 
  18   18    16    416 
  18   19    16    418 
  18   20     9    239 
  18   21    11    290 
  18   22    23    605 
  18   23    24    618 
  18   24    30    779 
  18   25    23    583 
  18   26    17    431 
  18   27    29    738 
  18   28    22    580 
  18   29    18    468 
  18   30    12    322 
  18   31    20    521 
  18   32    30    771 
  18   33    27    689 
  18   34    14    368 
  18   35    28    721 
  18   36    26    682 
  18   37    19    505 
  18   38    23    595 
  18   39    10    273 
  18   40    12    306 
  18   41    11    286 
  18   42    13    339 
  18   43    21    542 
  18   44    25    648 
  18   45    16    425 
  18   46    27    684 
  18   47    20    511 
  18   48    18    462 
  18   49    20    514 
  19    0    30    777 
  19    1    23    601 
  19    2     9    249 
  19    3    16    421 
  19    4    19    504 
  19    5     9    235 
  19    6    24    626 
  19    7    17    450 
  19    8    21    541 
  19    9    18    477 
  19   10    13    345 
  19   11    13    350 
  19   12    26    660 
  19   13    14    368 
  19   14    23    582 
  19   15    17    450 
  19   16    28    711 
  19   17    18    473 
  19   18    31    785 
  19   19     9    236 
  19   20    29    752 
  19   21    24    611 
  19   22    18    458 
  19   23    16    413 
  19   24    16    409 
  19   25    24    625 
  19   26    16    406 
  19   27    17    431 
  19   28    16    413 
  19   29    12    316 
  19   30    31    787 
  19   31     9    240 
  19   32    25    651 
  19   33    25    654 
  19   34    28    719 
  19   35     9    246 
  19   36    28    713 
  19   37    12    326 
  19   38    19    504 
  19   39    22    571 
  19   40     8    213 
  19   41    28    732 
  19   42     8    222 
  19   43    29    740 
  19   44    16    430 
  19   45    22    567 
  19   46    23    606 
  19   47    23    582 
  19   48    10    255 
  19   49    23    605 
  20    0    13    354 
  20    1    17    441 
  20    2    19    492 
  20    3    19    487 
  20    4    17    434 
  20    5    25    650 
  20    6    29    745 
  20    7    20    514 
  20    8    27    704 
  20    9    29    755 
  20   10    29    736 
  20   11     9    245 
  20   12     9    248 
  20   13    19    504 
  20   14    16    423 
  20   15    13    352 
  20   16    22    562 
  20   17    14    372 
  20   18    28    730 
  20   19    18    456 
  20   20     8    214 
  20   21    27    693 
  20   22    30    782 
  20   23    13    333 
  20   24    10    256 
  20   25    30    764 
  20   26    20    516 
  20   27    15    387 
  20   28    17    434 
  20   29    24    628 
  20   30    27    697 
  20   31    10    275 
  20   32    22    575 
  20   33    12    319 
  20   34    15    403 
  20   35    27    692 
  20   36    11    282 
  20   37    15    398 
  20   38    10    260 
  20   39    24    615 
  20   40    15    383 
  20   41     9    240 
  20   42    17    438 
  20   43    26    662 
  20   44    22    564 
  20   45    23    602 
  20   46    17    436 
  20   47    10    269 
  20   48    21    545 
  20   49    18    472 
  21    0    26    660 
  21    1    11    288 
  21    2    23    599 
  21    3    28    732 
  21    4    19    485 
  21    5    27    692 
  21    6    29    748 
  21    7    28    731 
  21    8    14    374 
  21    9    24    630 
  21   10    26    672 
  21   11    10    268 
  21   12    15    399 
  21   13    12    304 
  21   14    21    541 
  21   15    24    616 
  21   16    18    479 
  21   17    24    623 
  21   18    18    464 
  21   19    25    657 
  21   20    17    435 
  21   21    25    651 
  21   22    13    344 
  21   23    26    658 
  21   24     8    225 
  21   25    28    720 
  21   26    27    684 
  21   27    23    596 
  21   28    25    653 
  21   29    23    582 
  21   30    30    780 
  21   31    20    511 
  21   32    29    757 
  21   33    26    678 
  21   34    11    280 
  21   35    29    734 
  21   36     8    208 
  21   37    17    441 
  21   38     9    251 
  21   39    12    324 
  21   40    28    729 
  21   41    14    369 
  21   42    13    335 
  21   43    30    778 
  21   44    25    638 
  21   45     8    222 
  21   46    21    548 
  21   47    20    516 
  21   48    22    572 
  21   49    23    583 
  22    0    29    739 
  22    1    18    472 
  22    2    25    646 
  22    3     9    229 
  22    4    24    628 
  22    5     8    207 
  22    6    11    290 
  22    7    10    268 
  22    8    10    259 
  22    9    24    628 
  22   10    14    370 
  22   11    18    467 
  22   12     9    229 
  22   13    16    405 
  22   14    28    731 
  22   15    19    487 
  22   16    28    724 
  22   17     9    232 
  22   18    31    798 
  22   19    18    476 
  22   20    22    577 
  22   21    15    382 
  22   22    24    617 
  22   23     8    207 
  22   24    25    652 
  22   25    12    307 
  22   26    21    532 
  22   27    25    651 
  22   28    23    599 
  22   29    25    642 
  22   30    11    284 
  22   31    12    317 
  22   32    16    416 
  22   33     8    225 
  22   34    19    493 
  22   35    26    673 
  22   36    27    696 
  22   37    23    591 
  22   38    22    577 
  22   39    14    377 
  22   40    12    324 
  22   41    27    691 
  22   42    13    330 
  22   43    19    500 
  22   44    22    567 
  22   45    24    624 
  22   46    26    674 
  22   47    27    686 
  22   48    11    288 
  22   49    16    406 
  23    0    22    577 
  23    1    27    695 
  23    2    11    301 
  23    3     9    235 
  23    4    24    628 
  23    5    31    792 
  23    6    26    660 
  23    7    14    377 
  23    8    13    332 
  23    9    24    611 
  23   10    27    697 
  23   11    30    764 
  23   12    19    506 
  23   13    21    532 
  23   14    29    738 
  23   15    15    382 
  23   16    14    367 
  23   17    18    479 
  23   18    23    584 
  23   19    21    540 
  23   20    10    256 
  23   21    27    700 
  23   22    10    265 
  23   23    22    571 
  23   24    24    609 
  23   25     9    233 
  23   26    17    437 
  23   27    29    757 
  23   28    18    478 
  23   29    19    487 
  23   30    17    434 
  23   31    29    744 
  23   32    21    546 
  23   33    13    333 
  23   34    26    659 
  23   35    26    680 
  23   36    10    265 
  23   37    17    438 
  23   38    16    411 
  23   39    10    268 
  23   40    21    540 
  23   41    20    523 
  23   42    11    298 
  23   43    21    548 
  23   44    15    394 
  23   45    19    487 
  23   46    17    437 
  23   47    25    655 
  23   48    25    648 
  23   49    29    745 
  24    0    14    379 
  24    1     8    227 
  24    2    13    340 
  24    3    23    590 
  24    4    21    540 
  24    5     8    219 
  24    6    23    589 
  24    7    14    357 
  24    8    13    339 
  24    9    24    631 
  24   10    16    413 
  24   11    27    686 
  24   12    29    745 
  24   13    23    584 
  24   14    17    435 
  24   15    10    262 
  24   16     9    248 
  24   17    14    375 
  24   18    24    611 
  24   19    19    484 
  24   20    17    452 
  24   21    21    546 
  24   22    25    647 
  24   23    15    381 
  24   24    23    602 
  24   25    23    583 
  24   26    28    731 
  24   27    26    661 
  24   28     8    206 
  24   29    10    266 
  24   30    16    418 
  24   31    26    681 
  24   32    29    740 
  24   33    27    690 
  24   34    29    755 
  24   35    26    677 
  24   36    22    559 
  24   37     9    241 
  24   38     8    211 
  24   39     8    225 
  24   40    17    453 
  24   41    25    652 
  24   42     8    212 
  24   43    11    296 
  24   44    11    303 
  24   45    21    547 
  24   46    20    510 
  24   47    16    407 
  24   48    25    641 
  24   49    14    362 
  25    0    16    408 
  25    1    21    534 
  25    2    21    546 
  25    3    29    736 
  25    4    16    416 
  25    5    16    410 
  25    6    19    484 
  25    7    20    521 
  25    8    21    538 
  25    9    16    429 
  25   10    22    575 
  25   11    14    374 
  25   12     8    209 
  25   13    10    272 
  25   14    10    260 
  25   15    11    284 
  25   16    12    313 
  25   17    16    429 
  25   18    19    488 
  25   19    21    544 
  25   20    10    265 
  25   21    23    590 
  25   22    26    674 
  25   23    23    606 
  25   24    12    324 
  25   25    19    491 
  25   26    20    516 
  25   27    31    788 
  25   28    25    654 
  25   29     9    239 
  25   30    28    717 
  25   31    18    462 
  25   32    12    319 
  25   33    20    525 
  25   34    14    374 
  25   35    17    447 
  25   36    18    462 
  25   37    17    432 
  25   38    22    568 
  25   39     9    252 
  25   40    18    466 
  25   41    14    358 
  25   42    29    743 
  25   43    29    734 
  25   44    19    486 
  25   45    24    619 
  25   46    20    511 
  25   47    22    580 
  25   48    23    584 
  25   49     9    250 
  26    0    25    648 
  26    1    19    490 
  26    2     9    246 
  26    3    23    604 
  26    4    24    631 
  26    5     9    230 
  26    6    14    374 
  26    7    14    370 
  26    8    30    775 
  26    9    28    712 
  26   10    27    684 
  26   11    26    659 
  26   12    10    270 
  26   13    28    730 
  26   14    18    467 
  26   15    17    435 
  26   16    24    609 
  26   17    13    337 
  26   18    26    675 
  26   19    16    417 
  26   20    25    641 
  26   21    23    589 
  26   22    23    602 
  26   23    19    485 
  26   24    14    377 
  26   25    26    658 
  26   26    28    733 
  26   27    24    620 
  26   28    16    422 
  26   29    18    463 
  26   30     9    248 
  26   31    12    324 
  26   32    25    653 
  26   33     8    207 
  26   34    19    495 
  26   35    21    535 
  26   36     8    213 
  26   37    18    468 
  26   38    25    652 
  26   39    12    305 
  26   40    15    396 
  26   41    27    692 
  26   42    14    377 
  26   43    14    365 
  26   44    23    607 
  26   45    26    659 
  26   46    29    753 
  26   47    12    316 
  26   48    14    356 
  26   49    11    287 
  27    0    13    333 
  27    1    11    303 
  27    2    29    748 
  27    3    30    779 
  27    4    22    577 
  27    5    12    318 
  27    6    19    501 
  27    7    18    460 
  27    8    26    679 
  27    9    10    262 
  27   10    27    699 
  27   11    10    260 
  27   12    30    764 
  27   13    21    542 
  27   14     8    220 
  27   15     8    214 
  27   16    27    686 
  27   17    20    510 
  27   18    22    565 
  27   19    27    701 
  27   20    25    647 
  27   21    15    401 
  27   22    24    622 
  27   23    27    692 
  27   24    13    332 
  27   25    25    633 
  27   26    14    369 
  27   27     9    236 
  27   28    10    278 
  27   29    21    550 
  27   30    12    309 
  27   31    11    286 
  27   32    16    421 
  27   33    29    748 
  27   34    27    698 
  27   35    14    364 
  27   36    24    630 
  27   37    21    554 
  27   38    19    491 
  27   39    22    561 
  27   40    11    302 
  27   41    12    308 
  27   42     9    241 
  27   43    23    593 
  27   44    14    366 
  27   45    10    262 
  27   46    30    763 
  27   47    11    284 
  27   48    29    740 
  27   49    23    601 
  28    0    28    710 
  28    1    23    604 
  28    2    21    544 
  28    3     9    230 
  28    4    30    764 
  28    5    28    730 
  28    6    30    765 
  28    7     9    250 
  28    8    21    545 
  28    9    27    685 
  28   10    25    638 
  28   11    25    649 
  28   12    30    773 
  28   13    29    745 
  28   14    25    656 
  28   15    22    579 
  28   16    10    274 
  28   17    12    325 
  28   18    22    572 
  28   19    19    502 
  28   20    31    792 
  28   21    13    342 
  28   22    14    371 
  28   23    22    571 
  28   24    16    406 
  28   25     9    228 
  28   26    26    667 
  28   27    15    403 
  28   28    22    559 
  28   29    22    581 
  28   30    30    772 
  28   31    29    734 
  28   32    24    611 
  28   33    15    404 
  28   34    11    298 
  28   35    10    270 
  28   36    11    287 
  28   37    15    385 
  28   38    25    652 
  28   39    23    605 
  28   40    15    399 
  28   41    18    465 
  28   42    30    774 
  28   43    20    507 
  28   44    27    688 
  28   45    16    410 
  28   46    16    428 
  28   47    11    280 
  28   48    30    769 
  28   49    17    449 
  29    0    20    507 
  29    1    27    690 
  29    2    30    777 
  29    3    29    757 
  29    4    29    759 
  29    5    16    413 
  29    6    28    716 
  29    7    13    347 
  29    8    15    394 
  29    9    27    699 
  29   10    28    731 
  29   11     8    205 
  29   12    23    595 
  29   13    29    753 
  29   14     8    204 
  29   15    13    333 
  29   16    22    560 
  29   17    30    783 
  29   18    12    326 
  29   19    21    548 
  29   20    15    388 
  29   21    10    259 
  29   22    14    371 
  29   23    16    417 
  29   24    14    373 
  29   25    13    352 
  29   26    26    668 
  29   27     8    224 
  29   28     8    209 
  29   29    21    540 
  29   30    31    786 
  29   31    19    500 
  29   32    15    400 
  29   33    18    458 
  29   34    24    628 
  29   35     9    230 
  29   36    11    297 
  29   37    23    599 
  29   38    17    435 
  29   39     9    249 
  29   40    29    739 
  29   41    13    354 
  29   42    29    753 
  29   43    30    770 
  29   44    19    504 
  29   45    15    388 
  29   46    14    364 
  29   47    21    550 
  29   48    20    525 
  29   49    22    559 
  30    0    13    344 
  30    1    17    445 
  30    2    12    305 
  30    3    27    692 
  30    4    11    294 
  30    5    29    759 
  30    6    13    331 
  30    7    16    429 
  30    8    22    566 
  30    9    27    694 
  30   10    16    429 
  30   11    28    732 
  30   12    18    468 
  30   13    30    770 
  30   14    22    564 
  30   15    17    450 
  30   16    25    655 
  30   17    23    588 
  30   18    19    499 
  30   19    24    630 
  30   20    23    597 
  30   21    29    757 
  30   22    10    267 
  30   23    27    706 
  30   24    11    284 
  30   25    17    446 
  30   26    17    437 
  30   27    31    799 
  30   28    30    762 
  30   29    13    330 
  30   30    29    736 
  30   31     9    235 
  30   32    12    323 
  30   33    11    294 
  30   34    14    379 
  30   35    10    263 
  30   36    25    657 
  30   37    30    775 
  30   38     7    200 
  30   39    18    478 
  30   40    27    704 
  30   41    23    604 
  30   42    22    565 
  30   43    18    457 
  30   44     8    215 
  30   45    26    668 
  30   46    31    799 
  30   47    17    435 
  30   48    17    435 
  30   49    30    761 
  31    0    27    692 
  31    1    17    445 
  31    2     7    200 
  31    3    20    530 
  31    4    25    638 
  31    5    17    446 
  31    6    24    623 
  31    7    18    462 
  31    8    11    296 
  31    9    11    288 
  31   10    19    492 
  31   11    15    391 
  31   12    22    568 
  31   13    20    519 
  31   14    13    349 
  31   15    30    769 
  31   16    20    517 
  31   17    22    568 
  31   18    16    430 
  31   19    12    327 
  31   20    18    457 
  31   21    10    256 
  31   22    26    670 
  31   23    15    392 
  31   24    12    311 
  31   25    14    379 
  31   26    19    482 
  31   27    17    442 
  31   28    27    685 
  31   29    20    517 
  31   30    11    300 
  31   31    28    729 
  31   32    30    765 
  31   33    20    521 
  31   34    12    305 
  31   35    24    609 
  31   36    24    625 
  31   37    28    713 
  31   38     8    222 
  31   39    17    435 
  31   40    19    488 
  31   41    15    391 
  31   42    16    424 
  31   43     8    227 
  31   44    28    716 
  31   45    25    647 
  31   46    14    375 
  31   47    20    530 
  31   48    21    536 
  31   49    25    656 
  32    0    26    670 
  32    1    17    433 
  32    2     8    204 
  32    3    19    482 
  32    4     8    210 
  32    5    23    604 
  32    6    31    787 
  32    7    18    472 
  32    8    20    516 
  32    9    25    635 
  32   10     8    204 
  32   11    21    554 
  32   12    29    740 
  32   13    10    269 
  32   14    20    513 
  32   15    24    625 
  32   16    19    506 
  32   17    20    524 
  32   18    20    524 
  32   19    23    600 
  32   20    15    404 
  32   21    13    353 
  32   22    18    463 
  32   23    17    438 
  32   24    22    565 
  32   25    20    512 
  32   26    29    736 
  32   27    31    788 
  32   28     9    249 
  32   29    19    496 
  32   30     8    210 
  32   31    14    378 
  32   32    15    398 
  32   33    23    599 
  32   34    28    728 
  32   35    27    687 
  32   36    16    423 
  32   37    27    692 
  32   38    15    380 
  32   39    24    628 
  32   40    30    767 
  32   41     9    251 
  32   42    12    314 
  32   43    17    449 
  32   44    24    620 
  32   45     8    207 
  32   46    10    266 
  32   47    28    722 
  32   48    26    682 
  32   49    13    332 
  33    0    18    462 
  33    1    29    734 
  33    2    10    273 
  33    3    25    650 
  33    4    19    496 
  33    5    21    538 
  33    6    13    343 
  33    7    15    384 
  33    8    22    562 
  33    9    10    264 
  33   10    21    547 
  33   11    30    775 
  33   12    30    764 
  33   13    27    704 
  33   14    27    696 
  33   15    23    599 
  33   16    25    655 
  33   17    19    501 
  33   18    18    476 
  33   19    10    272 
  33   20    26    673 
  33   21    12    308 
  33   22    31    794 
  33   23    26    679 
  33   24    21    551 
  33   25    30    776 
  33   26    17    452 
  33   27    10    277 
  33   28    12    313 
  33   29    13    351 
  33   30    30    766 
  33   31    28    726 
  33   32    13    343 
  33   33    22    581 
  33   34    21    546 
  33   35    15    382 
  33   36    21    533 
  33   37    16    423 
  33   38    14    361 
  33   39    18    477 
  33   40    22    557 
  33   41    23    588 
  33   42    20    514 
  33   43    28    725 
  33   44    25    636 
  33   45    27    685 
  33   46    22    578 
  33   47    18    472 
  33   48    21    536 
  33   49    30    772 
  34    0    22    578 
  34    1    21    532 
  34    2    20    522 
  34    3    26    667 
  34    4    30    782 
  34    5    10    254 
  34    6     8    224 
  34    7    24    613 
  34    8    11    301 
  34    9    25    638 
  34   10    21    533 
  34   11    19    481 
  34   12    13    347 
  34   13     9    230 
  34   14    17    446 
  34   15    22    570 
  34   16    12    322 
  34   17    20    518 
  34   18    15    397 
  34   19    12    317 
  34   20    25    648 
  34   21    29    748 
  34   22    20    520 
  34   23    21    545 
  34   24    29    748 
  34   25    16    416 
  34   26    22    575 
  34   27    30    776 
  34   28    22    574 
  34   29     9    235 
  34   30    16    408 
  34   31    23    592 
  34   32    20    518 
  34   33    28    732 
  34   34    19    490 
  34   35    26    680 
  34   36    24    626 
  34   37    24    608 
  34   38    10    277 
  34   39    24    622 
  34   40    16    413 
  34   41    13    352 
  34   42    20    509 
  34   43    17    452 
  34   44    21    554 
  34   45    12    327 
  34   46    21    540 
  34   47    11    282 
  34   48    27    684 
  34   49    26    672 
  35    0    31    790 
  35    1    11    301 
  35    2    25    653 
  35    3    23    585 
  35    4    13    341 
  35    5    20    531 
  35    6    20    516 
  35    7    12    309 
  35    8    15    403 
  35    9    28    718 
  35   10    11    299 
  35   11    19    487 
  35   12    14    373 
  35   13    24    611 
  35   14    20    530 
  35   15     8    214 
  35   16    18    470 
  35   17    27    702 
  35   18    31    795 
  35   19    12    321 
  35   20    30    772 
  35   21    23    595 
  35   22    10    276 
  35   23    16    422 
  35   24    10    274 
  35   25    16    405 
  35   26    29    741 
  35   27    27    704 
  35   28    19    485 
  35   29     9    234 
  35   30    17    439 
  35   31     9    229 
  35   32     9    228 
  35   33    28    712 
  35   34    16    428 
  35   35    31    792 
  35   36    13    339 
  35   37    25    649 
  35   38    28    727 
  35   39    29    746 
  35   40    18    473 
  35   41    30    767 
  35   42    12    304 
  35   43    11    288 
  35   44    13    334 
  35   45    12    319 
  35   46    16    425 
  35   47    10    257 
  35   48    12    319 
  35   49    15    398 
  36    0    24    608 
  36    1    26    671 
  36    2    27    691 
  36    3    14    369 
  36    4    16    421 
  36    5    31    786 
  36    6    30    765 
  36    7    28    713 
  36    8     9    229 
  36    9    15    397 
  36   10     7    202 
  36   11    15    382 
  36   12    13    352 
  36   13    22    562 
  36   14    18    477 
  36   15     9    230 
  36   16    24    620 
  36   17    14    375 
  36   18     9    242 
  36   19    30    782 
  36   20    15    385 
  36   21    13    346 
  36   22    30    762 
  36   23    18    465 
  36   24    20    514 
  36   25    17    455 
  36   26    21    545 
  36   27    29    742 
  36   28    29    746 
  36   29    30    765 
  36   30    27    685 
  36   31     8    209 
  36   32    10    267 
  36   33    31    797 
  36   34    24    616 
  36   35    29    737 
  36   36    15    383 
  36   37    22    575 
  36   38    28    732 
  36   39    27    688 
  36   40    30    771 
  36   41    21    540 
  36   42    24    618 
  36   43    17    443 
  36   44    19    481 
  36   45    16    413 
  36   46     8    208 
  36   47    19    484 
  36   48    15    387 
  36   49    28    722 
  37    0     9    237 
  37    1    20    520 
  37    2    27    708 
  37    3    10    268 
  37    4    22    573 
  37    5    17    443 
  37    6    24    615 
  37    7    11    293 
  37    8     7    202 
  37    9    11    285 
  37   10    16    414 
  37   11    10    257 
  37   12    28    716 
  37   13     8    203 
  37   14    12    315 
  37   15    27    704 
  37   16    11    282 
  37   17    29    736 
  37   18    16    428 
  37   19    21    544 
  37   20    12    325 
  37   21    31    789 
  37   22    21    538 
  37   23    16    415 
  37   24    13    347 
  37   25    19    489 
  37   26    16    414 
  37   27    18    461 
  37   28    18    480 
  37   29    10    269 
  37   30    16    430 
  37   31    30    770 
  37   32    10    258 
  37   33    29    750 
  37   34    27    696 
  37   35    11    289 
  37   36    13    349 
  37   37    13    331 
  37   38    10    267 
  37   39    11    290 
  37   40    24    628 
  37   41    14    375 
  37   42    12    307 
  37   43    14    368 
  37   44    24    612 
  37   45    24    622 
  37   46    13    353 
  37   47    14    378 
  37   48    28    713 
  37   49    13    334 
  38    0    14    378 
  38    1    16    411 
  38    2    10    276 
  38    3    16    419 
  38    4    27    704 
  38    5    19    484 
  38    6    18    468 
  38    7    24    610 
  38    8    20    518 
  38    9    12    318 
  38   10    28    717 
  38   11    14    358 
  38   12    20    530 
  38   13    12    324 
  38   14    24    617 
  38   15    21    547 
  38   16    28    729 
  38   17    23    587 
  38   18    30    777 
  38   19    23    588 
  38   20    12    328 
  38   21    23    597 
  38   22    22    570 
  38   23    15    394 
  38   24    10    259 
  38   25    19    493 
  38   26    10    274 
  38   27    27    707 
  38   28    13    344 
  38   29    14    356 
  38   30    13    333 
  38   31    30    773 
  38   32    20    520 
  38   33    21    548 
  38   34    13    340 
  38   35    29    752 
  38   36    13    351 
  38   37    10    275 
  38   38    26    662 
  38   39    25    652 
  38   40    27    690 
  38   41    24    622 
  38   42    25    641 
  38   43    10    263 
  38   44    18    466 
  38   45    15    396 
  38   46     8    227 
  38   47    22    573 
  38   48    28    716 
  38   49    24    610 
  39    0    26    675 
  39    1    24    619 
  39    2    31    796 
  39    3    28    718 
  39    4    12    328 
  39    5    14    366 
  39    6    22    569 
  39    7    15    395 
  39    8    28    711 
  39    9    19    501 
  39   10    21    539 
  39   11    23    582 
  39   12    25    635 
  39   13    24    618 
  39   14    16    412 
  39   15    12    317 
  39   16    19    489 
  39   17    26    679 
  39   18    25    648 
  39   19     8    208 
  39   20    26    674 
  39   21    21    535 
  39   22    16    406 
  39   23    12    316 
  39   24    18    459 
  39   25    23    585 
  39   26    14    358 
  39   27    17    433 
  39   28    30    783 
  39   29    13    332 
  39   30    28    723 
  39   31    19    492 
  39   32    11    284 
  39   33    14    368 
  39   34    18    461 
  39   35    30    763 
  39   36    12    320 
  39   37    14    362 
  39   38     8    205 
  39   39    11    286 
  39   40    30    776 
  39   41    21    535 
  39   42    23    585 
  39   43    13    350 
  39   44    20    509 
  39   45    23    599 
  39   46    25    651 
  39   47    25    649 
  39   48    13    342 
  39   49    21    545 
  40    0    16    414 
  40    1    25    657 
  40    2    14    363 
  40    3    20    507 
  40    4    20    529 
  40    5    10    254 
  40    6    14    359 
  40    7    23    584 
  40    8    24    610 
  40    9    30    778 
  40   10    18    462 
  40   11    10    260 
  40   12    15    393 
  40   13    31    788 
  40   14    27    691 
  40   15     9    244 
  40   16     9    231 
  40   17    18    479 
  40   18    16    424 
  40   19    19    497 
  40   20    13    352 
  40   21    20    516 
  40   22    16    428 
  40   23    25    653 
  40   24    29    755 
  40   25    16    421 
  40   26    16    425 
  40   27    23    598 
  40   28     8    215 
  40   29     9    236 
  40   30    13    340 
  40   31    10    272 
  40   32     9    241 
  40   33    18    458 
  40   34    10    257 
  40   35    21    547 
  40   36     8    216 
  40   37     9    252 
  40   38    27    700 
  40   39    26    660 
  40   40    17    449 
  40   41     8    208 
  40   42    20    511 
  40   43    22    577 
  40   44    28    730 
  40   45    15    387 
  40   46    20    513 
  40   47    11    279 
  40   48    16    410 
  40   49    31    796 
  41    0    24    609 
  41    1    13    354 
  41    2    12    314 
  41    3    12    314 
  41    4    31    790 
  41    5    23    586 
  41    6    17    432 
  41    7    13    335 
  41    8    13    343 
  41    9     8    204 
  41   10    24    616 
  41   11    10    254 
  41   12    23    595 
  41   13    10    266 
  41   14    30    773 
  41   15    21    542 
  41   16    25    654 
  41   17    15    392 
  41   18    13    352 
  41   19     8    210 
  41   20    25    650 
  41   21    19    502 
  41   22    11    301 
  41   23    21    540 
  41   24    19    489 
  41   25    11    291 
  41   26    30    772 
  41   27    27    693 
  41   28    16    418 
  41   29    26    683 
  41   30    17    439 
  41   31     9    244 
  41   32    24    621 
  41   33    29    735 
  41   34    16    410 
  41   35    10    273 
  41   36    20    511 
  41   37    10    267 
  41   38    19    485 
  41   39     8    210 
  41   40    22    571 
  41   41    11    302 
  41   42     9    253 
  41   43     9    241 
  41   44    19    498 
  41   45    22    564 
  41   46    20    508 
  41   47    23    591 
  41   48    18    458 
  41   49    17    448 
  42    0    17    433 
  42    1    18    473 
  42    2    18    459 
  42    3    10    260 
  42    4    24    619 
  42    5    31    797 
  42    6    24    620 
  42    7    23    598 
  42    8    25    657 
  42    9    21    551 
  42   10    26    664 
  42   11    26    661 
  42   12    13    330 
  42   13    11    285 
  42   14    24    608 
  42   15    15    399 
  42   16    20    516 
  42   17    30    782 
  42   18    22    581 
  42   19    16    428 
  42   20    25    636 
  42   21    17    432 
  42   22    14    360 
  42   23    23    596 
  42   24    26    658 
  42   25    28    731 
  42   26    12    316 
  42   27    18    459 
  42   28    15    399 
  42   29    11    294 
  42   30    17    436 
  42   31     8    226 
  42   32    29    738 
  42   33    11    299 
  42   34    24    625 
  42   35    13    336 
  42   36    25    652 
  42   37    24    608 
  42   38    13    330 
  42   39    13    334 
  42   40    25    649 
  42   41    27    693 
  42   42    11    295 
  42   43     9    251 
  42   44    29    751 
  42   45    10    269 
  42   46    19    495 
  42   47    21    550 
  42   48    16    426 
  42   49    22    564 
  43    0    28    719 
  43    1    30    777 
  43    2    22    574 
  43    3    30    763 
  43    4    20    514 
  43    5     9    230 
  43    6    10    255 
  43    7    10    276 
  43    8    21    534 
  43    9    26    674 
  43   10    31    799 
  43   11    18    466 
  43   12    10    271 
  43   13    21    536 
  43   14    31    785 
  43   15     9    251 
  43   16    27    689 
  43   17    15    395 
  43   18    10    272 
  43   19    29    757 
  43   20    23    598 
  43   21    30    784 
  43   22    11    282 
  43   23     8    212 
  43   24    26    666 
  43   25    21    550 
  43   26     8    220 
  43   27    17    438 
  43   28    10    271 
  43   29    26    661 
  43   30    24    612 
  43   31     9    253 
  43   32    21    548 
  43   33    13    331 
  43   34    13    330 
  43   35    23    605 
  43   36    16    409 
  43   37     8    223 
  43   38    11    286 
  43   39    11    284 
  43   40    14    369 
  43   41    12    306 
  43   42     9    252 
  43   43    16    411 
  43   44    12    311 
  43   45    14    376 
  43   46    10    277 
  43   47    29    747 
  43   48    16    413 
  43   49    23    586 
  44    0    20    526 
  44    1     8    205 
  44    2    28    715 
  44    3    10    269 
  44    4    29    757 
  44    5    14    372 
  44    6    26    659 
  44    7    17    453 
  44    8    12    315 
  44    9    14    363 
  44   10    13    353 
  44   11     8    222 
  44   12    21    551 
  44   13    24    618 
  44   14    23    597 
  44   15    28    716 
  44   16     8    218 
  44   17    23    593 
  44   18    16    427 
  44   19    28    723 
  44   20    27    686 
  44   21    17    440 
  44   22     7    200 
  44   23    17    453 
  44   24    24    622 
  44   25    25    643 
  44   26    26    678 
  44   27    14    355 
  44   28    10    270 
  44   29     8    219 
  44   30    16    408 
  44   31    15    402 
  44   32    15    398 
  44   33    24    609 
  44   34    13    350 
  44   35    30    764 
  44   36    28    715 
  44   37     8    222 
  44   38    11    292 
  44   39    10    258 
  44   40     8    207 
  44   41    20    531 
  44   42    23    598 
  44   43    11    283 
  44   44    31    793 
  44   45    17    449 
  44   46    14    357 
  44   47    29    751 
  44   48    10    266 
  44   49    14    374 
  45    0    16    412 
  45    1    17    433 
  45    2    24    629 
  45    3    22    567 
  45    4    23    600 
  45    5    25    639 
  45    6    18    477 
  45    7    27    685 
  45    8    27    697 
  45    9    30    762 
  45   10    18    462 
  45   11    31    789 
  45   12    11    301 
  45   13    26    681 
  45   14    27    696 
  45   15    22    572 
  45   16    29    752 
  45   17    15    391 
  45   18    18    467 
  45   19    27    697 
  45   20    29    745 
  45   21    19    491 
  45   22    10    266 
  45   23    29    756 
  45   24    26    660 
  45   25    29    736 
  45   26     8    209 
  45   27    17    446 
  45   28    31    793 
  45   29    24    631 
  45   30     9    236 
  45   31    19    488 
  45   32    25    640 
  45   33    31    791 
  45   34    14    362 
  45   35    13    336 
  45   36    11    297 
  45   37    21    535 
  45   38     8    216 
  45   39    26    666 
  45   40    14    358 
  45   41    30    778 
  45   42    28    732 
  45   43     9    249 
  45   44    22    568 
  45   45    15    403 
  45   46    15    400 
  45   47    17    454 
  45   48     9    253 
  45   49    12    325 
  46    0    31    793 
  46    1    17    439 
  46    2    15    387 
  46    3    24    623 
  46    4    11    289 
  46    5    22    569 
  46    6    12    315 
  46    7    24    629 
  46    8    10    260 
  46    9    21    532 
  46   10    27    690 
  46   11    30    782 
  46   12    18    465 
  46   13    10    278 
  46   14     8    219 
  46   15    10    274 
  46   16    23    597 
  46   17    16    414 
  46   18    25    645 
  46   19    13    354 
  46   20     9    232 
  46   21    15    381 
  46   22    14    367 
  46   23    20    520 
  46   24    31    799 
  46   25    14    365 
  46   26    28    731 
  46   27     8    208 
  46   28    24    628 
  46   29    24    620 
  46   30    11    281 
  46   31    10    265 
  46   32     8    224 
  46   33    13    338 
  46   34    10    263 
  46   35    13    353 
  46   36    26    668 
  46   37    13    343 
  46   38    10    260 
  46   39    21    543 
  46   40    29    755 
  46   41    18    477 
  46   42    22    566 
  46   43    11    285 
  46   44    16    426 
  46   45     8    216 
  46   46    29    753 
  46   47    17    435 
  46   48    14    374 
  46   49    14    376 
  47    0    10    265 
  47    1    19    483 
  47    2    23    605 
  47    3     8    206 
  47    4    11    292 
  47    5    29    747 
  47    6     9    253 
  47    7    26    661 
  47    8    19    502 
  47    9    14    364 
  47   10    27    695 
  47   11    31    785 
  47   12     9    238 
  47   13    23    586 
  47   14    29    737 
  47   15    20    511 
  47   16    28    725 
  47   17    18    469 
  47   18    12    307 
  47   19    16    428 
  47   20    16    422 
  47   21    20    529 
  47   22    29    745 
  47   23    29    736 
  47   24    11    300 
  47   25    22    567 
  47   26    18    478 
  47   27    29    751 
  47   28    13    354 
  47   29    18    467 
  47   30    16    429 
  47   31    22    562 
  47   32    13    349 
  47   33    23    595 
  47   34    22    578 
  47   35    30    782 
  47   36    26    680 
  47   37    30    773 
  47   38    13    351 
  47   39    19    485 
  47   40    31    787 
  47   41    15    398 
  47   42    20    517 
  47   43    14    357 
  47   44     8    215 
  47   45    31    789 
  47   46    23    600 
  47   47    10    264 
  47   48    22    567 
  47   49    18    471 
  48    0    21    538 
  48    1    10    267 
  48    2    31    792 
  48    3    13    341 
  48    4    26    667 
  48    5    27    697 
  48    6    22    563 
  48    7    20    511 
  48    8    28    717 
  48    9    21    537 
  48   10     8    206 
  48   11    19    496 
  48   12    16    427 
  48   13    18    478 
  48   14    11    300 
  48   15    23    592 
  48   16     9    253 
  48   17    24    611 
  48   18    14    363 
  48   19    22    560 
  48   20    26    678 
  48   21    18    467 
  48   22    10    275 
  48   23    26    666 
  48   24    13    346 
  48   25     8    213 
  48   26    26    681 
  48   27    29    734 
  48   28    24    612 
  48   29    22    557 
  48   30    25    634 
  48   31    12    320 
  48   32    22    573 
  48   33    29    743 
  48   34     9    247 
  48   35    29    747 
  48   36    20    509 
  48   37    31    798 
  48   38    31    785 
  48   39    15    403 
  48   40    12    325 
  48   41    21    555 
  48   42    13    352 
  48   43    27    689 
  48   44    20    525 
  48   45    16    420 
  48   46    22    576 
  48   47    21    547 
  48   48    14    358 
  48   49    22    580 
  49    0    15    381 
  49    1    27    685 
  49    2    16    426 
  49    3    19    487 
  49    4    12    311 
  49    5    20    523 
  49    6    28    719 
  49    7    21    553 
  49    8    15    392 
  49    9    12    324 
  49   10     9    238 
  49   11    25    657 
  49   12    31    789 
  49   13     8    206 
  49   14    21    540 
  49   15    24    627 
  49   16    18    474 
  49   17    15    385 
  49   18    16    414 
  49   19    14    359 
  49   20    25    643 
  49   21    29    757 
  49   22    12    308 
  49   23    23    592 
  49   24    26    664 
  49   25    27    686 
  49   26    16    411 
  49   27    29    741 
  49   28    17    445 
  49   29    17    450 
  49   30    17    443 
  49   31    25    638 
  49   32    25    635 
  49   33    13    335 
  49   34    15    404 
  49   35    22    560 
  49   36    15    394 
  49   37    27    700 
  49   38    27    684 
  49   39    17    434 
  49   40    23    599 
  49   41    15    397 
  49   42    24    614 
  49   43    22    567 
  49   44    20    515 
  49   45     8    203 
  49   46    11    301 
  49   47    18    473 
  49   48     8    215 
  49   49    15    399 
