 50
 50

   12
    8
   16
   14
   15
   18
   10
    4
    5
   11
   16
   17
    3
   18
   16
   13
    9
    9
    6
   15
    3
    1
    7
    4
   18
    6
   13
    1
    2
    4
   16
   10
   20
   17
    2
    4
   11
   14
    1
   15
    9
   13
   15
    2
    7
    4
   16
    6
    9
    7

   11
    5
   14
   19
    9
    2
    4
    8
   13
    8
    2
    6
   11
    3
    3
   12
    8
    5
   12
   10
    7
    2
   19
   17
    1
   15
    1
   20
    4
    9
   20
    4
   15
    8
    1
   16
   16
    5
   11
   11
    7
   13
    5
    5
   20
   18
   18
   19
   13
    7

   0    0    14    370 
   0    1    24    618 
   0    2     9    237 
   0    3    23    579 
   0    4    30    769 
   0    5    20    499 
   0    6    27    683 
   0    7    12    314 
   0    8    17    443 
   0    9    14    352 
   0   10    11    295 
   0   11    26    654 
   0   12    10    251 
   0   13    12    322 
   0   14    30    746 
   0   15    28    699 
   0   16    14    350 
   0   17    13    330 
   0   18    31    795 
   0   19    24    609 
   0   20    16    418 
   0   21    13    325 
   0   22    23    587 
   0   23    29    741 
   0   24    23    589 
   0   25    21    534 
   0   26    28    709 
   0   27    25    632 
   0   28    16    408 
   0   29    22    569 
   0   30     9    228 
   0   31     9    246 
   0   32    12    306 
   0   33    15    394 
   0   34    14    369 
   0   35    18    454 
   0   36    27    692 
   0   37     8    215 
   0   38    10    272 
   0   39    22    563 
   0   40    13    329 
   0   41     8    201 
   0   42    14    349 
   0   43    22    563 
   0   44    19    489 
   0   45    27    694 
   0   46    12    308 
   0   47    24    609 
   0   48    15    388 
   0   49    25    645 
   1    0    29    735 
   1    1    15    378 
   1    2    25    624 
   1    3    18    454 
   1    4     8    218 
   1    5    19    489 
   1    6    16    413 
   1    7    22    565 
   1    8    23    589 
   1    9    19    489 
   1   10    30    750 
   1   11    11    286 
   1   12    14    371 
   1   13    31    792 
   1   14    22    568 
   1   15    15    395 
   1   16    13    345 
   1   17     8    220 
   1   18    18    472 
   1   19    11    281 
   1   20    10    249 
   1   21    12    320 
   1   22    19    487 
   1   23    19    490 
   1   24    18    454 
   1   25    13    331 
   1   26    10    258 
   1   27    28    703 
   1   28    27    671 
   1   29    25    631 
   1   30    23    586 
   1   31    12    311 
   1   32    19    490 
   1   33    13    327 
   1   34    31    778 
   1   35    22    550 
   1   36    23    574 
   1   37    18    453 
   1   38     8    208 
   1   39    25    630 
   1   40    14    351 
   1   41    11    283 
   1   42    14    353 
   1   43    12    318 
   1   44     8    214 
   1   45    25    637 
   1   46    29    726 
   1   47    14    371 
   1   48    25    634 
   1   49    28    709 
   2    0    27    683 
   2    1    10    270 
   2    2    31    786 
   2    3    29    725 
   2    4    11    282 
   2    5    31    791 
   2    6    22    550 
   2    7     8    200 
   2    8    27    675 
   2    9    25    622 
   2   10    29    742 
   2   11    29    731 
   2   12    31    790 
   2   13    19    481 
   2   14    19    481 
   2   15    19    488 
   2   16    10    251 
   2   17    19    474 
   2   18    25    643 
   2   19    30    750 
   2   20    12    316 
   2   21    24    601 
   2   22    26    648 
   2   23     9    243 
   2   24     8    200 
   2   25    18    470 
   2   26    28    697 
   2   27    14    371 
   2   28    22    562 
   2   29    21    524 
   2   30    27    694 
   2   31    10    263 
   2   32    26    668 
   2   33    26    648 
   2   34    11    293 
   2   35    22    559 
   2   36    18    459 
   2   37    29    732 
   2   38    32    798 
   2   39    13    326 
   2   40    31    788 
   2   41    16    414 
   2   42    30    748 
   2   43    25    635 
   2   44    26    663 
   2   45    27    693 
   2   46    30    749 
   2   47    31    779 
   2   48     8    214 
   2   49    25    642 
   3    0    15    396 
   3    1    25    626 
   3    2    15    373 
   3    3     9    228 
   3    4    23    574 
   3    5    18    452 
   3    6    28    698 
   3    7     9    238 
   3    8    16    419 
   3    9    14    371 
   3   10    23    586 
   3   11    23    592 
   3   12    10    259 
   3   13    28    718 
   3   14    29    736 
   3   15    25    630 
   3   16    11    296 
   3   17    29    734 
   3   18    27    693 
   3   19    17    444 
   3   20    17    431 
   3   21    17    438 
   3   22     9    247 
   3   23    24    597 
   3   24    15    379 
   3   25    17    427 
   3   26    15    387 
   3   27    10    255 
   3   28    16    405 
   3   29    17    432 
   3   30    15    377 
   3   31    10    272 
   3   32     8    202 
   3   33    23    572 
   3   34    29    744 
   3   35    10    257 
   3   36    14    362 
   3   37    24    597 
   3   38    18    451 
   3   39    10    271 
   3   40    31    788 
   3   41    28    714 
   3   42    23    574 
   3   43    15    394 
   3   44    30    769 
   3   45    19    475 
   3   46    11    282 
   3   47    23    586 
   3   48    23    586 
   3   49    17    434 
   4    0    22    550 
   4    1    16    399 
   4    2    15    392 
   4    3    19    493 
   4    4     8    215 
   4    5    18    465 
   4    6    13    328 
   4    7     9    232 
   4    8    21    535 
   4    9    29    726 
   4   10    21    530 
   4   11    15    393 
   4   12    16    417 
   4   13    26    653 
   4   14    20    498 
   4   15    22    552 
   4   16    18    459 
   4   17    14    367 
   4   18    31    777 
   4   19    10    251 
   4   20    30    751 
   4   21    24    598 
   4   22    10    268 
   4   23    26    661 
   4   24    18    460 
   4   25    20    512 
   4   26    12    309 
   4   27    11    284 
   4   28     8    211 
   4   29    12    320 
   4   30    18    467 
   4   31    14    372 
   4   32    14    355 
   4   33    13    346 
   4   34    14    353 
   4   35    23    596 
   4   36    26    651 
   4   37    19    492 
   4   38    30    751 
   4   39    32    797 
   4   40    27    686 
   4   41    19    484 
   4   42    15    390 
   4   43    10    270 
   4   44    14    353 
   4   45    12    306 
   4   46    24    606 
   4   47    10    258 
   4   48     8    222 
   4   49    25    634 
   5    0    16    399 
   5    1    29    731 
   5    2    10    251 
   5    3    26    651 
   5    4    16    420 
   5    5    16    405 
   5    6    25    643 
   5    7    29    724 
   5    8    20    501 
   5    9    30    751 
   5   10     9    227 
   5   11    16    417 
   5   12    19    482 
   5   13    28    708 
   5   14    10    272 
   5   15    29    742 
   5   16     9    234 
   5   17     8    216 
   5   18    13    337 
   5   19     8    218 
   5   20    28    720 
   5   21    22    559 
   5   22    23    573 
   5   23    29    733 
   5   24    27    671 
   5   25    18    469 
   5   26     8    201 
   5   27    19    478 
   5   28     9    227 
   5   29    12    312 
   5   30    23    574 
   5   31    15    383 
   5   32    31    774 
   5   33    19    496 
   5   34    10    265 
   5   35    27    677 
   5   36    19    489 
   5   37    18    470 
   5   38    31    792 
   5   39    13    341 
   5   40    19    494 
   5   41    12    310 
   5   42    26    658 
   5   43    13    326 
   5   44    16    403 
   5   45    31    781 
   5   46    13    336 
   5   47    26    666 
   5   48    31    777 
   5   49    30    748 
   6    0    30    770 
   6    1    14    362 
   6    2    10    256 
   6    3    15    380 
   6    4    27    688 
   6    5    15    381 
   6    6    31    791 
   6    7    17    426 
   6    8    24    602 
   6    9    10    250 
   6   10    27    692 
   6   11     8    208 
   6   12    30    752 
   6   13    10    249 
   6   14    26    663 
   6   15    13    324 
   6   16    13    331 
   6   17    25    641 
   6   18    28    699 
   6   19    10    250 
   6   20    28    703 
   6   21    23    588 
   6   22    10    262 
   6   23    10    256 
   6   24    25    631 
   6   25    12    304 
   6   26    26    667 
   6   27     9    238 
   6   28    29    733 
   6   29    31    794 
   6   30    11    278 
   6   31    22    550 
   6   32    17    443 
   6   33    28    708 
   6   34    15    386 
   6   35    11    275 
   6   36    17    445 
   6   37    22    563 
   6   38    28    703 
   6   39    14    348 
   6   40    14    368 
   6   41    19    484 
   6   42    26    654 
   6   43    16    398 
   6   44    27    694 
   6   45    15    374 
   6   46    11    277 
   6   47    23    590 
   6   48    13    326 
   6   49    30    746 
   7    0    19    476 
   7    1    15    382 
   7    2    14    354 
   7    3    28    707 
   7    4    26    652 
   7    5    24    600 
   7    6    31    783 
   7    7    24    616 
   7    8    24    598 
   7    9    11    283 
   7   10    12    318 
   7   11    30    762 
   7   12     9    233 
   7   13     8    214 
   7   14     9    247 
   7   15    15    393 
   7   16    28    712 
   7   17    11    276 
   7   18    15    385 
   7   19    30    749 
   7   20    24    605 
   7   21    13    333 
   7   22    30    763 
   7   23     8    220 
   7   24    27    684 
   7   25    17    436 
   7   26    10    259 
   7   27    31    778 
   7   28    13    332 
   7   29    27    672 
   7   30    28    696 
   7   31    24    601 
   7   32    20    512 
   7   33    14    348 
   7   34    31    792 
   7   35    15    392 
   7   36    11    298 
   7   37    26    663 
   7   38    11    290 
   7   39    22    565 
   7   40    19    496 
   7   41    14    362 
   7   42     8    217 
   7   43    24    603 
   7   44    12    319 
   7   45    11    277 
   7   46     8    213 
   7   47    27    673 
   7   48    25    637 
   7   49    20    516 
   8    0    22    548 
   8    1     9    226 
   8    2    24    602 
   8    3    28    704 
   8    4    13    334 
   8    5    22    565 
   8    6    21    527 
   8    7    23    576 
   8    8    25    638 
   8    9    24    620 
   8   10    12    303 
   8   11    17    432 
   8   12    16    398 
   8   13    14    369 
   8   14    28    699 
   8   15    22    562 
   8   16    31    790 
   8   17    24    620 
   8   18     8    202 
   8   19    10    255 
   8   20    15    388 
   8   21    15    373 
   8   22    30    755 
   8   23    12    306 
   8   24    19    482 
   8   25    19    488 
   8   26    28    697 
   8   27    22    558 
   8   28    14    368 
   8   29    13    327 
   8   30     9    229 
   8   31    20    514 
   8   32    22    555 
   8   33    32    800 
   8   34    19    473 
   8   35    30    757 
   8   36    26    657 
   8   37    20    517 
   8   38    24    620 
   8   39    19    485 
   8   40    18    459 
   8   41    18    449 
   8   42    20    514 
   8   43    10    251 
   8   44    21    533 
   8   45    31    792 
   8   46    27    679 
   8   47    24    618 
   8   48     8    218 
   8   49    29    727 
   9    0    15    381 
   9    1    22    562 
   9    2     9    248 
   9    3    19    477 
   9    4    26    654 
   9    5    21    537 
   9    6    30    746 
   9    7    16    405 
   9    8    24    597 
   9    9    30    767 
   9   10    17    426 
   9   11     9    231 
   9   12    21    534 
   9   13     8    202 
   9   14     8    208 
   9   15     8    200 
   9   16    31    789 
   9   17    12    303 
   9   18    23    588 
   9   19    32    800 
   9   20    23    575 
   9   21    19    479 
   9   22    25    646 
   9   23    12    300 
   9   24    22    565 
   9   25    14    367 
   9   26    27    680 
   9   27    30    760 
   9   28    21    526 
   9   29    29    732 
   9   30    23    587 
   9   31    29    733 
   9   32    20    500 
   9   33    11    279 
   9   34    22    555 
   9   35    17    427 
   9   36    29    739 
   9   37    26    660 
   9   38    20    509 
   9   39    29    744 
   9   40    15    386 
   9   41     8    211 
   9   42    18    463 
   9   43    25    638 
   9   44    12    312 
   9   45    28    704 
   9   46    25    642 
   9   47    30    764 
   9   48    23    593 
   9   49     8    215 
  10    0    21    523 
  10    1    26    657 
  10    2    16    409 
  10    3    12    313 
  10    4    19    477 
  10    5    13    339 
  10    6    14    358 
  10    7    25    645 
  10    8    29    734 
  10    9    26    660 
  10   10    15    375 
  10   11    22    559 
  10   12    22    560 
  10   13    20    509 
  10   14    17    442 
  10   15    17    423 
  10   16    20    502 
  10   17    25    646 
  10   18    18    469 
  10   19    24    611 
  10   20    12    316 
  10   21    10    249 
  10   22    26    649 
  10   23     8    201 
  10   24    20    502 
  10   25    22    550 
  10   26    31    788 
  10   27    21    524 
  10   28    29    739 
  10   29    18    467 
  10   30    12    323 
  10   31    28    706 
  10   32    10    258 
  10   33    19    484 
  10   34     8    200 
  10   35    29    732 
  10   36    22    562 
  10   37    10    270 
  10   38    23    589 
  10   39    22    553 
  10   40    24    611 
  10   41    21    543 
  10   42    29    739 
  10   43    28    717 
  10   44    19    473 
  10   45    25    632 
  10   46    26    652 
  10   47    26    663 
  10   48    31    771 
  10   49    12    301 
  11    0    22    569 
  11    1    27    684 
  11    2    10    265 
  11    3    30    757 
  11    4    15    389 
  11    5    18    449 
  11    6    24    617 
  11    7    31    779 
  11    8    11    274 
  11    9    11    274 
  11   10    19    481 
  11   11    28    714 
  11   12    16    405 
  11   13    14    360 
  11   14    31    785 
  11   15    13    341 
  11   16    28    718 
  11   17    27    692 
  11   18     8    200 
  11   19    31    792 
  11   20    16    399 
  11   21    13    331 
  11   22    20    514 
  11   23    17    438 
  11   24    16    419 
  11   25    15    376 
  11   26     8    212 
  11   27    12    301 
  11   28    11    279 
  11   29    24    613 
  11   30    11    292 
  11   31    26    661 
  11   32    26    652 
  11   33    24    616 
  11   34    25    636 
  11   35    26    657 
  11   36    27    687 
  11   37     9    237 
  11   38    11    279 
  11   39    22    548 
  11   40    18    462 
  11   41    15    374 
  11   42    11    291 
  11   43    12    303 
  11   44    21    541 
  11   45    14    366 
  11   46    28    720 
  11   47    10    268 
  11   48    16    419 
  11   49    27    682 
  12    0    13    338 
  12    1    13    338 
  12    2    26    663 
  12    3    29    735 
  12    4    15    386 
  12    5    25    641 
  12    6    16    421 
  12    7     9    239 
  12    8    16    422 
  12    9    26    655 
  12   10    21    523 
  12   11    25    634 
  12   12    26    657 
  12   13     9    224 
  12   14    28    709 
  12   15    31    789 
  12   16    14    348 
  12   17     9    225 
  12   18    29    725 
  12   19    22    565 
  12   20    31    786 
  12   21    25    625 
  12   22    29    731 
  12   23    25    636 
  12   24    17    432 
  12   25    23    594 
  12   26    28    709 
  12   27    12    311 
  12   28    31    792 
  12   29    11    285 
  12   30    21    541 
  12   31    15    377 
  12   32    10    271 
  12   33    19    480 
  12   34    15    388 
  12   35    24    605 
  12   36    30    766 
  12   37    20    513 
  12   38    23    586 
  12   39    30    769 
  12   40    29    727 
  12   41    21    536 
  12   42    28    712 
  12   43    17    427 
  12   44    20    505 
  12   45     8    214 
  12   46    21    532 
  12   47    29    742 
  12   48    23    591 
  12   49    20    503 
  13    0    21    534 
  13    1    21    544 
  13    2    16    405 
  13    3    31    790 
  13    4    22    550 
  13    5    25    628 
  13    6    30    751 
  13    7    25    631 
  13    8    31    790 
  13    9    23    585 
  13   10     8    215 
  13   11    27    677 
  13   12    24    607 
  13   13    26    668 
  13   14    27    681 
  13   15    18    470 
  13   16    25    629 
  13   17    20    498 
  13   18    15    388 
  13   19    23    595 
  13   20    24    613 
  13   21    26    667 
  13   22    23    592 
  13   23    29    727 
  13   24    16    422 
  13   25    18    469 
  13   26    11    275 
  13   27    11    292 
  13   28    23    578 
  13   29    25    629 
  13   30    23    596 
  13   31    19    493 
  13   32    27    679 
  13   33    26    661 
  13   34    29    743 
  13   35    20    516 
  13   36    27    681 
  13   37    12    304 
  13   38    25    645 
  13   39    31    790 
  13   40    13    342 
  13   41    22    547 
  13   42    13    341 
  13   43    19    479 
  13   44     9    232 
  13   45    28    715 
  13   46    11    286 
  13   47    12    322 
  13   48    21    545 
  13   49     9    230 
  14    0    28    704 
  14    1    19    491 
  14    2     8    207 
  14    3    30    769 
  14    4     9    238 
  14    5    11    289 
  14    6    13    338 
  14    7     9    233 
  14    8    16    407 
  14    9    28    698 
  14   10    20    507 
  14   11    15    392 
  14   12    16    400 
  14   13    11    280 
  14   14    29    744 
  14   15    16    402 
  14   16    16    403 
  14   17    30    769 
  14   18    29    745 
  14   19    20    520 
  14   20    22    557 
  14   21    27    674 
  14   22    12    316 
  14   23    27    675 
  14   24    29    721 
  14   25    21    533 
  14   26    24    608 
  14   27    24    610 
  14   28    27    680 
  14   29    18    448 
  14   30    31    771 
  14   31    19    474 
  14   32    31    786 
  14   33    28    701 
  14   34    28    711 
  14   35    31    780 
  14   36    25    641 
  14   37    11    275 
  14   38    31    789 
  14   39    11    284 
  14   40    17    447 
  14   41    29    735 
  14   42    25    641 
  14   43    23    587 
  14   44    29    745 
  14   45    13    343 
  14   46    22    558 
  14   47    13    343 
  14   48    16    416 
  14   49    14    352 
  15    0    18    454 
  15    1    27    691 
  15    2    21    537 
  15    3    13    331 
  15    4    28    706 
  15    5    30    760 
  15    6    12    299 
  15    7    30    750 
  15    8    12    300 
  15    9     8    202 
  15   10    11    289 
  15   11    20    507 
  15   12    13    333 
  15   13    21    531 
  15   14    23    592 
  15   15    19    473 
  15   16    22    547 
  15   17    29    736 
  15   18    23    585 
  15   19    11    279 
  15   20    10    262 
  15   21     8    213 
  15   22    22    570 
  15   23    12    315 
  15   24     8    218 
  15   25    25    643 
  15   26    30    750 
  15   27    28    696 
  15   28    32    799 
  15   29    27    684 
  15   30    24    608 
  15   31    30    764 
  15   32    21    526 
  15   33    12    300 
  15   34    29    736 
  15   35    31    781 
  15   36    22    555 
  15   37    18    451 
  15   38    30    764 
  15   39    15    387 
  15   40    27    681 
  15   41    10    272 
  15   42    29    729 
  15   43     9    239 
  15   44    13    332 
  15   45    21    534 
  15   46    29    732 
  15   47    21    525 
  15   48    23    582 
  15   49    29    744 
  16    0    29    727 
  16    1    15    397 
  16    2    30    757 
  16    3    27    671 
  16    4    13    347 
  16    5    19    475 
  16    6    25    630 
  16    7    12    316 
  16    8    12    320 
  16    9     9    232 
  16   10    22    563 
  16   11    11    286 
  16   12    20    519 
  16   13    30    764 
  16   14    21    538 
  16   15    13    336 
  16   16    11    284 
  16   17     8    203 
  16   18    14    353 
  16   19     9    226 
  16   20    31    773 
  16   21    19    486 
  16   22    20    497 
  16   23    30    757 
  16   24    18    451 
  16   25    18    464 
  16   26    23    575 
  16   27     9    243 
  16   28    10    273 
  16   29    14    350 
  16   30    25    622 
  16   31    24    614 
  16   32    19    474 
  16   33    31    782 
  16   34    24    599 
  16   35    29    734 
  16   36    22    548 
  16   37    29    744 
  16   38    26    666 
  16   39    13    325 
  16   40    14    372 
  16   41    29    726 
  16   42    27    680 
  16   43    13    328 
  16   44    11    284 
  16   45    23    581 
  16   46    18    472 
  16   47    27    687 
  16   48    11    298 
  16   49    19    490 
  17    0    18    467 
  17    1    29    740 
  17    2    20    521 
  17    3    10    263 
  17    4    27    672 
  17    5    30    751 
  17    6     8    205 
  17    7    10    252 
  17    8    32    799 
  17    9    29    737 
  17   10    29    738 
  17   11    26    652 
  17   12    20    510 
  17   13    10    255 
  17   14     8    220 
  17   15    21    546 
  17   16    18    451 
  17   17    10    256 
  17   18    30    768 
  17   19    13    341 
  17   20    27    695 
  17   21    20    515 
  17   22     9    232 
  17   23    17    430 
  17   24    16    399 
  17   25    28    698 
  17   26    26    667 
  17   27    29    735 
  17   28    15    373 
  17   29    13    340 
  17   30     8    219 
  17   31    14    351 
  17   32    26    654 
  17   33    30    756 
  17   34     8    201 
  17   35    16    403 
  17   36    29    733 
  17   37    11    277 
  17   38     9    240 
  17   39    14    354 
  17   40    16    418 
  17   41    15    375 
  17   42    24    613 
  17   43     9    225 
  17   44     8    207 
  17   45    31    792 
  17   46    22    571 
  17   47    28    715 
  17   48    26    650 
  17   49    19    491 
  18    0    25    627 
  18    1     8    215 
  18    2    23    576 
  18    3     8    202 
  18    4     9    241 
  18    5    18    449 
  18    6    30    756 
  18    7    10    260 
  18    8    13    339 
  18    9    31    785 
  18   10    15    377 
  18   11    17    444 
  18   12    10    271 
  18   13    16    409 
  18   14    24    601 
  18   15    17    440 
  18   16    25    634 
  18   17    27    684 
  18   18    22    554 
  18   19    12    320 
  18   20    16    416 
  18   21    17    426 
  18   22    21    525 
  18   23    14    354 
  18   24     9    241 
  18   25    13    332 
  18   26    26    650 
  18   27    15    392 
  18   28    30    768 
  18   29    13    333 
  18   30     8    208 
  18   31     8    204 
  18   32    12    314 
  18   33    28    719 
  18   34    10    255 
  18   35    22    549 
  18   36    25    635 
  18   37    31    794 
  18   38    10    266 
  18   39    19    479 
  18   40    26    660 
  18   41    24    609 
  18   42    29    735 
  18   43    29    730 
  18   44     8    205 
  18   45     9    246 
  18   46    31    791 
  18   47    16    422 
  18   48    20    521 
  18   49     8    203 
  19    0    17    444 
  19    1    28    707 
  19    2    28    717 
  19    3     9    235 
  19    4    27    686 
  19    5    11    294 
  19    6    21    539 
  19    7    13    329 
  19    8    30    750 
  19    9    23    585 
  19   10    20    497 
  19   11    14    355 
  19   12    21    529 
  19   13    29    737 
  19   14    14    359 
  19   15    15    381 
  19   16    13    347 
  19   17    24    619 
  19   18    11    289 
  19   19    28    699 
  19   20    27    693 
  19   21    12    307 
  19   22    12    323 
  19   23    11    296 
  19   24    21    534 
  19   25    24    605 
  19   26    23    582 
  19   27    16    416 
  19   28    18    463 
  19   29    15    382 
  19   30    27    678 
  19   31    20    500 
  19   32    18    459 
  19   33    28    705 
  19   34    17    424 
  19   35    22    571 
  19   36    14    371 
  19   37    24    617 
  19   38    14    355 
  19   39    31    779 
  19   40    15    397 
  19   41    21    538 
  19   42     9    226 
  19   43    27    672 
  19   44    31    779 
  19   45    13    344 
  19   46    15    377 
  19   47    15    373 
  19   48    15    376 
  19   49    19    488 
  20    0    25    636 
  20    1    28    707 
  20    2    18    471 
  20    3    29    724 
  20    4    17    426 
  20    5    22    570 
  20    6    18    465 
  20    7     8    202 
  20    8    23    574 
  20    9    28    720 
  20   10    24    620 
  20   11    17    435 
  20   12    18    456 
  20   13    12    317 
  20   14    18    456 
  20   15    20    517 
  20   16    30    748 
  20   17    22    556 
  20   18    21    527 
  20   19    28    720 
  20   20    25    629 
  20   21    28    710 
  20   22    32    798 
  20   23    15    381 
  20   24    11    291 
  20   25    28    708 
  20   26    29    740 
  20   27    19    482 
  20   28    25    632 
  20   29    14    359 
  20   30    21    535 
  20   31    21    536 
  20   32    23    575 
  20   33    24    611 
  20   34    24    602 
  20   35    30    768 
  20   36    23    572 
  20   37    11    278 
  20   38    16    422 
  20   39    21    532 
  20   40    17    425 
  20   41    19    493 
  20   42    26    655 
  20   43    14    350 
  20   44    27    695 
  20   45    20    521 
  20   46    27    673 
  20   47    17    440 
  20   48    14    363 
  20   49    13    338 
  21    0     8    205 
  21    1    20    512 
  21    2    20    519 
  21    3    13    330 
  21    4    20    506 
  21    5    23    572 
  21    6    10    267 
  21    7    11    285 
  21    8    27    672 
  21    9    26    667 
  21   10    18    448 
  21   11    23    579 
  21   12    31    790 
  21   13    12    299 
  21   14    27    675 
  21   15    12    311 
  21   16    23    587 
  21   17    12    305 
  21   18    14    365 
  21   19    14    362 
  21   20    26    649 
  21   21    12    300 
  21   22    10    273 
  21   23    15    382 
  21   24     8    209 
  21   25    14    357 
  21   26    29    743 
  21   27    16    416 
  21   28    20    521 
  21   29    18    451 
  21   30    20    505 
  21   31    31    773 
  21   32    19    477 
  21   33    15    391 
  21   34    28    699 
  21   35    28    712 
  21   36    11    282 
  21   37    16    411 
  21   38    31    775 
  21   39    11    274 
  21   40    19    483 
  21   41    14    353 
  21   42    27    686 
  21   43    25    626 
  21   44    12    310 
  21   45    10    272 
  21   46    18    458 
  21   47    29    733 
  21   48    29    722 
  21   49    23    580 
  22    0    12    320 
  22    1     9    226 
  22    2    12    306 
  22    3    13    345 
  22    4    27    671 
  22    5     9    229 
  22    6    27    684 
  22    7    24    601 
  22    8    22    547 
  22    9    32    800 
  22   10    28    701 
  22   11    26    649 
  22   12    31    785 
  22   13    29    738 
  22   14    11    286 
  22   15    14    355 
  22   16    25    641 
  22   17    32    796 
  22   18    26    661 
  22   19    30    761 
  22   20     9    237 
  22   21    17    428 
  22   22    13    326 
  22   23    27    687 
  22   24    28    719 
  22   25    15    387 
  22   26    17    445 
  22   27    27    680 
  22   28    31    776 
  22   29    20    507 
  22   30    26    659 
  22   31    26    659 
  22   32    27    693 
  22   33    18    457 
  22   34    29    731 
  22   35    12    321 
  22   36    22    550 
  22   37    25    639 
  22   38    14    358 
  22   39    20    510 
  22   40    28    707 
  22   41    13    332 
  22   42    20    519 
  22   43     8    209 
  22   44    13    344 
  22   45    17    446 
  22   46    24    598 
  22   47    12    316 
  22   48    29    727 
  22   49    28    698 
  23    0    31    780 
  23    1    30    750 
  23    2     8    211 
  23    3    13    347 
  23    4    11    288 
  23    5    23    585 
  23    6    20    517 
  23    7    12    300 
  23    8    20    516 
  23    9    24    618 
  23   10    11    285 
  23   11    20    515 
  23   12    22    562 
  23   13    14    357 
  23   14    20    505 
  23   15    16    417 
  23   16    12    322 
  23   17    11    295 
  23   18    19    488 
  23   19    21    522 
  23   20    20    498 
  23   21    12    317 
  23   22    11    278 
  23   23    13    343 
  23   24    21    543 
  23   25    19    494 
  23   26    12    307 
  23   27     8    221 
  23   28    19    483 
  23   29    14    360 
  23   30    30    763 
  23   31    20    516 
  23   32    29    728 
  23   33    28    699 
  23   34    24    606 
  23   35    14    370 
  23   36    27    676 
  23   37    27    680 
  23   38    27    679 
  23   39    20    497 
  23   40    22    564 
  23   41    27    684 
  23   42    31    777 
  23   43    20    521 
  23   44    22    549 
  23   45    25    632 
  23   46    12    321 
  23   47    25    624 
  23   48    11    282 
  23   49    24    608 
  24    0    14    353 
  24    1    28    702 
  24    2    31    792 
  24    3    29    742 
  24    4    30    770 
  24    5    13    338 
  24    6    21    545 
  24    7    31    794 
  24    8    17    438 
  24    9     8    207 
  24   10    19    485 
  24   11    31    774 
  24   12     9    241 
  24   13    24    612 
  24   14    15    394 
  24   15    17    426 
  24   16    24    598 
  24   17    25    630 
  24   18    21    529 
  24   19    12    318 
  24   20    11    282 
  24   21    18    460 
  24   22    26    663 
  24   23    15    376 
  24   24    12    302 
  24   25    30    764 
  24   26    14    362 
  24   27    21    527 
  24   28    15    389 
  24   29    14    372 
  24   30    15    392 
  24   31     8    214 
  24   32    29    745 
  24   33    13    334 
  24   34    10    258 
  24   35    13    330 
  24   36    15    374 
  24   37    28    718 
  24   38    13    331 
  24   39    31    784 
  24   40    15    395 
  24   41    27    686 
  24   42    30    769 
  24   43     9    243 
  24   44    19    480 
  24   45    16    414 
  24   46    27    677 
  24   47    14    367 
  24   48    17    432 
  24   49    19    480 
  25    0    14    360 
  25    1    31    792 
  25    2     9    234 
  25    3    10    250 
  25    4    29    721 
  25    5    16    407 
  25    6    27    674 
  25    7    14    365 
  25    8    23    588 
  25    9    31    772 
  25   10    26    668 
  25   11    16    422 
  25   12     9    234 
  25   13    18    457 
  25   14    13    328 
  25   15    19    487 
  25   16     8    223 
  25   17    19    488 
  25   18    24    597 
  25   19    11    292 
  25   20    30    767 
  25   21    29    730 
  25   22    10    254 
  25   23     9    245 
  25   24    20    516 
  25   25    13    344 
  25   26    16    420 
  25   27     8    215 
  25   28    29    730 
  25   29    17    428 
  25   30    32    797 
  25   31    24    613 
  25   32    22    562 
  25   33    13    335 
  25   34    10    265 
  25   35    20    510 
  25   36    27    679 
  25   37    13    336 
  25   38    11    281 
  25   39    26    669 
  25   40     9    232 
  25   41     8    211 
  25   42    10    254 
  25   43    13    340 
  25   44    14    366 
  25   45    26    666 
  25   46    13    325 
  25   47    22    562 
  25   48    32    800 
  25   49    29    738 
  26    0    10    253 
  26    1    24    619 
  26    2    25    638 
  26    3    27    682 
  26    4    22    556 
  26    5    11    297 
  26    6    15    384 
  26    7    19    479 
  26    8    18    460 
  26    9    12    316 
  26   10    27    689 
  26   11    21    532 
  26   12    30    760 
  26   13    26    654 
  26   14    11    287 
  26   15    15    382 
  26   16    14    363 
  26   17    13    344 
  26   18    25    624 
  26   19    15    390 
  26   20    13    333 
  26   21    30    755 
  26   22    14    350 
  26   23     9    239 
  26   24    13    330 
  26   25    20    507 
  26   26    20    498 
  26   27    20    498 
  26   28    25    624 
  26   29    15    382 
  26   30    19    492 
  26   31    32    800 
  26   32    10    271 
  26   33    18    466 
  26   34    26    650 
  26   35    16    420 
  26   36    10    251 
  26   37    11    276 
  26   38    12    309 
  26   39     8    221 
  26   40    19    479 
  26   41    13    340 
  26   42    19    490 
  26   43    15    386 
  26   44    28    718 
  26   45    24    599 
  26   46    29    735 
  26   47    28    716 
  26   48    23    594 
  26   49    13    326 
  27    0    14    363 
  27    1     8    216 
  27    2    17    442 
  27    3    29    724 
  27    4    29    727 
  27    5    29    727 
  27    6    23    591 
  27    7    29    731 
  27    8    30    768 
  27    9    22    569 
  27   10    15    382 
  27   11    19    482 
  27   12    30    767 
  27   13    11    281 
  27   14    16    402 
  27   15    28    697 
  27   16    15    395 
  27   17    15    396 
  27   18    19    478 
  27   19    14    351 
  27   20    20    502 
  27   21    21    523 
  27   22    12    300 
  27   23     9    233 
  27   24    17    447 
  27   25    24    603 
  27   26    14    362 
  27   27    12    318 
  27   28    12    322 
  27   29    19    484 
  27   30    27    684 
  27   31    28    720 
  27   32    29    736 
  27   33    29    731 
  27   34    26    665 
  27   35    31    788 
  27   36    30    768 
  27   37    30    754 
  27   38    30    753 
  27   39    18    464 
  27   40    19    491 
  27   41    13    340 
  27   42    27    687 
  27   43    13    329 
  27   44    23    596 
  27   45    31    795 
  27   46    14    371 
  27   47    15    378 
  27   48    16    418 
  27   49    19    478 
  28    0    31    785 
  28    1    19    488 
  28    2     8    217 
  28    3    18    472 
  28    4    15    396 
  28    5    18    462 
  28    6    26    651 
  28    7    15    375 
  28    8    17    425 
  28    9    15    393 
  28   10    28    717 
  28   11    30    757 
  28   12    27    694 
  28   13     9    228 
  28   14    22    557 
  28   15    19    493 
  28   16    23    585 
  28   17    16    406 
  28   18    17    440 
  28   19    22    569 
  28   20    20    506 
  28   21    24    621 
  28   22     9    245 
  28   23     8    201 
  28   24    16    401 
  28   25    28    702 
  28   26    28    712 
  28   27    22    548 
  28   28    22    552 
  28   29    23    589 
  28   30    31    777 
  28   31    11    292 
  28   32    22    557 
  28   33    20    500 
  28   34    15    391 
  28   35     9    248 
  28   36    13    325 
  28   37    12    303 
  28   38    15    393 
  28   39    28    717 
  28   40    23    596 
  28   41    24    599 
  28   42    31    774 
  28   43    18    456 
  28   44    26    659 
  28   45    11    275 
  28   46    31    791 
  28   47    31    795 
  28   48    23    595 
  28   49    12    320 
  29    0     8    215 
  29    1    23    593 
  29    2    20    505 
  29    3    24    609 
  29    4    28    699 
  29    5    24    614 
  29    6    26    664 
  29    7    16    401 
  29    8    10    263 
  29    9    25    639 
  29   10    27    692 
  29   11    24    615 
  29   12    15    395 
  29   13    16    420 
  29   14    21    539 
  29   15    24    598 
  29   16    18    460 
  29   17    19    488 
  29   18    23    587 
  29   19    20    498 
  29   20    21    544 
  29   21    25    625 
  29   22    17    428 
  29   23    22    559 
  29   24    10    254 
  29   25    32    796 
  29   26    15    378 
  29   27    27    694 
  29   28    29    745 
  29   29    24    597 
  29   30    13    328 
  29   31     9    235 
  29   32    21    526 
  29   33     8    219 
  29   34    18    464 
  29   35    16    416 
  29   36    21    523 
  29   37    22    569 
  29   38    26    650 
  29   39    19    475 
  29   40    30    765 
  29   41    11    278 
  29   42    11    274 
  29   43    12    320 
  29   44    28    714 
  29   45    11    290 
  29   46    18    455 
  29   47    22    554 
  29   48    25    624 
  29   49    23    572 
  30    0    30    761 
  30    1    10    251 
  30    2     9    236 
  30    3    24    598 
  30    4     9    233 
  30    5    12    321 
  30    6    23    594 
  30    7    30    759 
  30    8    20    508 
  30    9    17    438 
  30   10    26    650 
  30   11    14    365 
  30   12    30    746 
  30   13    21    537 
  30   14    20    511 
  30   15    22    560 
  30   16    17    432 
  30   17    10    268 
  30   18    22    564 
  30   19    24    616 
  30   20    11    289 
  30   21    10    254 
  30   22    24    605 
  30   23    26    652 
  30   24    11    298 
  30   25    29    721 
  30   26     8    205 
  30   27    10    258 
  30   28    18    471 
  30   29    31    795 
  30   30    31    788 
  30   31    14    365 
  30   32    29    742 
  30   33     9    236 
  30   34     9    232 
  30   35    24    609 
  30   36    19    477 
  30   37    25    641 
  30   38    20    505 
  30   39    17    444 
  30   40    22    559 
  30   41    21    527 
  30   42    22    568 
  30   43    15    376 
  30   44    13    331 
  30   45    10    261 
  30   46    31    782 
  30   47     9    236 
  30   48    18    459 
  30   49    27    683 
  31    0    21    534 
  31    1    17    434 
  31    2    24    610 
  31    3    16    407 
  31    4    23    590 
  31    5    18    458 
  31    6    21    529 
  31    7    16    411 
  31    8    31    779 
  31    9    17    441 
  31   10    12    307 
  31   11    18    450 
  31   12    17    443 
  31   13    20    508 
  31   14    17    446 
  31   15    20    503 
  31   16    29    731 
  31   17    15    384 
  31   18    11    291 
  31   19    11    296 
  31   20    16    404 
  31   21    30    752 
  31   22    24    609 
  31   23    16    419 
  31   24    25    622 
  31   25    24    610 
  31   26    15    383 
  31   27    15    380 
  31   28    13    342 
  31   29    17    446 
  31   30    24    619 
  31   31    25    643 
  31   32    23    574 
  31   33    15    374 
  31   34    13    338 
  31   35    10    249 
  31   36    31    775 
  31   37    27    684 
  31   38    19    473 
  31   39    14    367 
  31   40     8    200 
  31   41    15    396 
  31   42    30    752 
  31   43    20    508 
  31   44     9    247 
  31   45    14    354 
  31   46    15    390 
  31   47    32    796 
  31   48     9    247 
  31   49    23    585 
  32    0    19    479 
  32    1    24    601 
  32    2    25    643 
  32    3    14    355 
  32    4    30    764 
  32    5    19    491 
  32    6    17    426 
  32    7    19    490 
  32    8    22    554 
  32    9    17    432 
  32   10    22    559 
  32   11    31    787 
  32   12    15    383 
  32   13    25    627 
  32   14    21    546 
  32   15     9    230 
  32   16    21    524 
  32   17    15    378 
  32   18    24    606 
  32   19    17    429 
  32   20    10    261 
  32   21    25    629 
  32   22     8    217 
  32   23    14    352 
  32   24    26    662 
  32   25    12    313 
  32   26    17    447 
  32   27    14    371 
  32   28    19    490 
  32   29    31    783 
  32   30    14    360 
  32   31    16    399 
  32   32    19    484 
  32   33    23    578 
  32   34    25    643 
  32   35    22    554 
  32   36    10    266 
  32   37    19    473 
  32   38    11    282 
  32   39    16    398 
  32   40    27    678 
  32   41    28    720 
  32   42    13    327 
  32   43    18    455 
  32   44    28    708 
  32   45    30    747 
  32   46    29    744 
  32   47    16    415 
  32   48     9    230 
  32   49    13    328 
  33    0    13    344 
  33    1    18    455 
  33    2    23    596 
  33    3    23    587 
  33    4    11    290 
  33    5     9    244 
  33    6    21    537 
  33    7     8    212 
  33    8    14    364 
  33    9    23    576 
  33   10    27    684 
  33   11    29    738 
  33   12    26    651 
  33   13    24    601 
  33   14     8    215 
  33   15    22    558 
  33   16    12    309 
  33   17    29    737 
  33   18    28    705 
  33   19    13    333 
  33   20    22    559 
  33   21    31    788 
  33   22    29    743 
  33   23    19    482 
  33   24    22    568 
  33   25    26    654 
  33   26    20    516 
  33   27    21    526 
  33   28    14    350 
  33   29     8    208 
  33   30    20    502 
  33   31    27    682 
  33   32    31    789 
  33   33    23    577 
  33   34    28    717 
  33   35    22    554 
  33   36     8    203 
  33   37    15    389 
  33   38    29    741 
  33   39    27    683 
  33   40    18    452 
  33   41    25    638 
  33   42    13    334 
  33   43    12    315 
  33   44    30    765 
  33   45    31    781 
  33   46    25    627 
  33   47    17    436 
  33   48    16    419 
  33   49    18    465 
  34    0    29    744 
  34    1    14    358 
  34    2    21    539 
  34    3    24    612 
  34    4    11    293 
  34    5    21    526 
  34    6    14    355 
  34    7    26    666 
  34    8    31    786 
  34    9    24    609 
  34   10    15    386 
  34   11    18    451 
  34   12    17    426 
  34   13    23    591 
  34   14    23    581 
  34   15    17    444 
  34   16    31    775 
  34   17    30    766 
  34   18    20    513 
  34   19     9    234 
  34   20    12    310 
  34   21    21    539 
  34   22    18    471 
  34   23    16    398 
  34   24    10    264 
  34   25    12    320 
  34   26    31    776 
  34   27    24    600 
  34   28    30    765 
  34   29    20    502 
  34   30    19    480 
  34   31    29    730 
  34   32     8    221 
  34   33    20    501 
  34   34    30    768 
  34   35    28    700 
  34   36    21    542 
  34   37    13    333 
  34   38    30    762 
  34   39    11    292 
  34   40    30    749 
  34   41    19    474 
  34   42     8    213 
  34   43     8    200 
  34   44    18    471 
  34   45    22    569 
  34   46    14    357 
  34   47     9    244 
  34   48    11    293 
  34   49    10    265 
  35    0    10    267 
  35    1    18    472 
  35    2     8    207 
  35    3    19    479 
  35    4    18    455 
  35    5    30    762 
  35    6    31    775 
  35    7    25    625 
  35    8    30    768 
  35    9    26    651 
  35   10    16    406 
  35   11     9    239 
  35   12    32    797 
  35   13    11    291 
  35   14    19    487 
  35   15    14    354 
  35   16    14    367 
  35   17    28    720 
  35   18    18    455 
  35   19    15    383 
  35   20    29    730 
  35   21    28    708 
  35   22    19    494 
  35   23    16    413 
  35   24    28    718 
  35   25    28    697 
  35   26    26    660 
  35   27    14    353 
  35   28    18    455 
  35   29    26    657 
  35   30    13    334 
  35   31    29    734 
  35   32    31    778 
  35   33    25    638 
  35   34    16    402 
  35   35    30    763 
  35   36    13    345 
  35   37    32    800 
  35   38    12    309 
  35   39    31    792 
  35   40    27    682 
  35   41    14    369 
  35   42    28    707 
  35   43    21    524 
  35   44    31    772 
  35   45     9    229 
  35   46     8    200 
  35   47    28    716 
  35   48    15    377 
  35   49    28    702 
  36    0    25    641 
  36    1    26    662 
  36    2    25    623 
  36    3    11    286 
  36    4    19    475 
  36    5    30    750 
  36    6     9    242 
  36    7    30    770 
  36    8    10    256 
  36    9    27    675 
  36   10    19    489 
  36   11    29    730 
  36   12    20    497 
  36   13    10    258 
  36   14    15    384 
  36   15    13    338 
  36   16    27    681 
  36   17     9    243 
  36   18    12    300 
  36   19    24    617 
  36   20    14    364 
  36   21    26    651 
  36   22     8    209 
  36   23    30    749 
  36   24    10    265 
  36   25    19    484 
  36   26    24    599 
  36   27    24    620 
  36   28    29    734 
  36   29     9    247 
  36   30    15    386 
  36   31    16    402 
  36   32    27    689 
  36   33    28    720 
  36   34    18    452 
  36   35    25    632 
  36   36     8    205 
  36   37     8    217 
  36   38    29    739 
  36   39    23    577 
  36   40    31    793 
  36   41    12    315 
  36   42    25    635 
  36   43    13    343 
  36   44    13    325 
  36   45    19    479 
  36   46    22    550 
  36   47    28    711 
  36   48    29    724 
  36   49    12    313 
  37    0    18    467 
  37    1    10    260 
  37    2    25    636 
  37    3    11    296 
  37    4    24    617 
  37    5    29    740 
  37    6    22    549 
  37    7    13    326 
  37    8    28    696 
  37    9    20    516 
  37   10    19    483 
  37   11    22    566 
  37   12    15    387 
  37   13     9    225 
  37   14    13    342 
  37   15    31    789 
  37   16    16    419 
  37   17     8    204 
  37   18    30    761 
  37   19    22    559 
  37   20    28    702 
  37   21     9    236 
  37   22    15    384 
  37   23    10    251 
  37   24    27    689 
  37   25    18    462 
  37   26    24    614 
  37   27    12    299 
  37   28    27    684 
  37   29    21    537 
  37   30    25    626 
  37   31    27    671 
  37   32    23    586 
  37   33     9    234 
  37   34     8    214 
  37   35    27    690 
  37   36    23    574 
  37   37    32    797 
  37   38    31    779 
  37   39    25    625 
  37   40    22    551 
  37   41    14    369 
  37   42    21    529 
  37   43    10    265 
  37   44    30    749 
  37   45    13    330 
  37   46    16    415 
  37   47    25    635 
  37   48    17    427 
  37   49    15    383 
  38    0    19    476 
  38    1    31    780 
  38    2    31    778 
  38    3    23    591 
  38    4    22    558 
  38    5    15    394 
  38    6    16    405 
  38    7    29    738 
  38    8    27    671 
  38    9    28    718 
  38   10    25    626 
  38   11    17    440 
  38   12    27    690 
  38   13    10    265 
  38   14    13    328 
  38   15    27    675 
  38   16    24    619 
  38   17    15    397 
  38   18    25    642 
  38   19    10    272 
  38   20    25    643 
  38   21    12    314 
  38   22    18    471 
  38   23    10    259 
  38   24    31    779 
  38   25    13    345 
  38   26    17    440 
  38   27    12    320 
  38   28    26    648 
  38   29    30    762 
  38   30    10    259 
  38   31    12    316 
  38   32    17    425 
  38   33    18    466 
  38   34     8    212 
  38   35    14    362 
  38   36    26    652 
  38   37    31    793 
  38   38    25    646 
  38   39    29    739 
  38   40    27    688 
  38   41    11    282 
  38   42    10    253 
  38   43     8    203 
  38   44    18    462 
  38   45    21    527 
  38   46    21    527 
  38   47    16    400 
  38   48    26    650 
  38   49    12    309 
  39    0    21    529 
  39    1    13    334 
  39    2    23    587 
  39    3    21    530 
  39    4    15    386 
  39    5    17    439 
  39    6     8    222 
  39    7     8    217 
  39    8    23    585 
  39    9    18    470 
  39   10    14    362 
  39   11    23    583 
  39   12    21    544 
  39   13    24    611 
  39   14    19    479 
  39   15    14    356 
  39   16    29    721 
  39   17    19    481 
  39   18    29    730 
  39   19    16    402 
  39   20    28    719 
  39   21    19    491 
  39   22    11    281 
  39   23     9    236 
  39   24    30    759 
  39   25    21    541 
  39   26     8    213 
  39   27    26    650 
  39   28    17    435 
  39   29    20    521 
  39   30    27    677 
  39   31    16    411 
  39   32    26    663 
  39   33    28    710 
  39   34    24    610 
  39   35    30    765 
  39   36    31    784 
  39   37    29    738 
  39   38    12    303 
  39   39    21    528 
  39   40    24    620 
  39   41    17    444 
  39   42    10    261 
  39   43     8    216 
  39   44    26    670 
  39   45    31    790 
  39   46     8    219 
  39   47    11    279 
  39   48    21    527 
  39   49    26    669 
  40    0    16    413 
  40    1    15    376 
  40    2    30    753 
  40    3    23    590 
  40    4    23    580 
  40    5    23    573 
  40    6    28    711 
  40    7    30    748 
  40    8    29    740 
  40    9     8    222 
  40   10    17    437 
  40   11    21    545 
  40   12    16    409 
  40   13    15    378 
  40   14    14    357 
  40   15    11    283 
  40   16    10    265 
  40   17    11    282 
  40   18    10    258 
  40   19    12    322 
  40   20    14    348 
  40   21    26    647 
  40   22    14    360 
  40   23    24    605 
  40   24    10    265 
  40   25    21    522 
  40   26    21    533 
  40   27    13    347 
  40   28    18    456 
  40   29    13    331 
  40   30    24    611 
  40   31    29    745 
  40   32    16    415 
  40   33    21    543 
  40   34    22    548 
  40   35     9    236 
  40   36    25    623 
  40   37    15    379 
  40   38    10    256 
  40   39    17    426 
  40   40    21    536 
  40   41    18    455 
  40   42    10    251 
  40   43    31    781 
  40   44    20    499 
  40   45    17    440 
  40   46    19    480 
  40   47    25    642 
  40   48    19    489 
  40   49    23    595 
  41    0    26    651 
  41    1    13    335 
  41    2    11    281 
  41    3    22    549 
  41    4    11    281 
  41    5    17    445 
  41    6    31    786 
  41    7    16    403 
  41    8    22    561 
  41    9    16    409 
  41   10    19    479 
  41   11    11    274 
  41   12    22    552 
  41   13    20    518 
  41   14    26    666 
  41   15     8    211 
  41   16    16    413 
  41   17    16    400 
  41   18    26    647 
  41   19    31    781 
  41   20    21    544 
  41   21    17    447 
  41   22    27    679 
  41   23    11    294 
  41   24    29    731 
  41   25    10    253 
  41   26    28    706 
  41   27    31    777 
  41   28     8    212 
  41   29    31    783 
  41   30    10    257 
  41   31    14    351 
  41   32    30    762 
  41   33    12    319 
  41   34    26    654 
  41   35    18    450 
  41   36    15    380 
  41   37    28    702 
  41   38    22    564 
  41   39    13    334 
  41   40    10    255 
  41   41    22    556 
  41   42    19    493 
  41   43    18    449 
  41   44    12    307 
  41   45     8    209 
  41   46    15    389 
  41   47    12    314 
  41   48    11    274 
  41   49    17    424 
  42    0    24    602 
  42    1    20    507 
  42    2    15    385 
  42    3     8    211 
  42    4    25    629 
  42    5    12    310 
  42    6    11    285 
  42    7     9    246 
  42    8    31    790 
  42    9    27    689 
  42   10    24    601 
  42   11    23    583 
  42   12     8    214 
  42   13    15    394 
  42   14    18    471 
  42   15    24    618 
  42   16     9    240 
  42   17    10    256 
  42   18    17    424 
  42   19    14    355 
  42   20    12    323 
  42   21    25    640 
  42   22    32    799 
  42   23     9    228 
  42   24    17    439 
  42   25    22    547 
  42   26    22    552 
  42   27    13    344 
  42   28    18    451 
  42   29    17    434 
  42   30    24    619 
  42   31    29    739 
  42   32    30    749 
  42   33    14    355 
  42   34    19    483 
  42   35    15    394 
  42   36    10    257 
  42   37    10    267 
  42   38    20    520 
  42   39    30    758 
  42   40     9    247 
  42   41    24    602 
  42   42    27    693 
  42   43    25    642 
  42   44     9    247 
  42   45    20    504 
  42   46    22    561 
  42   47    10    262 
  42   48    19    474 
  42   49    18    455 
  43    0    21    535 
  43    1    21    544 
  43    2    26    655 
  43    3    23    578 
  43    4    25    643 
  43    5    10    268 
  43    6     9    232 
  43    7    23    581 
  43    8    19    481 
  43    9    11    288 
  43   10    15    385 
  43   11    10    261 
  43   12    26    667 
  43   13    18    462 
  43   14    31    773 
  43   15    19    476 
  43   16    17    428 
  43   17    32    798 
  43   18     9    247 
  43   19    15    379 
  43   20    24    599 
  43   21    20    499 
  43   22    14    350 
  43   23    25    633 
  43   24    20    513 
  43   25    25    636 
  43   26    17    424 
  43   27    22    569 
  43   28    19    490 
  43   29    11    282 
  43   30    18    466 
  43   31    24    598 
  43   32    26    662 
  43   33    26    651 
  43   34    19    476 
  43   35    16    405 
  43   36    23    579 
  43   37     9    231 
  43   38    29    723 
  43   39    19    487 
  43   40    25    636 
  43   41    15    395 
  43   42    30    766 
  43   43    31    795 
  43   44    18    459 
  43   45    30    765 
  43   46    13    329 
  43   47    28    708 
  43   48    31    789 
  43   49    26    669 
  44    0    19    495 
  44    1    14    366 
  44    2     8    220 
  44    3    17    443 
  44    4    23    590 
  44    5    23    593 
  44    6    30    751 
  44    7    12    311 
  44    8    14    367 
  44    9    13    325 
  44   10    22    565 
  44   11    28    711 
  44   12    31    785 
  44   13    19    474 
  44   14     8    217 
  44   15    28    700 
  44   16    27    689 
  44   17    20    509 
  44   18    15    384 
  44   19    17    447 
  44   20    26    647 
  44   21    31    783 
  44   22    28    704 
  44   23    29    722 
  44   24    10    263 
  44   25    18    456 
  44   26    22    568 
  44   27    21    539 
  44   28    13    329 
  44   29    22    560 
  44   30    18    449 
  44   31     8    212 
  44   32    19    477 
  44   33    27    690 
  44   34     8    214 
  44   35    12    303 
  44   36    19    486 
  44   37     8    216 
  44   38    29    723 
  44   39    27    689 
  44   40    29    741 
  44   41    20    506 
  44   42    18    453 
  44   43    10    267 
  44   44    20    512 
  44   45    20    507 
  44   46    20    506 
  44   47    18    449 
  44   48    22    548 
  44   49    20    505 
  45    0    17    428 
  45    1    10    272 
  45    2    23    593 
  45    3    19    476 
  45    4    18    466 
  45    5    31    793 
  45    6    14    363 
  45    7    20    517 
  45    8    13    326 
  45    9    16    419 
  45   10    30    764 
  45   11    27    690 
  45   12    16    418 
  45   13    11    277 
  45   14    17    428 
  45   15    28    715 
  45   16    30    746 
  45   17    10    254 
  45   18    17    442 
  45   19    30    760 
  45   20    15    383 
  45   21    28    716 
  45   22    23    589 
  45   23    18    467 
  45   24    25    640 
  45   25    11    297 
  45   26    23    579 
  45   27    17    447 
  45   28     8    205 
  45   29    14    351 
  45   30    15    377 
  45   31    28    712 
  45   32    28    697 
  45   33    29    725 
  45   34    19    493 
  45   35    13    327 
  45   36    28    706 
  45   37    19    494 
  45   38    25    645 
  45   39     9    242 
  45   40    19    488 
  45   41    14    350 
  45   42    29    738 
  45   43    11    275 
  45   44    25    646 
  45   45     9    242 
  45   46    17    447 
  45   47    21    545 
  45   48    28    709 
  45   49    26    669 
  46    0    11    286 
  46    1    16    401 
  46    2    16    403 
  46    3    10    271 
  46    4    12    313 
  46    5    24    613 
  46    6    12    317 
  46    7    19    496 
  46    8    27    690 
  46    9    13    332 
  46   10    19    485 
  46   11    21    539 
  46   12    13    341 
  46   13    28    703 
  46   14    19    483 
  46   15    13    335 
  46   16    14    358 
  46   17    31    790 
  46   18    30    753 
  46   19    13    325 
  46   20    21    529 
  46   21     9    234 
  46   22     9    224 
  46   23    28    715 
  46   24    23    581 
  46   25     8    221 
  46   26     9    233 
  46   27    18    471 
  46   28    31    791 
  46   29    14    364 
  46   30    16    422 
  46   31    14    349 
  46   32    29    731 
  46   33    25    642 
  46   34    25    631 
  46   35    31    794 
  46   36    18    470 
  46   37     9    228 
  46   38    31    780 
  46   39    19    496 
  46   40    21    545 
  46   41    18    472 
  46   42    20    518 
  46   43    14    353 
  46   44    19    473 
  46   45    17    442 
  46   46    22    555 
  46   47    22    551 
  46   48    18    456 
  46   49    18    470 
  47    0    14    371 
  47    1    22    547 
  47    2    20    504 
  47    3    11    291 
  47    4    18    468 
  47    5    26    659 
  47    6    12    306 
  47    7    21    524 
  47    8    19    484 
  47    9    17    430 
  47   10    26    669 
  47   11    22    547 
  47   12    30    763 
  47   13    14    359 
  47   14    18    455 
  47   15    20    505 
  47   16    16    402 
  47   17    19    474 
  47   18    22    566 
  47   19    22    564 
  47   20    31    771 
  47   21    28    708 
  47   22    20    500 
  47   23     9    235 
  47   24    28    712 
  47   25    13    325 
  47   26    27    673 
  47   27    12    318 
  47   28    27    671 
  47   29    23    589 
  47   30    19    482 
  47   31    14    350 
  47   32    22    560 
  47   33    23    574 
  47   34    24    616 
  47   35    27    687 
  47   36    10    258 
  47   37    27    680 
  47   38    22    555 
  47   39     9    243 
  47   40    27    678 
  47   41    22    571 
  47   42    14    360 
  47   43    13    324 
  47   44    29    739 
  47   45    19    473 
  47   46    19    480 
  47   47    10    249 
  47   48    24    605 
  47   49    22    552 
  48    0    10    268 
  48    1    22    550 
  48    2    21    536 
  48    3    10    252 
  48    4    12    304 
  48    5    31    777 
  48    6    16    418 
  48    7     8    200 
  48    8    27    684 
  48    9    22    570 
  48   10    23    577 
  48   11    30    758 
  48   12    30    753 
  48   13    32    797 
  48   14    13    345 
  48   15    31    780 
  48   16    18    461 
  48   17    10    261 
  48   18    28    707 
  48   19    23    586 
  48   20    31    789 
  48   21     8    221 
  48   22    18    471 
  48   23    30    763 
  48   24    10    271 
  48   25    11    286 
  48   26    18    466 
  48   27    15    382 
  48   28    27    681 
  48   29    25    631 
  48   30    30    754 
  48   31    20    509 
  48   32    13    336 
  48   33    19    479 
  48   34     9    228 
  48   35    20    512 
  48   36    11    281 
  48   37     8    223 
  48   38     9    225 
  48   39    24    598 
  48   40    28    717 
  48   41    25    630 
  48   42     8    213 
  48   43    28    703 
  48   44    15    385 
  48   45    12    322 
  48   46    23    594 
  48   47    25    640 
  48   48    16    421 
  48   49    28    708 
  49    0    16    404 
  49    1    28    701 
  49    2    17    443 
  49    3    27    677 
  49    4     8    211 
  49    5    25    629 
  49    6    29    730 
  49    7    21    534 
  49    8    24    621 
  49    9    21    525 
  49   10    13    328 
  49   11    12    323 
  49   12    29    744 
  49   13    30    759 
  49   14    29    743 
  49   15    17    440 
  49   16     9    245 
  49   17    16    412 
  49   18     8    205 
  49   19    23    572 
  49   20    21    526 
  49   21    30    749 
  49   22    10    250 
  49   23    14    352 
  49   24    14    365 
  49   25    21    534 
  49   26    11    293 
  49   27    16    422 
  49   28    32    800 
  49   29    13    331 
  49   30    16    403 
  49   31    20    511 
  49   32    13    329 
  49   33    24    607 
  49   34    31    779 
  49   35    10    268 
  49   36    26    648 
  49   37    18    467 
  49   38    26    652 
  49   39    15    391 
  49   40    13    325 
  49   41    27    679 
  49   42    19    495 
  49   43    26    669 
  49   44     8    217 
  49   45    23    582 
  49   46    17    444 
  49   47    13    345 
  49   48    11    291 
  49   49    22    563 
