 50
 50

    1
   20
   12
    1
   12
    9
   14
   13
    9
   13
   19
    3
   11
    4
    6
   20
   16
   16
    3
   16
   10
    2
   19
    7
   20
   17
    1
    9
    8
    8
    8
    8
   11
   17
   13
   12
    7
   16
    1
    4
   17
    8
   11
    3
    2
   10
    7
   19
   14
    4

    1
   20
    2
    5
   12
   14
   14
   12
   15
   17
   10
   19
    5
   14
   14
    3
   11
    5
    7
    6
    3
    6
   20
    4
   20
   16
   10
   10
    6
    8
    7
   12
    5
   17
   12
   15
    9
   11
    9
   16
    7
    5
    5
    3
   14
   15
    8
   10
    5
   17

   0    0    21    581 
   0    1    27    731 
   0    2    11    306 
   0    3    17    459 
   0    4    17    471 
   0    5    15    422 
   0    6    27    736 
   0    7    16    452 
   0    8    15    414 
   0    9     9    244 
   0   10    23    628 
   0   11    19    530 
   0   12    19    510 
   0   13    12    322 
   0   14    12    337 
   0   15    20    544 
   0   16    19    515 
   0   17    28    777 
   0   18    26    702 
   0   19    14    377 
   0   20    22    606 
   0   21    27    736 
   0   22    12    346 
   0   23    13    359 
   0   24    16    442 
   0   25     7    200 
   0   26    19    521 
   0   27    13    360 
   0   28    12    327 
   0   29    13    374 
   0   30    11    300 
   0   31     9    266 
   0   32    26    711 
   0   33    20    561 
   0   34    19    512 
   0   35    21    567 
   0   36    14    378 
   0   37    12    336 
   0   38    27    741 
   0   39    21    577 
   0   40    24    662 
   0   41    17    457 
   0   42    24    667 
   0   43     7    200 
   0   44     8    234 
   0   45    22    594 
   0   46    11    310 
   0   47     9    258 
   0   48    24    670 
   0   49    13    355 
   1    0    27    731 
   1    1    19    518 
   1    2    28    766 
   1    3    23    620 
   1    4    21    580 
   1    5    20    538 
   1    6    12    342 
   1    7    19    518 
   1    8    24    653 
   1    9    14    387 
   1   10    28    759 
   1   11    29    791 
   1   12    18    500 
   1   13    16    445 
   1   14    19    536 
   1   15    23    637 
   1   16    18    504 
   1   17    18    503 
   1   18    15    415 
   1   19    27    739 
   1   20    25    686 
   1   21    28    765 
   1   22    16    438 
   1   23    19    521 
   1   24    13    358 
   1   25    29    800 
   1   26    18    504 
   1   27    17    473 
   1   28    26    706 
   1   29    11    308 
   1   30    19    517 
   1   31    29    779 
   1   32    15    413 
   1   33    20    559 
   1   34    26    723 
   1   35    10    287 
   1   36    25    692 
   1   37    28    753 
   1   38    12    345 
   1   39     7    212 
   1   40     9    259 
   1   41    26    721 
   1   42    27    746 
   1   43    18    486 
   1   44    20    540 
   1   45    12    322 
   1   46    12    333 
   1   47    17    476 
   1   48     8    230 
   1   49    26    713 
   2    0    18    505 
   2    1    20    544 
   2    2    13    366 
   2    3    20    550 
   2    4    22    611 
   2    5    11    299 
   2    6    20    538 
   2    7     9    247 
   2    8    12    334 
   2    9    21    576 
   2   10    12    345 
   2   11    21    589 
   2   12    16    430 
   2   13    18    500 
   2   14    10    284 
   2   15     8    216 
   2   16    18    507 
   2   17    11    318 
   2   18    17    471 
   2   19    28    757 
   2   20    23    629 
   2   21    11    302 
   2   22    20    550 
   2   23    29    797 
   2   24    19    510 
   2   25    26    719 
   2   26    12    333 
   2   27    18    488 
   2   28     8    230 
   2   29    17    468 
   2   30    17    471 
   2   31    17    468 
   2   32    29    785 
   2   33     8    220 
   2   34    17    482 
   2   35    19    532 
   2   36    25    696 
   2   37    29    793 
   2   38    14    388 
   2   39    16    433 
   2   40    19    521 
   2   41    26    720 
   2   42    21    573 
   2   43    10    292 
   2   44     9    263 
   2   45    22    591 
   2   46    16    451 
   2   47    25    694 
   2   48    26    699 
   2   49    19    520 
   3    0    24    668 
   3    1    18    485 
   3    2    23    620 
   3    3    21    567 
   3    4    19    535 
   3    5    15    412 
   3    6    19    534 
   3    7    26    700 
   3    8    17    464 
   3    9    19    510 
   3   10    27    725 
   3   11    22    593 
   3   12    25    689 
   3   13    20    555 
   3   14    29    792 
   3   15    13    351 
   3   16    12    341 
   3   17     8    240 
   3   18    22    603 
   3   19    18    504 
   3   20     7    208 
   3   21     8    215 
   3   22    12    326 
   3   23    16    445 
   3   24    11    296 
   3   25    20    541 
   3   26    21    582 
   3   27    21    570 
   3   28    23    621 
   3   29    20    556 
   3   30    25    686 
   3   31    26    711 
   3   32    21    586 
   3   33    23    627 
   3   34    15    425 
   3   35    14    376 
   3   36    11    312 
   3   37    19    515 
   3   38    13    371 
   3   39    24    669 
   3   40    13    357 
   3   41    14    400 
   3   42    13    360 
   3   43    18    508 
   3   44     8    237 
   3   45    20    553 
   3   46    24    649 
   3   47    24    667 
   3   48    27    733 
   3   49    22    613 
   4    0    13    352 
   4    1    11    299 
   4    2     7    209 
   4    3    10    277 
   4    4    29    791 
   4    5    12    324 
   4    6    12    348 
   4    7     8    234 
   4    8    23    625 
   4    9    19    517 
   4   10    26    705 
   4   11    15    426 
   4   12    15    407 
   4   13    20    563 
   4   14    28    775 
   4   15     7    200 
   4   16    22    606 
   4   17     9    261 
   4   18    17    467 
   4   19    11    300 
   4   20    16    436 
   4   21    22    613 
   4   22    13    372 
   4   23    11    297 
   4   24    19    534 
   4   25    13    374 
   4   26    18    496 
   4   27    25    671 
   4   28    15    425 
   4   29    15    418 
   4   30    16    452 
   4   31    22    601 
   4   32    27    729 
   4   33    24    662 
   4   34    18    490 
   4   35    26    703 
   4   36    19    532 
   4   37    15    416 
   4   38    23    638 
   4   39    18    491 
   4   40    10    288 
   4   41    14    389 
   4   42    19    525 
   4   43    24    668 
   4   44    14    380 
   4   45    26    704 
   4   46    22    601 
   4   47    19    520 
   4   48    23    627 
   4   49    25    687 
   5    0    22    612 
   5    1    28    762 
   5    2    19    524 
   5    3    12    326 
   5    4    23    623 
   5    5     9    261 
   5    6    22    606 
   5    7    11    314 
   5    8    11    304 
   5    9    19    511 
   5   10    28    775 
   5   11    16    431 
   5   12    15    403 
   5   13    20    538 
   5   14    18    507 
   5   15    20    549 
   5   16    26    723 
   5   17    25    683 
   5   18    19    523 
   5   19    19    533 
   5   20    21    572 
   5   21    20    547 
   5   22    20    543 
   5   23    16    445 
   5   24    25    679 
   5   25    16    441 
   5   26    18    503 
   5   27    12    330 
   5   28    27    727 
   5   29    12    337 
   5   30    25    691 
   5   31    20    537 
   5   32     8    219 
   5   33     7    205 
   5   34    26    724 
   5   35    21    578 
   5   36    14    380 
   5   37    17    456 
   5   38    14    390 
   5   39    23    642 
   5   40    19    530 
   5   41    22    590 
   5   42    19    525 
   5   43    14    392 
   5   44    24    644 
   5   45    12    338 
   5   46    25    691 
   5   47    22    598 
   5   48     7    208 
   5   49    23    637 
   6    0     8    226 
   6    1    10    288 
   6    2    18    489 
   6    3    24    655 
   6    4    24    670 
   6    5    18    509 
   6    6    16    450 
   6    7    15    418 
   6    8    11    310 
   6    9     9    248 
   6   10    23    634 
   6   11    14    388 
   6   12    29    798 
   6   13    16    455 
   6   14    18    504 
   6   15     8    222 
   6   16    16    448 
   6   17    15    424 
   6   18    16    449 
   6   19    24    650 
   6   20    16    435 
   6   21    17    458 
   6   22    26    701 
   6   23    20    537 
   6   24     9    258 
   6   25    14    395 
   6   26    25    676 
   6   27    23    619 
   6   28    11    300 
   6   29     7    206 
   6   30     9    246 
   6   31    24    668 
   6   32     9    259 
   6   33    21    585 
   6   34    16    455 
   6   35    13    364 
   6   36    23    631 
   6   37    14    393 
   6   38     9    264 
   6   39    14    381 
   6   40    20    545 
   6   41    16    437 
   6   42    16    447 
   6   43    12    338 
   6   44    18    505 
   6   45    26    706 
   6   46    26    713 
   6   47    24    655 
   6   48    11    315 
   6   49    18    502 
   7    0    29    789 
   7    1    15    428 
   7    2    29    798 
   7    3    20    545 
   7    4    21    572 
   7    5    21    577 
   7    6    21    564 
   7    7    11    307 
   7    8    13    361 
   7    9    15    404 
   7   10    10    294 
   7   11    18    504 
   7   12    29    799 
   7   13    11    302 
   7   14    12    330 
   7   15    11    302 
   7   16    12    323 
   7   17     8    236 
   7   18    21    577 
   7   19    15    414 
   7   20    25    694 
   7   21    26    714 
   7   22    27    727 
   7   23    13    366 
   7   24    24    650 
   7   25    12    344 
   7   26    24    659 
   7   27    21    570 
   7   28    24    662 
   7   29    15    428 
   7   30    12    324 
   7   31    12    335 
   7   32    18    489 
   7   33    17    471 
   7   34    27    728 
   7   35    29    782 
   7   36    26    700 
   7   37    14    386 
   7   38    28    755 
   7   39    26    715 
   7   40    19    517 
   7   41    13    360 
   7   42     8    227 
   7   43    17    467 
   7   44    21    567 
   7   45    11    295 
   7   46    26    699 
   7   47     7    210 
   7   48     9    250 
   7   49    15    414 
   8    0    26    716 
   8    1     9    250 
   8    2    16    451 
   8    3    23    620 
   8    4    11    302 
   8    5    18    483 
   8    6    21    566 
   8    7    14    381 
   8    8    16    434 
   8    9    29    780 
   8   10    11    311 
   8   11    10    269 
   8   12    15    424 
   8   13    27    740 
   8   14     8    225 
   8   15    15    413 
   8   16    20    557 
   8   17    23    617 
   8   18    11    300 
   8   19    17    474 
   8   20    17    462 
   8   21    26    724 
   8   22    29    778 
   8   23    15    421 
   8   24    26    703 
   8   25    18    493 
   8   26     7    201 
   8   27    17    482 
   8   28    15    404 
   8   29     9    256 
   8   30    17    461 
   8   31    23    624 
   8   32    19    529 
   8   33    13    370 
   8   34    19    510 
   8   35    18    505 
   8   36     8    237 
   8   37    15    409 
   8   38    17    480 
   8   39    11    315 
   8   40    12    348 
   8   41     8    224 
   8   42    27    739 
   8   43    13    353 
   8   44     8    231 
   8   45    29    792 
   8   46    14    376 
   8   47    22    616 
   8   48    14    380 
   8   49    13    371 
   9    0    12    331 
   9    1    20    541 
   9    2    28    759 
   9    3    29    786 
   9    4    19    535 
   9    5    25    675 
   9    6    12    344 
   9    7    11    310 
   9    8    10    290 
   9    9    26    699 
   9   10     9    267 
   9   11    28    762 
   9   12    23    628 
   9   13    26    719 
   9   14    18    496 
   9   15    23    634 
   9   16     9    244 
   9   17    29    799 
   9   18     9    248 
   9   19    18    484 
   9   20    14    380 
   9   21    17    457 
   9   22    26    709 
   9   23    14    385 
   9   24     8    221 
   9   25    19    515 
   9   26     9    254 
   9   27    10    285 
   9   28    29    791 
   9   29    27    738 
   9   30    17    457 
   9   31    11    297 
   9   32    26    724 
   9   33     9    258 
   9   34    22    607 
   9   35    18    501 
   9   36    27    739 
   9   37    16    452 
   9   38     9    260 
   9   39    18    495 
   9   40    26    713 
   9   41     8    232 
   9   42    18    483 
   9   43    25    679 
   9   44    18    490 
   9   45    15    420 
   9   46    11    316 
   9   47    28    775 
   9   48    28    770 
   9   49    27    727 
  10    0    11    318 
  10    1    29    798 
  10    2    24    664 
  10    3    25    697 
  10    4    29    788 
  10    5    23    620 
  10    6    19    522 
  10    7    23    641 
  10    8    24    666 
  10    9    21    565 
  10   10    16    448 
  10   11    10    277 
  10   12    20    558 
  10   13     9    268 
  10   14    25    697 
  10   15    29    782 
  10   16    16    437 
  10   17    28    762 
  10   18    21    582 
  10   19    17    465 
  10   20     8    233 
  10   21    12    330 
  10   22    11    317 
  10   23    27    742 
  10   24    21    577 
  10   25    18    484 
  10   26    14    381 
  10   27     8    230 
  10   28    14    400 
  10   29    19    518 
  10   30    23    635 
  10   31    26    717 
  10   32    26    724 
  10   33    23    641 
  10   34     8    231 
  10   35    28    769 
  10   36     8    226 
  10   37    28    764 
  10   38    22    607 
  10   39    21    588 
  10   40    26    705 
  10   41    25    692 
  10   42    29    800 
  10   43    14    402 
  10   44     9    243 
  10   45    26    718 
  10   46    10    294 
  10   47    23    633 
  10   48    23    631 
  10   49    17    460 
  11    0    18    503 
  11    1    25    694 
  11    2    27    730 
  11    3    21    571 
  11    4    21    585 
  11    5    11    309 
  11    6    15    416 
  11    7    28    769 
  11    8    15    416 
  11    9    28    755 
  11   10    26    720 
  11   11    14    379 
  11   12    16    441 
  11   13    12    330 
  11   14    29    779 
  11   15    10    282 
  11   16    27    745 
  11   17    20    558 
  11   18    12    342 
  11   19    13    350 
  11   20     8    240 
  11   21    20    551 
  11   22    17    477 
  11   23    26    702 
  11   24    23    626 
  11   25    23    634 
  11   26    27    730 
  11   27    17    472 
  11   28    23    624 
  11   29    14    392 
  11   30    24    661 
  11   31    13    354 
  11   32    24    668 
  11   33    24    646 
  11   34     9    262 
  11   35    25    679 
  11   36    28    767 
  11   37    12    329 
  11   38    13    368 
  11   39    15    414 
  11   40    17    468 
  11   41    16    433 
  11   42    27    728 
  11   43     8    234 
  11   44    12    340 
  11   45    11    303 
  11   46    14    402 
  11   47    25    682 
  11   48    11    305 
  11   49    15    421 
  12    0    15    419 
  12    1    22    597 
  12    2    21    588 
  12    3    16    438 
  12    4    25    694 
  12    5    14    381 
  12    6    20    553 
  12    7    24    649 
  12    8    13    362 
  12    9    16    430 
  12   10    11    306 
  12   11    13    375 
  12   12    21    580 
  12   13    13    375 
  12   14    26    716 
  12   15    22    610 
  12   16    15    429 
  12   17    25    677 
  12   18    11    315 
  12   19    26    709 
  12   20     8    234 
  12   21    17    479 
  12   22    15    426 
  12   23     7    203 
  12   24    12    327 
  12   25    18    494 
  12   26    26    708 
  12   27    18    509 
  12   28    14    381 
  12   29    18    486 
  12   30    13    374 
  12   31    21    582 
  12   32     8    219 
  12   33    22    591 
  12   34    11    304 
  12   35    16    441 
  12   36    29    790 
  12   37     9    261 
  12   38    25    675 
  12   39    22    591 
  12   40    10    288 
  12   41    19    511 
  12   42    10    274 
  12   43    12    324 
  12   44    26    709 
  12   45    21    575 
  12   46    12    330 
  12   47    16    432 
  12   48    22    616 
  12   49    29    779 
  13    0    26    711 
  13    1    28    752 
  13    2    12    339 
  13    3    22    599 
  13    4     9    253 
  13    5    22    591 
  13    6    27    732 
  13    7    10    272 
  13    8    22    610 
  13    9     9    245 
  13   10     9    253 
  13   11    18    493 
  13   12    24    656 
  13   13    18    505 
  13   14    17    472 
  13   15    19    528 
  13   16    12    329 
  13   17    28    777 
  13   18    19    521 
  13   19    11    307 
  13   20    29    792 
  13   21    28    761 
  13   22    10    272 
  13   23    21    568 
  13   24    16    438 
  13   25    19    528 
  13   26    14    401 
  13   27    29    780 
  13   28    16    436 
  13   29    26    710 
  13   30    20    549 
  13   31    21    586 
  13   32     9    268 
  13   33    25    674 
  13   34    26    703 
  13   35    18    497 
  13   36    20    554 
  13   37    29    785 
  13   38     9    261 
  13   39    16    445 
  13   40     8    223 
  13   41    20    554 
  13   42    27    735 
  13   43    16    444 
  13   44    21    585 
  13   45    15    409 
  13   46    10    270 
  13   47    10    275 
  13   48    23    631 
  13   49    28    773 
  14    0    16    455 
  14    1    10    289 
  14    2     7    201 
  14    3    15    412 
  14    4     8    216 
  14    5    14    385 
  14    6    23    619 
  14    7    17    463 
  14    8     9    250 
  14    9    20    563 
  14   10     7    205 
  14   11    26    711 
  14   12    16    433 
  14   13    29    780 
  14   14    10    269 
  14   15    14    401 
  14   16    26    719 
  14   17    10    275 
  14   18    27    750 
  14   19    15    415 
  14   20    13    372 
  14   21    12    335 
  14   22    29    790 
  14   23    17    470 
  14   24    16    434 
  14   25    26    718 
  14   26     9    267 
  14   27    15    411 
  14   28    11    301 
  14   29    29    781 
  14   30    28    751 
  14   31    24    668 
  14   32    22    591 
  14   33    13    351 
  14   34    11    303 
  14   35    29    782 
  14   36    27    733 
  14   37    21    568 
  14   38    18    499 
  14   39    17    468 
  14   40    17    482 
  14   41     8    219 
  14   42    12    337 
  14   43    17    457 
  14   44    10    293 
  14   45    19    515 
  14   46    24    656 
  14   47    18    488 
  14   48    24    652 
  14   49    28    751 
  15    0    24    647 
  15    1    18    497 
  15    2     9    257 
  15    3    24    656 
  15    4    28    774 
  15    5    28    774 
  15    6    11    314 
  15    7    10    293 
  15    8    27    740 
  15    9    28    752 
  15   10    18    503 
  15   11    20    551 
  15   12    16    431 
  15   13    14    388 
  15   14    10    280 
  15   15    16    444 
  15   16    17    457 
  15   17    19    519 
  15   18    17    481 
  15   19    18    508 
  15   20    22    615 
  15   21    10    275 
  15   22    25    680 
  15   23    27    732 
  15   24    26    719 
  15   25    27    725 
  15   26     8    238 
  15   27    25    679 
  15   28    12    343 
  15   29    10    282 
  15   30    26    717 
  15   31    14    376 
  15   32    14    383 
  15   33    24    658 
  15   34    15    418 
  15   35    22    598 
  15   36    12    329 
  15   37    29    780 
  15   38    14    402 
  15   39    23    643 
  15   40    25    682 
  15   41    12    342 
  15   42    11    321 
  15   43    16    455 
  15   44    18    502 
  15   45    18    508 
  15   46    11    315 
  15   47    10    292 
  15   48    15    404 
  15   49    22    596 
  16    0    10    289 
  16    1    25    678 
  16    2    27    739 
  16    3    21    585 
  16    4    26    715 
  16    5    27    743 
  16    6    24    650 
  16    7    24    647 
  16    8     8    224 
  16    9    21    579 
  16   10    11    303 
  16   11    23    620 
  16   12    19    534 
  16   13    16    436 
  16   14    16    451 
  16   15    27    734 
  16   16     9    263 
  16   17    17    480 
  16   18    27    725 
  16   19    26    717 
  16   20    15    416 
  16   21    11    297 
  16   22    24    645 
  16   23    12    335 
  16   24    29    797 
  16   25    24    666 
  16   26     8    220 
  16   27    13    375 
  16   28    22    606 
  16   29    10    285 
  16   30    17    477 
  16   31    10    286 
  16   32     9    263 
  16   33    22    594 
  16   34    10    294 
  16   35    10    269 
  16   36    28    753 
  16   37    18    503 
  16   38    14    392 
  16   39    27    735 
  16   40    12    345 
  16   41    24    655 
  16   42    16    451 
  16   43    10    273 
  16   44    10    275 
  16   45    17    478 
  16   46    17    476 
  16   47    26    716 
  16   48     9    252 
  16   49     8    218 
  17    0    13    374 
  17    1     7    213 
  17    2    12    342 
  17    3    22    596 
  17    4    22    598 
  17    5    10    290 
  17    6    16    447 
  17    7    25    691 
  17    8     8    218 
  17    9     9    248 
  17   10    15    413 
  17   11    12    327 
  17   12    29    792 
  17   13    20    559 
  17   14    11    302 
  17   15    23    622 
  17   16    13    367 
  17   17    22    597 
  17   18    22    599 
  17   19    12    323 
  17   20     9    248 
  17   21    17    457 
  17   22     7    201 
  17   23    14    393 
  17   24    23    619 
  17   25    16    441 
  17   26    14    379 
  17   27    26    711 
  17   28    27    727 
  17   29    15    408 
  17   30    23    641 
  17   31    22    600 
  17   32    12    347 
  17   33    15    406 
  17   34    26    718 
  17   35    20    538 
  17   36    21    578 
  17   37    29    785 
  17   38     9    244 
  17   39    21    569 
  17   40    15    412 
  17   41    16    437 
  17   42    17    466 
  17   43    25    673 
  17   44    11    310 
  17   45    26    710 
  17   46    16    443 
  17   47    28    772 
  17   48    28    757 
  17   49    28    774 
  18    0    13    350 
  18    1    11    319 
  18    2    10    279 
  18    3    22    610 
  18    4    25    678 
  18    5    26    701 
  18    6    20    552 
  18    7    29    778 
  18    8    14    377 
  18    9    21    574 
  18   10    24    657 
  18   11    15    427 
  18   12    23    619 
  18   13     8    232 
  18   14    13    373 
  18   15    12    345 
  18   16    10    284 
  18   17    28    753 
  18   18    13    355 
  18   19    17    459 
  18   20    17    465 
  18   21    11    300 
  18   22    12    348 
  18   23    11    311 
  18   24    20    557 
  18   25    18    494 
  18   26    15    410 
  18   27     9    243 
  18   28    19    517 
  18   29    24    647 
  18   30    20    549 
  18   31    10    292 
  18   32    13    368 
  18   33    14    381 
  18   34    10    276 
  18   35    25    683 
  18   36    28    761 
  18   37    12    331 
  18   38    28    771 
  18   39    14    391 
  18   40    24    666 
  18   41    17    458 
  18   42    11    307 
  18   43    23    626 
  18   44    25    685 
  18   45    25    682 
  18   46    15    409 
  18   47    22    592 
  18   48    15    424 
  18   49    26    706 
  19    0    24    658 
  19    1    19    513 
  19    2    19    525 
  19    3    14    391 
  19    4    23    634 
  19    5    28    776 
  19    6    18    486 
  19    7    20    537 
  19    8    28    767 
  19    9    10    278 
  19   10     7    203 
  19   11    27    725 
  19   12    19    519 
  19   13    29    784 
  19   14    13    368 
  19   15    28    777 
  19   16    25    675 
  19   17    22    610 
  19   18    14    377 
  19   19    13    370 
  19   20    29    793 
  19   21    29    789 
  19   22    25    679 
  19   23     8    241 
  19   24    27    735 
  19   25    27    729 
  19   26    21    588 
  19   27    14    397 
  19   28    20    559 
  19   29     8    218 
  19   30    27    726 
  19   31     9    266 
  19   32    16    454 
  19   33     8    239 
  19   34    22    605 
  19   35    14    395 
  19   36    11    300 
  19   37    24    649 
  19   38    22    604 
  19   39    27    729 
  19   40    16    445 
  19   41    22    604 
  19   42    18    492 
  19   43    18    503 
  19   44    29    780 
  19   45    10    275 
  19   46    24    670 
  19   47    14    376 
  19   48    18    494 
  19   49    29    790 
  20    0     9    246 
  20    1    13    350 
  20    2    24    654 
  20    3    29    785 
  20    4    18    485 
  20    5     7    206 
  20    6     9    267 
  20    7    21    586 
  20    8    29    785 
  20    9     7    209 
  20   10    21    582 
  20   11    25    696 
  20   12    26    702 
  20   13    22    594 
  20   14     9    247 
  20   15    20    545 
  20   16    15    420 
  20   17    14    397 
  20   18    25    671 
  20   19    19    520 
  20   20    11    301 
  20   21    28    767 
  20   22    15    409 
  20   23    10    273 
  20   24    26    709 
  20   25    11    297 
  20   26    25    680 
  20   27    25    680 
  20   28    12    346 
  20   29    19    515 
  20   30     9    257 
  20   31    21    578 
  20   32    20    540 
  20   33    22    598 
  20   34     9    246 
  20   35    14    394 
  20   36    25    677 
  20   37    15    413 
  20   38    24    650 
  20   39     8    232 
  20   40    23    642 
  20   41    21    574 
  20   42    15    408 
  20   43    19    518 
  20   44    18    497 
  20   45     8    224 
  20   46    12    322 
  20   47    26    721 
  20   48    25    681 
  20   49    15    416 
  21    0     9    264 
  21    1    17    456 
  21    2     7    201 
  21    3    28    757 
  21    4    27    727 
  21    5    12    325 
  21    6    21    574 
  21    7    26    698 
  21    8    15    423 
  21    9    24    649 
  21   10    19    536 
  21   11     9    242 
  21   12     9    245 
  21   13    25    685 
  21   14    15    421 
  21   15    19    511 
  21   16    22    608 
  21   17    20    546 
  21   18    23    627 
  21   19    24    669 
  21   20    12    326 
  21   21    29    795 
  21   22    20    548 
  21   23    13    362 
  21   24    27    745 
  21   25    21    581 
  21   26    17    470 
  21   27    17    470 
  21   28    14    380 
  21   29     7    208 
  21   30    15    406 
  21   31    15    404 
  21   32    29    779 
  21   33    28    758 
  21   34    21    565 
  21   35    10    291 
  21   36    24    647 
  21   37    25    697 
  21   38     9    256 
  21   39    25    688 
  21   40    25    671 
  21   41    23    633 
  21   42    21    582 
  21   43    16    446 
  21   44    18    497 
  21   45    18    488 
  21   46    11    306 
  21   47    11    308 
  21   48     8    232 
  21   49    14    389 
  22    0    22    599 
  22    1    12    325 
  22    2     7    213 
  22    3    17    475 
  22    4    15    426 
  22    5    18    494 
  22    6    15    412 
  22    7    22    601 
  22    8    14    383 
  22    9    13    357 
  22   10    28    770 
  22   11    26    722 
  22   12    10    294 
  22   13    20    561 
  22   14    19    535 
  22   15    10    286 
  22   16    15    406 
  22   17     7    200 
  22   18    23    639 
  22   19    12    336 
  22   20    23    636 
  22   21    15    409 
  22   22    18    488 
  22   23    18    504 
  22   24    24    667 
  22   25    23    641 
  22   26     7    205 
  22   27    16    433 
  22   28     7    203 
  22   29    27    743 
  22   30     9    242 
  22   31    10    274 
  22   32     7    210 
  22   33    10    285 
  22   34    13    357 
  22   35    15    425 
  22   36    12    337 
  22   37    23    623 
  22   38     9    256 
  22   39     9    267 
  22   40    21    580 
  22   41    28    753 
  22   42    14    393 
  22   43     7    213 
  22   44     7    206 
  22   45    14    391 
  22   46    16    430 
  22   47    11    305 
  22   48    21    571 
  22   49    21    572 
  23    0    23    642 
  23    1    27    744 
  23    2    22    613 
  23    3     8    224 
  23    4    13    364 
  23    5    15    421 
  23    6    13    353 
  23    7    26    722 
  23    8    14    384 
  23    9    18    495 
  23   10    18    488 
  23   11    26    724 
  23   12    27    737 
  23   13     9    262 
  23   14     9    257 
  23   15    23    625 
  23   16    21    564 
  23   17    15    410 
  23   18    15    422 
  23   19    12    333 
  23   20    25    674 
  23   21    19    524 
  23   22    16    440 
  23   23     8    236 
  23   24    23    626 
  23   25    15    419 
  23   26    27    746 
  23   27    10    271 
  23   28    25    675 
  23   29    20    561 
  23   30    22    605 
  23   31    22    614 
  23   32    12    326 
  23   33    20    550 
  23   34    26    710 
  23   35    27    744 
  23   36    12    339 
  23   37     9    256 
  23   38    24    669 
  23   39    23    618 
  23   40    22    604 
  23   41     8    230 
  23   42    29    784 
  23   43     9    245 
  23   44    19    525 
  23   45    27    726 
  23   46    11    313 
  23   47    23    628 
  23   48    25    681 
  23   49    23    637 
  24    0    25    672 
  24    1    12    344 
  24    2    29    799 
  24    3    29    796 
  24    4     8    238 
  24    5    17    481 
  24    6    16    432 
  24    7     7    200 
  24    8    20    559 
  24    9    28    775 
  24   10    17    479 
  24   11     9    251 
  24   12    13    371 
  24   13     9    252 
  24   14    22    604 
  24   15    25    678 
  24   16    25    672 
  24   17    14    394 
  24   18    26    704 
  24   19    18    503 
  24   20     8    218 
  24   21    26    714 
  24   22    18    503 
  24   23     9    260 
  24   24     8    224 
  24   25    29    797 
  24   26    14    392 
  24   27     8    234 
  24   28    29    792 
  24   29     9    262 
  24   30    11    313 
  24   31    22    606 
  24   32    21    588 
  24   33    15    422 
  24   34    19    512 
  24   35    19    532 
  24   36    20    541 
  24   37     8    219 
  24   38    25    675 
  24   39    16    431 
  24   40    17    464 
  24   41    12    344 
  24   42    26    717 
  24   43    23    632 
  24   44    22    601 
  24   45    14    391 
  24   46    24    661 
  24   47    25    693 
  24   48    24    668 
  24   49    21    565 
  25    0    14    385 
  25    1    18    483 
  25    2    22    616 
  25    3     8    233 
  25    4    23    628 
  25    5    16    453 
  25    6    28    766 
  25    7    27    750 
  25    8    16    437 
  25    9    14    383 
  25   10    23    627 
  25   11    16    451 
  25   12    10    284 
  25   13    21    575 
  25   14    26    718 
  25   15     8    236 
  25   16     8    239 
  25   17    25    697 
  25   18    23    638 
  25   19    25    676 
  25   20    17    460 
  25   21    10    281 
  25   22    10    269 
  25   23    12    332 
  25   24    14    399 
  25   25    12    325 
  25   26    18    489 
  25   27    18    508 
  25   28    22    611 
  25   29    23    631 
  25   30    25    688 
  25   31    16    438 
  25   32    13    363 
  25   33    13    372 
  25   34    13    371 
  25   35    22    603 
  25   36    15    419 
  25   37     8    227 
  25   38    11    299 
  25   39    20    548 
  25   40    13    359 
  25   41    13    366 
  25   42    29    788 
  25   43    17    457 
  25   44    10    288 
  25   45    13    355 
  25   46    18    492 
  25   47    23    622 
  25   48    21    577 
  25   49    27    737 
  26    0    15    427 
  26    1    17    477 
  26    2    25    685 
  26    3    23    620 
  26    4    28    751 
  26    5     8    220 
  26    6    19    514 
  26    7    22    609 
  26    8    15    409 
  26    9    18    485 
  26   10    11    298 
  26   11    13    365 
  26   12    20    543 
  26   13    14    381 
  26   14    10    278 
  26   15    14    400 
  26   16    15    427 
  26   17    11    308 
  26   18    18    508 
  26   19    26    698 
  26   20    15    425 
  26   21     8    229 
  26   22    23    632 
  26   23    10    288 
  26   24    27    741 
  26   25    28    754 
  26   26    13    374 
  26   27    29    800 
  26   28    14    392 
  26   29    20    540 
  26   30     8    235 
  26   31    26    724 
  26   32    13    357 
  26   33    26    715 
  26   34    21    571 
  26   35    24    669 
  26   36    15    418 
  26   37    24    656 
  26   38    16    446 
  26   39    26    701 
  26   40    13    374 
  26   41    21    582 
  26   42    20    555 
  26   43    20    555 
  26   44    17    469 
  26   45    13    355 
  26   46    21    572 
  26   47    29    797 
  26   48    29    793 
  26   49    25    671 
  27    0    15    426 
  27    1    25    681 
  27    2    17    480 
  27    3    15    416 
  27    4    17    470 
  27    5    21    566 
  27    6    18    500 
  27    7    17    472 
  27    8    22    611 
  27    9     8    228 
  27   10    15    407 
  27   11    14    377 
  27   12    18    500 
  27   13    16    440 
  27   14    10    284 
  27   15    16    454 
  27   16     8    241 
  27   17    26    718 
  27   18    11    319 
  27   19    26    699 
  27   20    25    671 
  27   21    27    729 
  27   22    16    432 
  27   23    19    519 
  27   24    15    426 
  27   25    18    496 
  27   26     7    208 
  27   27    21    568 
  27   28    26    713 
  27   29    11    299 
  27   30     7    202 
  27   31    12    330 
  27   32    11    319 
  27   33    15    428 
  27   34    18    508 
  27   35    27    727 
  27   36    16    433 
  27   37    27    727 
  27   38    13    374 
  27   39    21    578 
  27   40    20    537 
  27   41    17    457 
  27   42    24    661 
  27   43    28    764 
  27   44    18    483 
  27   45    21    583 
  27   46    21    588 
  27   47    25    679 
  27   48    17    466 
  27   49    21    587 
  28    0    15    412 
  28    1    20    548 
  28    2    25    690 
  28    3     8    221 
  28    4     8    237 
  28    5    27    735 
  28    6     7    202 
  28    7    10    269 
  28    8    20    555 
  28    9    10    274 
  28   10    12    343 
  28   11    24    645 
  28   12    15    424 
  28   13    28    760 
  28   14    25    692 
  28   15     9    265 
  28   16    24    664 
  28   17    15    424 
  28   18    26    711 
  28   19    12    322 
  28   20    11    311 
  28   21    12    328 
  28   22    23    623 
  28   23    15    404 
  28   24    17    473 
  28   25    28    751 
  28   26    13    357 
  28   27    13    356 
  28   28    27    742 
  28   29    23    636 
  28   30    21    572 
  28   31    21    588 
  28   32    28    760 
  28   33    12    332 
  28   34    29    780 
  28   35     8    215 
  28   36    13    370 
  28   37    19    530 
  28   38    20    559 
  28   39    25    682 
  28   40    22    610 
  28   41    16    434 
  28   42    17    480 
  28   43    22    596 
  28   44    27    749 
  28   45     7    205 
  28   46    10    291 
  28   47    16    440 
  28   48    13    350 
  28   49     8    217 
  29    0    17    466 
  29    1    13    365 
  29    2    10    291 
  29    3    10    294 
  29    4    18    493 
  29    5    14    393 
  29    6    19    529 
  29    7    20    547 
  29    8    19    523 
  29    9    16    452 
  29   10     8    224 
  29   11    20    547 
  29   12     8    240 
  29   13    10    276 
  29   14    14    389 
  29   15    26    715 
  29   16    29    788 
  29   17     9    262 
  29   18    27    731 
  29   19     7    210 
  29   20    25    674 
  29   21    12    324 
  29   22    17    469 
  29   23    17    482 
  29   24    21    567 
  29   25    26    713 
  29   26    17    475 
  29   27    21    579 
  29   28    11    310 
  29   29    28    754 
  29   30    10    278 
  29   31    26    723 
  29   32    22    601 
  29   33    15    429 
  29   34    29    792 
  29   35     7    200 
  29   36    15    420 
  29   37    10    278 
  29   38    26    704 
  29   39    21    585 
  29   40    24    668 
  29   41    15    413 
  29   42     7    212 
  29   43    28    752 
  29   44    25    688 
  29   45    20    562 
  29   46    19    525 
  29   47     7    205 
  29   48     8    219 
  29   49     8    221 
  30    0    12    340 
  30    1    15    429 
  30    2    14    396 
  30    3    24    653 
  30    4    26    706 
  30    5    24    644 
  30    6    20    563 
  30    7    24    667 
  30    8    24    653 
  30    9    11    307 
  30   10    18    498 
  30   11     8    224 
  30   12    25    697 
  30   13    15    429 
  30   14    24    654 
  30   15    25    689 
  30   16     7    210 
  30   17    28    773 
  30   18    16    430 
  30   19    14    380 
  30   20    14    387 
  30   21    11    314 
  30   22    13    367 
  30   23    23    639 
  30   24    15    429 
  30   25    27    740 
  30   26    18    483 
  30   27    15    421 
  30   28    14    384 
  30   29    19    533 
  30   30     8    237 
  30   31     9    265 
  30   32    21    574 
  30   33    17    471 
  30   34     8    219 
  30   35    21    567 
  30   36    17    462 
  30   37     8    219 
  30   38    21    571 
  30   39    16    440 
  30   40    29    799 
  30   41    10    282 
  30   42    24    648 
  30   43    28    763 
  30   44    16    447 
  30   45    15    419 
  30   46    15    414 
  30   47    25    688 
  30   48    18    497 
  30   49    14    397 
  31    0     9    256 
  31    1    10    290 
  31    2    22    614 
  31    3    23    631 
  31    4    22    595 
  31    5    25    697 
  31    6    19    524 
  31    7    25    689 
  31    8    23    617 
  31    9    18    502 
  31   10    21    576 
  31   11    13    359 
  31   12    14    381 
  31   13     9    253 
  31   14    24    644 
  31   15    21    569 
  31   16    13    367 
  31   17    11    320 
  31   18    19    529 
  31   19    18    502 
  31   20    12    324 
  31   21    12    328 
  31   22    26    721 
  31   23    21    570 
  31   24    10    283 
  31   25     9    261 
  31   26    11    309 
  31   27     9    249 
  31   28    27    736 
  31   29    23    625 
  31   30    10    294 
  31   31    21    582 
  31   32    23    641 
  31   33    13    351 
  31   34    27    729 
  31   35    22    591 
  31   36    16    441 
  31   37    15    408 
  31   38    27    725 
  31   39    10    294 
  31   40    25    688 
  31   41    25    690 
  31   42    20    563 
  31   43    26    708 
  31   44    28    755 
  31   45    25    693 
  31   46    14    394 
  31   47    28    760 
  31   48     9    247 
  31   49    23    635 
  32    0    11    318 
  32    1    13    372 
  32    2    13    357 
  32    3    12    338 
  32    4    18    492 
  32    5    16    441 
  32    6    29    800 
  32    7    11    317 
  32    8    22    598 
  32    9    21    582 
  32   10    21    583 
  32   11    14    379 
  32   12    22    596 
  32   13    18    494 
  32   14     8    229 
  32   15    27    750 
  32   16     7    213 
  32   17    24    644 
  32   18    13    370 
  32   19    19    536 
  32   20    13    350 
  32   21    18    489 
  32   22    21    571 
  32   23    27    741 
  32   24     9    256 
  32   25    26    706 
  32   26    14    385 
  32   27     9    265 
  32   28    19    510 
  32   29     9    256 
  32   30    18    486 
  32   31    11    299 
  32   32    20    553 
  32   33    26    702 
  32   34    28    775 
  32   35    17    472 
  32   36    16    452 
  32   37    16    454 
  32   38    12    322 
  32   39    23    619 
  32   40     8    220 
  32   41    19    523 
  32   42    11    321 
  32   43    28    773 
  32   44    21    576 
  32   45    10    279 
  32   46    15    425 
  32   47    13    366 
  32   48    27    745 
  32   49    22    600 
  33    0    16    444 
  33    1    13    353 
  33    2    29    788 
  33    3     8    233 
  33    4    19    529 
  33    5    21    565 
  33    6    11    305 
  33    7    12    328 
  33    8    23    639 
  33    9    14    388 
  33   10    15    426 
  33   11    16    450 
  33   12     8    236 
  33   13    24    661 
  33   14    22    604 
  33   15    18    496 
  33   16    26    713 
  33   17    28    759 
  33   18    11    320 
  33   19    23    634 
  33   20    12    332 
  33   21    15    409 
  33   22    12    339 
  33   23    22    603 
  33   24    18    493 
  33   25    18    507 
  33   26    21    587 
  33   27    29    799 
  33   28    10    277 
  33   29    12    323 
  33   30    19    533 
  33   31    18    487 
  33   32    13    356 
  33   33    24    645 
  33   34    12    347 
  33   35    23    639 
  33   36     9    265 
  33   37    20    541 
  33   38    20    552 
  33   39    13    370 
  33   40    13    369 
  33   41    13    365 
  33   42    18    499 
  33   43    16    446 
  33   44    20    553 
  33   45    18    503 
  33   46     8    236 
  33   47    19    522 
  33   48    25    678 
  33   49    11    313 
  34    0    13    367 
  34    1     7    206 
  34    2     9    244 
  34    3    22    602 
  34    4    26    707 
  34    5    26    709 
  34    6    13    351 
  34    7    14    398 
  34    8    12    332 
  34    9    20    549 
  34   10    26    704 
  34   11    14    384 
  34   12    22    614 
  34   13     9    267 
  34   14    20    544 
  34   15    13    365 
  34   16    14    399 
  34   17     8    219 
  34   18    27    729 
  34   19    22    602 
  34   20    25    690 
  34   21    26    701 
  34   22    16    431 
  34   23    26    724 
  34   24    26    722 
  34   25    21    587 
  34   26    14    393 
  34   27    11    308 
  34   28    19    526 
  34   29    20    563 
  34   30    29    781 
  34   31    14    386 
  34   32    20    555 
  34   33    20    547 
  34   34    27    741 
  34   35    17    464 
  34   36    22    614 
  34   37    13    349 
  34   38    20    551 
  34   39    13    375 
  34   40    25    697 
  34   41    21    572 
  34   42     7    212 
  34   43    18    493 
  34   44    24    670 
  34   45    28    777 
  34   46    17    472 
  34   47    12    323 
  34   48    26    699 
  34   49    20    554 
  35    0    19    511 
  35    1     8    234 
  35    2     7    206 
  35    3    17    466 
  35    4    13    366 
  35    5    18    505 
  35    6    28    755 
  35    7    27    733 
  35    8    10    270 
  35    9    24    659 
  35   10    23    625 
  35   11    12    340 
  35   12    16    443 
  35   13    26    716 
  35   14     8    226 
  35   15    28    774 
  35   16    26    724 
  35   17    22    591 
  35   18    13    372 
  35   19    28    765 
  35   20    16    434 
  35   21    25    675 
  35   22    16    455 
  35   23    27    746 
  35   24    16    437 
  35   25    17    464 
  35   26    16    440 
  35   27    12    330 
  35   28    15    409 
  35   29    16    439 
  35   30    16    435 
  35   31    24    649 
  35   32    13    362 
  35   33    10    282 
  35   34    19    525 
  35   35    22    602 
  35   36    19    517 
  35   37     8    231 
  35   38    21    576 
  35   39     8    231 
  35   40    16    455 
  35   41    21    571 
  35   42    12    339 
  35   43    26    703 
  35   44    27    749 
  35   45    28    775 
  35   46    28    763 
  35   47    12    331 
  35   48    25    677 
  35   49    10    271 
  36    0    26    718 
  36    1    27    729 
  36    2    17    457 
  36    3    12    335 
  36    4    27    737 
  36    5    27    750 
  36    6    10    288 
  36    7    19    525 
  36    8    16    452 
  36    9     7    203 
  36   10    29    795 
  36   11    22    601 
  36   12     8    235 
  36   13    27    749 
  36   14    16    450 
  36   15    10    283 
  36   16    18    491 
  36   17    16    434 
  36   18     8    226 
  36   19    17    480 
  36   20    14    378 
  36   21    21    582 
  36   22    14    378 
  36   23    13    365 
  36   24    20    551 
  36   25    24    664 
  36   26    11    321 
  36   27    12    322 
  36   28     9    262 
  36   29    10    289 
  36   30    18    504 
  36   31    17    466 
  36   32    25    693 
  36   33    27    749 
  36   34    12    336 
  36   35     9    243 
  36   36    19    534 
  36   37    23    642 
  36   38     9    258 
  36   39     8    225 
  36   40    26    717 
  36   41    14    402 
  36   42    18    496 
  36   43    16    437 
  36   44    15    418 
  36   45    11    299 
  36   46    16    437 
  36   47    17    476 
  36   48     9    260 
  36   49    16    450 
  37    0     8    238 
  37    1    11    311 
  37    2    13    355 
  37    3    26    714 
  37    4    13    371 
  37    5    20    540 
  37    6    16    452 
  37    7    12    340 
  37    8    24    646 
  37    9    12    345 
  37   10    13    351 
  37   11    10    271 
  37   12    17    464 
  37   13    17    459 
  37   14    14    391 
  37   15    14    379 
  37   16    23    617 
  37   17    23    633 
  37   18    12    334 
  37   19    10    281 
  37   20    10    286 
  37   21    27    730 
  37   22    18    493 
  37   23    21    583 
  37   24    23    642 
  37   25    28    777 
  37   26    24    656 
  37   27    23    638 
  37   28    21    579 
  37   29    26    707 
  37   30    16    437 
  37   31    28    757 
  37   32    21    584 
  37   33    21    584 
  37   34    13    371 
  37   35    18    504 
  37   36    20    550 
  37   37    20    551 
  37   38    19    515 
  37   39    25    671 
  37   40    26    721 
  37   41    11    311 
  37   42     9    261 
  37   43    12    328 
  37   44     9    260 
  37   45    22    606 
  37   46    11    301 
  37   47    11    306 
  37   48     8    241 
  37   49    11    300 
  38    0    10    288 
  38    1    29    792 
  38    2    23    641 
  38    3    24    669 
  38    4    11    321 
  38    5    23    619 
  38    6    18    501 
  38    7    24    669 
  38    8    11    312 
  38    9    17    477 
  38   10    11    314 
  38   11    13    352 
  38   12     8    219 
  38   13    18    508 
  38   14    11    295 
  38   15    24    668 
  38   16     9    267 
  38   17    19    521 
  38   18    17    477 
  38   19    11    321 
  38   20    18    490 
  38   21    29    779 
  38   22    23    632 
  38   23    23    627 
  38   24    24    663 
  38   25     8    235 
  38   26     8    240 
  38   27    19    529 
  38   28    28    760 
  38   29    20    551 
  38   30    15    416 
  38   31    27    731 
  38   32    18    502 
  38   33    14    385 
  38   34    17    462 
  38   35    12    344 
  38   36    23    620 
  38   37    22    605 
  38   38    25    690 
  38   39    13    364 
  38   40    29    789 
  38   41    15    421 
  38   42    12    327 
  38   43    17    481 
  38   44    27    744 
  38   45    22    590 
  38   46    15    403 
  38   47    21    584 
  38   48    16    436 
  38   49    19    536 
  39    0    23    643 
  39    1    19    529 
  39    2     8    234 
  39    3    21    581 
  39    4    25    693 
  39    5    29    785 
  39    6    16    430 
  39    7    19    510 
  39    8    18    508 
  39    9    22    605 
  39   10    25    672 
  39   11    16    437 
  39   12     7    201 
  39   13    14    402 
  39   14    17    482 
  39   15    25    680 
  39   16    15    418 
  39   17    18    499 
  39   18    13    373 
  39   19    11    306 
  39   20    21    565 
  39   21    26    711 
  39   22     7    209 
  39   23     9    248 
  39   24    15    429 
  39   25    29    779 
  39   26    21    567 
  39   27    11    308 
  39   28    11    315 
  39   29    11    299 
  39   30    24    651 
  39   31    14    384 
  39   32    25    696 
  39   33    18    492 
  39   34    10    289 
  39   35    19    528 
  39   36    17    477 
  39   37    22    615 
  39   38    29    793 
  39   39    18    506 
  39   40    22    615 
  39   41    17    481 
  39   42    12    334 
  39   43    16    453 
  39   44    10    288 
  39   45    19    535 
  39   46    21    579 
  39   47    13    353 
  39   48    23    625 
  39   49    21    567 
  40    0     8    217 
  40    1    10    285 
  40    2     9    258 
  40    3    29    781 
  40    4    19    534 
  40    5    15    428 
  40    6    29    793 
  40    7     8    224 
  40    8    16    440 
  40    9    15    417 
  40   10    21    577 
  40   11    27    746 
  40   12    25    690 
  40   13    21    589 
  40   14    12    328 
  40   15    11    312 
  40   16    17    471 
  40   17    16    431 
  40   18    25    673 
  40   19     8    232 
  40   20    20    556 
  40   21    22    609 
  40   22    28    751 
  40   23     9    242 
  40   24    27    725 
  40   25    27    732 
  40   26    15    426 
  40   27     8    232 
  40   28     8    233 
  40   29     9    261 
  40   30    13    351 
  40   31    26    716 
  40   32    12    322 
  40   33    28    776 
  40   34    26    700 
  40   35    20    558 
  40   36    14    389 
  40   37    22    607 
  40   38    27    745 
  40   39    13    353 
  40   40    14    395 
  40   41    26    715 
  40   42    14    397 
  40   43    27    739 
  40   44    20    542 
  40   45    21    565 
  40   46    17    477 
  40   47     9    246 
  40   48    14    390 
  40   49    11    319 
  41    0    12    342 
  41    1    14    376 
  41    2    11    307 
  41    3    13    350 
  41    4    20    553 
  41    5    16    445 
  41    6     8    241 
  41    7    15    423 
  41    8    18    507 
  41    9    15    423 
  41   10    13    351 
  41   11    17    464 
  41   12    26    715 
  41   13    14    377 
  41   14    12    341 
  41   15    14    402 
  41   16    11    308 
  41   17    23    624 
  41   18     7    206 
  41   19    20    546 
  41   20     8    229 
  41   21    15    426 
  41   22     8    227 
  41   23    11    306 
  41   24    14    382 
  41   25    10    292 
  41   26    19    517 
  41   27    27    728 
  41   28    13    350 
  41   29    26    703 
  41   30    25    682 
  41   31    16    442 
  41   32    10    286 
  41   33    10    271 
  41   34    10    271 
  41   35    20    556 
  41   36    22    616 
  41   37    11    312 
  41   38    15    421 
  41   39    15    415 
  41   40    13    368 
  41   41     8    232 
  41   42    11    305 
  41   43    18    508 
  41   44    28    760 
  41   45    23    625 
  41   46    25    690 
  41   47    29    779 
  41   48    27    732 
  41   49    14    387 
  42    0    13    371 
  42    1    12    330 
  42    2    17    465 
  42    3     7    201 
  42    4    17    471 
  42    5    12    345 
  42    6    17    456 
  42    7    13    358 
  42    8    22    592 
  42    9    23    620 
  42   10    24    657 
  42   11    28    760 
  42   12    22    601 
  42   13    16    437 
  42   14    21    569 
  42   15    14    395 
  42   16    14    391 
  42   17    12    339 
  42   18    13    350 
  42   19    26    709 
  42   20    18    508 
  42   21    22    612 
  42   22    11    304 
  42   23    22    614 
  42   24    13    360 
  42   25    11    321 
  42   26     8    229 
  42   27    12    342 
  42   28    14    377 
  42   29    25    684 
  42   30    17    474 
  42   31    27    738 
  42   32    23    619 
  42   33    18    502 
  42   34    11    310 
  42   35    17    478 
  42   36    11    307 
  42   37    15    429 
  42   38    27    741 
  42   39    24    662 
  42   40    24    664 
  42   41     8    235 
  42   42    14    379 
  42   43    20    539 
  42   44    15    427 
  42   45    26    706 
  42   46    21    568 
  42   47    22    593 
  42   48     9    249 
  42   49    15    416 
  43    0    17    466 
  43    1    21    566 
  43    2    29    795 
  43    3    22    593 
  43    4    19    524 
  43    5    14    401 
  43    6    27    732 
  43    7    18    489 
  43    8    12    343 
  43    9    23    627 
  43   10    13    350 
  43   11    26    712 
  43   12    25    672 
  43   13    18    505 
  43   14    15    406 
  43   15    27    727 
  43   16    17    469 
  43   17    16    436 
  43   18    19    515 
  43   19    14    376 
  43   20    23    618 
  43   21    14    376 
  43   22    14    382 
  43   23     7    209 
  43   24    13    371 
  43   25    12    340 
  43   26     9    260 
  43   27    26    724 
  43   28    16    432 
  43   29    27    737 
  43   30    22    609 
  43   31    12    339 
  43   32    17    460 
  43   33     7    200 
  43   34    17    456 
  43   35    27    729 
  43   36     8    239 
  43   37    21    570 
  43   38    15    415 
  43   39    19    518 
  43   40    11    307 
  43   41    24    644 
  43   42    17    465 
  43   43    26    707 
  43   44     8    230 
  43   45    10    292 
  43   46    22    600 
  43   47    29    785 
  43   48    18    489 
  43   49    21    584 
  44    0    18    493 
  44    1     9    252 
  44    2    11    300 
  44    3    17    475 
  44    4     7    202 
  44    5    25    691 
  44    6    10    273 
  44    7    23    621 
  44    8    12    338 
  44    9    18    501 
  44   10     9    255 
  44   11    26    699 
  44   12    25    697 
  44   13    15    405 
  44   14     9    243 
  44   15    12    339 
  44   16    22    605 
  44   17    17    464 
  44   18    24    661 
  44   19    21    579 
  44   20    17    473 
  44   21    21    575 
  44   22    22    596 
  44   23    12    339 
  44   24    26    713 
  44   25    19    528 
  44   26    24    661 
  44   27    17    465 
  44   28    11    301 
  44   29    20    548 
  44   30    10    275 
  44   31    26    698 
  44   32    24    665 
  44   33    23    627 
  44   34    29    799 
  44   35    26    705 
  44   36    22    592 
  44   37    14    378 
  44   38    15    427 
  44   39    28    765 
  44   40    25    693 
  44   41     9    265 
  44   42    21    589 
  44   43    25    686 
  44   44    12    345 
  44   45    12    347 
  44   46    22    604 
  44   47    15    407 
  44   48    14    401 
  44   49    23    638 
  45    0    17    459 
  45    1    19    511 
  45    2    27    746 
  45    3    11    318 
  45    4    17    474 
  45    5    25    677 
  45    6    11    305 
  45    7     7    200 
  45    8    25    671 
  45    9    16    446 
  45   10    12    336 
  45   11    20    550 
  45   12    24    664 
  45   13    27    735 
  45   14    26    701 
  45   15    20    547 
  45   16    11    297 
  45   17     9    260 
  45   18    28    765 
  45   19    18    489 
  45   20    11    304 
  45   21    25    678 
  45   22    10    290 
  45   23     7    205 
  45   24    25    672 
  45   25    22    593 
  45   26    19    514 
  45   27    22    614 
  45   28    23    624 
  45   29     9    268 
  45   30    22    600 
  45   31     9    245 
  45   32    13    360 
  45   33    16    450 
  45   34    16    451 
  45   35    15    408 
  45   36    18    505 
  45   37    15    424 
  45   38    24    653 
  45   39    12    337 
  45   40    25    683 
  45   41    22    599 
  45   42    12    335 
  45   43     7    214 
  45   44    16    447 
  45   45    18    495 
  45   46    13    355 
  45   47    17    474 
  45   48    29    783 
  45   49    16    449 
  46    0     8    229 
  46    1    29    788 
  46    2    23    619 
  46    3    24    654 
  46    4    23    636 
  46    5    15    417 
  46    6    10    283 
  46    7    11    309 
  46    8    24    654 
  46    9    19    517 
  46   10    22    607 
  46   11     9    258 
  46   12     9    266 
  46   13    23    621 
  46   14    23    637 
  46   15     7    214 
  46   16    20    562 
  46   17    24    655 
  46   18    24    670 
  46   19    22    594 
  46   20    22    613 
  46   21    20    543 
  46   22    25    696 
  46   23    13    370 
  46   24    28    770 
  46   25     9    255 
  46   26    21    576 
  46   27     8    219 
  46   28    26    718 
  46   29    29    781 
  46   30     9    267 
  46   31    17    464 
  46   32    19    535 
  46   33    10    269 
  46   34    22    615 
  46   35    11    307 
  46   36    23    627 
  46   37    23    641 
  46   38     9    266 
  46   39    24    665 
  46   40    18    507 
  46   41    24    659 
  46   42    23    638 
  46   43    21    577 
  46   44    15    427 
  46   45    12    338 
  46   46    10    275 
  46   47    18    483 
  46   48     8    227 
  46   49    14    385 
  47    0    26    704 
  47    1     8    238 
  47    2    14    378 
  47    3    14    380 
  47    4    11    306 
  47    5    27    746 
  47    6    11    314 
  47    7    10    277 
  47    8     8    217 
  47    9    13    357 
  47   10    12    325 
  47   11    11    309 
  47   12    20    540 
  47   13    15    409 
  47   14     8    234 
  47   15    25    680 
  47   16    19    524 
  47   17    20    556 
  47   18    18    499 
  47   19    20    551 
  47   20    18    488 
  47   21    25    689 
  47   22    24    656 
  47   23    19    532 
  47   24    18    506 
  47   25    13    355 
  47   26    14    392 
  47   27    21    570 
  47   28    10    290 
  47   29    29    786 
  47   30    25    692 
  47   31    29    791 
  47   32    25    676 
  47   33    14    392 
  47   34    19    511 
  47   35     8    235 
  47   36    29    800 
  47   37    11    307 
  47   38    10    285 
  47   39    20    546 
  47   40    15    410 
  47   41     9    258 
  47   42    29    800 
  47   43     8    237 
  47   44    20    559 
  47   45    26    700 
  47   46     8    232 
  47   47     9    254 
  47   48    11    305 
  47   49    16    438 
  48    0    11    308 
  48    1    13    355 
  48    2    13    363 
  48    3    11    319 
  48    4    17    462 
  48    5    22    605 
  48    6    25    671 
  48    7    26    703 
  48    8     7    206 
  48    9    13    358 
  48   10    12    330 
  48   11    24    649 
  48   12    16    436 
  48   13    17    463 
  48   14    16    438 
  48   15    16    443 
  48   16     9    250 
  48   17    16    452 
  48   18    14    401 
  48   19    23    639 
  48   20    18    489 
  48   21     9    245 
  48   22    26    724 
  48   23    14    394 
  48   24    11    295 
  48   25    27    736 
  48   26    15    427 
  48   27    10    288 
  48   28    19    528 
  48   29    23    632 
  48   30    19    536 
  48   31    10    293 
  48   32    19    535 
  48   33    29    796 
  48   34    28    762 
  48   35    25    693 
  48   36    29    780 
  48   37    20    547 
  48   38    16    438 
  48   39    19    512 
  48   40    13    363 
  48   41    28    767 
  48   42    11    295 
  48   43     7    200 
  48   44    12    347 
  48   45    27    746 
  48   46    17    461 
  48   47    19    536 
  48   48    16    430 
  48   49    14    394 
  49    0    18    484 
  49    1    12    344 
  49    2    26    713 
  49    3    15    420 
  49    4    18    509 
  49    5    15    425 
  49    6    26    706 
  49    7    28    760 
  49    8    15    421 
  49    9     8    215 
  49   10    28    757 
  49   11    29    798 
  49   12    14    377 
  49   13    24    670 
  49   14    10    279 
  49   15    28    772 
  49   16    11    299 
  49   17     9    258 
  49   18    11    299 
  49   19    25    695 
  49   20    13    355 
  49   21    21    579 
  49   22     8    238 
  49   23    14    392 
  49   24     9    262 
  49   25    18    503 
  49   26    13    351 
  49   27    15    412 
  49   28    13    369 
  49   29    13    369 
  49   30    29    792 
  49   31    19    533 
  49   32    19    535 
  49   33    27    743 
  49   34    15    407 
  49   35    25    695 
  49   36    11    311 
  49   37     9    246 
  49   38    16    430 
  49   39    24    659 
  49   40    26    702 
  49   41    22    602 
  49   42    20    562 
  49   43    28    772 
  49   44     8    234 
  49   45    16    443 
  49   46     9    266 
  49   47    21    578 
  49   48    19    535 
  49   49     7    203 
