 50
 50

    7
   11
   11
    6
    1
   20
    1
   11
    7
   14
   11
    8
    9
   14
   16
    6
    3
    8
    7
   18
    9
   17
   16
   19
   18
   18
    2
    3
    9
   15
   14
   20
    1
   12
    1
    7
    3
    5
   16
   16
   15
    4
   17
    5
   19
   19
    3
    5
   12
   13

    4
   16
   18
    5
    3
    8
   16
   20
   12
    4
   18
   15
   15
    1
    2
    4
   17
   18
    8
    9
    2
   10
   19
    9
    8
   17
    6
   12
   18
    1
   19
   16
   17
   14
    1
   11
   14
    6
   16
    1
   11
   12
    9
   13
    4
    6
   17
    5
   11
    4

   0    0    23    243 
   0    1    35    375 
   0    2    35    378 
   0    3    25    268 
   0    4    54    573 
   0    5    59    627 
   0    6    66    702 
   0    7    44    469 
   0    8    64    685 
   0    9    64    682 
   0   10    66    697 
   0   11    52    557 
   0   12    28    299 
   0   13    54    578 
   0   14    56    592 
   0   15    19    204 
   0   16    39    419 
   0   17    42    444 
   0   18    35    372 
   0   19    27    294 
   0   20    59    630 
   0   21    20    220 
   0   22    19    201 
   0   23    52    549 
   0   24    57    606 
   0   25    44    469 
   0   26    55    584 
   0   27    47    497 
   0   28    75    798 
   0   29    65    692 
   0   30    42    447 
   0   31    42    447 
   0   32    37    399 
   0   33    54    574 
   0   34    41    439 
   0   35    70    748 
   0   36    39    417 
   0   37    61    650 
   0   38    18    200 
   0   39    26    277 
   0   40    66    705 
   0   41    33    349 
   0   42    53    565 
   0   43    71    751 
   0   44    33    348 
   0   45    58    612 
   0   46    71    752 
   0   47    25    269 
   0   48    51    543 
   0   49    32    344 
   1    0    32    338 
   1    1    64    680 
   1    2    38    405 
   1    3    28    299 
   1    4    24    254 
   1    5    63    668 
   1    6    59    632 
   1    7    51    548 
   1    8    51    546 
   1    9    35    371 
   1   10    22    232 
   1   11    37    400 
   1   12    27    293 
   1   13    57    610 
   1   14    36    388 
   1   15    63    665 
   1   16    42    447 
   1   17    31    337 
   1   18    36    386 
   1   19    71    756 
   1   20    38    410 
   1   21    38    410 
   1   22    68    721 
   1   23    46    491 
   1   24    52    553 
   1   25    74    789 
   1   26    61    651 
   1   27    47    503 
   1   28    29    306 
   1   29    45    483 
   1   30    73    780 
   1   31    56    599 
   1   32    28    297 
   1   33    32    342 
   1   34    27    293 
   1   35    24    263 
   1   36    31    332 
   1   37    20    220 
   1   38    20    212 
   1   39    35    378 
   1   40    29    312 
   1   41    40    428 
   1   42    53    567 
   1   43    71    757 
   1   44    56    595 
   1   45    71    759 
   1   46    54    578 
   1   47    54    579 
   1   48    69    732 
   1   49    19    202 
   2    0    29    307 
   2    1    31    331 
   2    2    22    238 
   2    3    65    694 
   2    4    33    353 
   2    5    23    246 
   2    6    61    645 
   2    7    74    784 
   2    8    61    645 
   2    9    53    562 
   2   10    47    498 
   2   11    69    734 
   2   12    33    356 
   2   13    48    510 
   2   14    27    295 
   2   15    19    206 
   2   16    55    585 
   2   17    45    476 
   2   18    27    293 
   2   19    62    656 
   2   20    69    729 
   2   21    40    429 
   2   22    29    312 
   2   23    36    383 
   2   24    62    663 
   2   25    22    233 
   2   26    39    418 
   2   27    42    450 
   2   28    29    309 
   2   29    50    530 
   2   30    67    713 
   2   31    40    426 
   2   32    34    365 
   2   33    73    772 
   2   34    42    447 
   2   35    32    339 
   2   36    29    310 
   2   37    22    242 
   2   38    73    776 
   2   39    32    339 
   2   40    36    389 
   2   41    32    343 
   2   42    31    330 
   2   43    23    243 
   2   44    52    555 
   2   45    30    318 
   2   46    28    302 
   2   47    62    660 
   2   48    41    442 
   2   49    26    281 
   3    0    35    370 
   3    1    66    697 
   3    2    39    418 
   3    3    56    594 
   3    4    31    328 
   3    5    60    640 
   3    6    56    599 
   3    7    36    380 
   3    8    72    765 
   3    9    32    344 
   3   10    30    324 
   3   11    42    446 
   3   12    31    337 
   3   13    52    555 
   3   14    44    472 
   3   15    24    258 
   3   16    44    473 
   3   17    25    265 
   3   18    28    303 
   3   19    49    527 
   3   20    57    602 
   3   21    60    634 
   3   22    30    323 
   3   23    44    468 
   3   24    67    715 
   3   25    21    224 
   3   26    65    691 
   3   27    51    548 
   3   28    25    266 
   3   29    41    434 
   3   30    23    244 
   3   31    36    380 
   3   32    33    353 
   3   33    73    771 
   3   34    43    460 
   3   35    45    479 
   3   36    41    436 
   3   37    71    752 
   3   38    49    525 
   3   39    27    291 
   3   40    35    370 
   3   41    43    463 
   3   42    64    679 
   3   43    55    590 
   3   44    44    471 
   3   45    50    537 
   3   46    55    588 
   3   47    74    783 
   3   48    71    750 
   3   49    38    411 
   4    0    52    555 
   4    1    54    576 
   4    2    58    618 
   4    3    23    249 
   4    4    26    280 
   4    5    21    228 
   4    6    25    273 
   4    7    34    367 
   4    8    58    620 
   4    9    52    551 
   4   10    43    457 
   4   11    63    669 
   4   12    69    730 
   4   13    70    741 
   4   14    70    744 
   4   15    33    352 
   4   16    66    697 
   4   17    57    602 
   4   18    62    663 
   4   19    66    703 
   4   20    60    635 
   4   21    32    338 
   4   22    72    768 
   4   23    42    445 
   4   24    38    402 
   4   25    56    598 
   4   26    69    731 
   4   27    63    671 
   4   28    40    427 
   4   29    57    602 
   4   30    31    334 
   4   31    36    386 
   4   32    52    549 
   4   33    41    435 
   4   34    36    382 
   4   35    22    232 
   4   36    74    788 
   4   37    22    240 
   4   38    45    476 
   4   39    27    289 
   4   40    65    686 
   4   41    28    300 
   4   42    41    440 
   4   43    53    562 
   4   44    28    303 
   4   45    24    258 
   4   46    63    666 
   4   47    61    650 
   4   48    26    281 
   4   49    26    277 
   5    0    41    440 
   5    1    51    541 
   5    2    23    252 
   5    3    20    212 
   5    4    59    626 
   5    5    74    781 
   5    6    22    238 
   5    7    69    731 
   5    8    65    687 
   5    9    46    486 
   5   10    33    349 
   5   11    45    477 
   5   12    50    529 
   5   13    29    311 
   5   14    26    283 
   5   15    19    201 
   5   16    32    347 
   5   17    21    230 
   5   18    58    620 
   5   19    69    733 
   5   20    74    790 
   5   21    41    433 
   5   22    49    519 
   5   23    32    342 
   5   24    66    703 
   5   25    51    546 
   5   26    34    364 
   5   27    68    725 
   5   28    52    552 
   5   29    68    719 
   5   30    62    656 
   5   31    61    645 
   5   32    58    614 
   5   33    35    375 
   5   34    24    260 
   5   35    31    336 
   5   36    49    522 
   5   37    62    660 
   5   38    50    532 
   5   39    34    360 
   5   40    21    227 
   5   41    70    747 
   5   42    44    470 
   5   43    46    490 
   5   44    57    610 
   5   45    22    234 
   5   46    25    270 
   5   47    51    546 
   5   48    32    345 
   5   49    52    555 
   6    0    61    653 
   6    1    24    257 
   6    2    20    215 
   6    3    26    284 
   6    4    52    552 
   6    5    64    677 
   6    6    48    510 
   6    7    51    544 
   6    8    30    321 
   6    9    73    771 
   6   10    64    683 
   6   11    38    405 
   6   12    43    462 
   6   13    42    444 
   6   14    54    574 
   6   15    70    746 
   6   16    66    696 
   6   17    67    710 
   6   18    53    568 
   6   19    71    752 
   6   20    56    601 
   6   21    35    370 
   6   22    64    682 
   6   23    23    247 
   6   24    30    325 
   6   25    23    250 
   6   26    30    324 
   6   27    43    455 
   6   28    26    282 
   6   29    34    360 
   6   30    42    446 
   6   31    38    408 
   6   32    32    347 
   6   33    49    524 
   6   34    24    263 
   6   35    41    436 
   6   36    20    214 
   6   37    33    358 
   6   38    23    251 
   6   39    26    282 
   6   40    46    488 
   6   41    66    699 
   6   42    50    535 
   6   43    43    458 
   6   44    35    370 
   6   45    49    523 
   6   46    49    524 
   6   47    40    429 
   6   48    39    415 
   6   49    25    264 
   7    0    39    413 
   7    1    40    428 
   7    2    53    565 
   7    3    44    468 
   7    4    60    642 
   7    5    50    533 
   7    6    40    432 
   7    7    41    436 
   7    8    69    731 
   7    9    29    316 
   7   10    60    633 
   7   11    34    364 
   7   12    68    725 
   7   13    29    306 
   7   14    68    722 
   7   15    67    712 
   7   16    73    780 
   7   17    25    269 
   7   18    59    627 
   7   19    27    293 
   7   20    33    350 
   7   21    44    465 
   7   22    61    646 
   7   23    61    649 
   7   24    30    323 
   7   25    55    590 
   7   26    26    284 
   7   27    50    530 
   7   28    63    673 
   7   29    40    431 
   7   30    73    774 
   7   31    21    223 
   7   32    36    388 
   7   33    48    509 
   7   34    45    482 
   7   35    58    621 
   7   36    45    481 
   7   37    25    265 
   7   38    39    412 
   7   39    64    679 
   7   40    54    570 
   7   41    25    268 
   7   42    55    582 
   7   43    34    361 
   7   44    57    610 
   7   45    19    206 
   7   46    66    698 
   7   47    71    752 
   7   48    51    547 
   7   49    22    242 
   8    0    69    737 
   8    1    47    502 
   8    2    23    243 
   8    3    35    370 
   8    4    56    597 
   8    5    62    659 
   8    6    64    680 
   8    7    20    214 
   8    8    34    360 
   8    9    42    451 
   8   10    25    266 
   8   11    29    308 
   8   12    67    713 
   8   13    70    741 
   8   14    36    385 
   8   15    51    548 
   8   16    50    534 
   8   17    23    246 
   8   18    54    577 
   8   19    51    541 
   8   20    28    298 
   8   21    72    768 
   8   22    24    258 
   8   23    66    696 
   8   24    23    244 
   8   25    73    780 
   8   26    37    394 
   8   27    73    777 
   8   28    74    782 
   8   29    71    757 
   8   30    48    516 
   8   31    46    488 
   8   32    22    235 
   8   33    35    374 
   8   34    26    282 
   8   35    53    567 
   8   36    49    524 
   8   37    54    579 
   8   38    52    551 
   8   39    67    712 
   8   40    58    617 
   8   41    52    556 
   8   42    63    673 
   8   43    58    618 
   8   44    42    449 
   8   45    33    349 
   8   46    35    379 
   8   47    59    630 
   8   48    25    266 
   8   49    25    274 
   9    0    30    320 
   9    1    19    201 
   9    2    65    687 
   9    3    63    670 
   9    4    27    293 
   9    5    43    454 
   9    6    73    770 
   9    7    23    244 
   9    8    63    665 
   9    9    63    666 
   9   10    57    610 
   9   11    34    369 
   9   12    59    626 
   9   13    72    760 
   9   14    53    560 
   9   15    52    552 
   9   16    73    777 
   9   17    48    515 
   9   18    32    344 
   9   19    71    758 
   9   20    50    528 
   9   21    42    449 
   9   22    66    700 
   9   23    21    228 
   9   24    74    783 
   9   25    47    497 
   9   26    25    267 
   9   27    40    427 
   9   28    48    509 
   9   29    43    460 
   9   30    27    289 
   9   31    40    432 
   9   32    58    621 
   9   33    49    522 
   9   34    47    499 
   9   35    45    483 
   9   36    40    422 
   9   37    67    708 
   9   38    52    558 
   9   39    38    409 
   9   40    74    786 
   9   41    66    697 
   9   42    73    777 
   9   43    58    613 
   9   44    55    586 
   9   45    70    742 
   9   46    30    317 
   9   47    42    447 
   9   48    74    783 
   9   49    61    648 
  10    0    58    616 
  10    1    46    494 
  10    2    65    686 
  10    3    66    699 
  10    4    67    716 
  10    5    63    674 
  10    6    38    407 
  10    7    62    657 
  10    8    44    469 
  10    9    69    730 
  10   10    67    708 
  10   11    58    619 
  10   12    49    524 
  10   13    42    444 
  10   14    51    539 
  10   15    47    499 
  10   16    71    758 
  10   17    75    799 
  10   18    20    216 
  10   19    68    724 
  10   20    25    274 
  10   21    49    521 
  10   22    61    649 
  10   23    25    269 
  10   24    65    694 
  10   25    52    551 
  10   26    25    267 
  10   27    32    339 
  10   28    67    716 
  10   29    39    413 
  10   30    26    278 
  10   31    27    293 
  10   32    40    428 
  10   33    39    418 
  10   34    62    663 
  10   35    27    293 
  10   36    67    710 
  10   37    66    698 
  10   38    73    772 
  10   39    39    413 
  10   40    19    202 
  10   41    24    256 
  10   42    69    730 
  10   43    34    363 
  10   44    71    752 
  10   45    62    662 
  10   46    29    316 
  10   47    36    386 
  10   48    69    732 
  10   49    21    224 
  11    0    49    526 
  11    1    63    674 
  11    2    46    494 
  11    3    40    428 
  11    4    43    461 
  11    5    39    415 
  11    6    44    468 
  11    7    59    632 
  11    8    21    222 
  11    9    31    332 
  11   10    45    480 
  11   11    48    511 
  11   12    34    368 
  11   13    60    637 
  11   14    43    454 
  11   15    43    454 
  11   16    19    205 
  11   17    35    373 
  11   18    26    277 
  11   19    28    303 
  11   20    69    730 
  11   21    62    657 
  11   22    73    771 
  11   23    25    274 
  11   24    44    467 
  11   25    42    452 
  11   26    38    411 
  11   27    51    547 
  11   28    70    745 
  11   29    23    245 
  11   30    34    360 
  11   31    24    260 
  11   32    26    278 
  11   33    30    320 
  11   34    45    483 
  11   35    59    630 
  11   36    36    386 
  11   37    37    399 
  11   38    48    513 
  11   39    51    541 
  11   40    23    253 
  11   41    46    491 
  11   42    56    593 
  11   43    73    776 
  11   44    61    647 
  11   45    28    298 
  11   46    47    500 
  11   47    34    367 
  11   48    32    341 
  11   49    49    523 
  12    0    71    752 
  12    1    40    432 
  12    2    24    262 
  12    3    53    569 
  12    4    22    234 
  12    5    65    692 
  12    6    22    232 
  12    7    57    610 
  12    8    27    285 
  12    9    72    760 
  12   10    21    223 
  12   11    45    485 
  12   12    21    227 
  12   13    72    764 
  12   14    54    571 
  12   15    23    243 
  12   16    28    304 
  12   17    64    682 
  12   18    23    251 
  12   19    73    778 
  12   20    37    399 
  12   21    41    435 
  12   22    55    586 
  12   23    24    260 
  12   24    44    465 
  12   25    38    406 
  12   26    65    691 
  12   27    61    645 
  12   28    66    700 
  12   29    37    391 
  12   30    19    202 
  12   31    54    575 
  12   32    60    643 
  12   33    48    509 
  12   34    23    244 
  12   35    56    594 
  12   36    25    272 
  12   37    67    711 
  12   38    69    736 
  12   39    52    549 
  12   40    74    786 
  12   41    44    471 
  12   42    66    703 
  12   43    70    745 
  12   44    61    645 
  12   45    51    545 
  12   46    54    575 
  12   47    39    414 
  12   48    21    225 
  12   49    72    768 
  13    0    73    776 
  13    1    67    711 
  13    2    61    652 
  13    3    29    311 
  13    4    60    640 
  13    5    45    478 
  13    6    56    595 
  13    7    32    345 
  13    8    31    337 
  13    9    69    735 
  13   10    62    659 
  13   11    29    313 
  13   12    43    461 
  13   13    55    582 
  13   14    73    773 
  13   15    55    586 
  13   16    60    642 
  13   17    36    380 
  13   18    24    260 
  13   19    25    264 
  13   20    42    447 
  13   21    73    773 
  13   22    38    410 
  13   23    34    364 
  13   24    75    800 
  13   25    39    414 
  13   26    45    485 
  13   27    62    657 
  13   28    43    460 
  13   29    64    680 
  13   30    37    398 
  13   31    49    519 
  13   32    51    545 
  13   33    61    647 
  13   34    61    644 
  13   35    62    662 
  13   36    56    597 
  13   37    43    456 
  13   38    45    481 
  13   39    39    417 
  13   40    27    294 
  13   41    56    601 
  13   42    56    600 
  13   43    37    391 
  13   44    71    754 
  13   45    20    214 
  13   46    59    624 
  13   47    37    398 
  13   48    70    745 
  13   49    25    264 
  14    0    72    765 
  14    1    33    350 
  14    2    30    321 
  14    3    54    573 
  14    4    51    545 
  14    5    22    232 
  14    6    59    623 
  14    7    75    799 
  14    8    71    749 
  14    9    23    246 
  14   10    74    787 
  14   11    23    249 
  14   12    27    289 
  14   13    38    401 
  14   14    74    784 
  14   15    74    785 
  14   16    64    676 
  14   17    29    306 
  14   18    68    723 
  14   19    28    297 
  14   20    67    710 
  14   21    66    700 
  14   22    61    647 
  14   23    64    681 
  14   24    23    244 
  14   25    68    723 
  14   26    50    537 
  14   27    58    618 
  14   28    47    506 
  14   29    31    333 
  14   30    42    450 
  14   31    61    648 
  14   32    31    335 
  14   33    30    323 
  14   34    53    561 
  14   35    60    633 
  14   36    35    376 
  14   37    74    783 
  14   38    49    519 
  14   39    22    239 
  14   40    39    420 
  14   41    66    702 
  14   42    75    796 
  14   43    35    377 
  14   44    70    739 
  14   45    63    671 
  14   46    32    346 
  14   47    22    240 
  14   48    22    232 
  14   49    61    646 
  15    0    50    530 
  15    1    65    694 
  15    2    55    581 
  15    3    39    412 
  15    4    51    545 
  15    5    55    588 
  15    6    47    501 
  15    7    63    674 
  15    8    54    579 
  15    9    69    730 
  15   10    31    332 
  15   11    41    436 
  15   12    19    209 
  15   13    50    533 
  15   14    24    254 
  15   15    60    633 
  15   16    26    276 
  15   17    62    656 
  15   18    19    204 
  15   19    59    632 
  15   20    22    241 
  15   21    21    222 
  15   22    56    591 
  15   23    24    254 
  15   24    38    408 
  15   25    40    424 
  15   26    66    703 
  15   27    31    327 
  15   28    66    705 
  15   29    28    305 
  15   30    28    305 
  15   31    19    210 
  15   32    22    242 
  15   33    39    414 
  15   34    72    769 
  15   35    51    544 
  15   36    57    604 
  15   37    59    627 
  15   38    25    265 
  15   39    37    392 
  15   40    55    582 
  15   41    34    362 
  15   42    47    500 
  15   43    19    203 
  15   44    45    475 
  15   45    47    500 
  15   46    61    645 
  15   47    59    628 
  15   48    48    516 
  15   49    61    646 
  16    0    47    505 
  16    1    45    482 
  16    2    38    410 
  16    3    44    470 
  16    4    31    333 
  16    5    29    314 
  16    6    26    281 
  16    7    56    599 
  16    8    21    222 
  16    9    48    512 
  16   10    61    645 
  16   11    23    247 
  16   12    41    440 
  16   13    40    425 
  16   14    20    218 
  16   15    58    616 
  16   16    62    661 
  16   17    61    649 
  16   18    23    245 
  16   19    53    563 
  16   20    53    563 
  16   21    68    726 
  16   22    60    643 
  16   23    70    746 
  16   24    65    695 
  16   25    31    329 
  16   26    40    430 
  16   27    28    305 
  16   28    47    503 
  16   29    71    756 
  16   30    30    321 
  16   31    73    774 
  16   32    44    464 
  16   33    46    486 
  16   34    37    396 
  16   35    48    507 
  16   36    51    538 
  16   37    34    361 
  16   38    54    579 
  16   39    44    467 
  16   40    43    454 
  16   41    55    587 
  16   42    37    394 
  16   43    29    312 
  16   44    53    568 
  16   45    71    756 
  16   46    57    611 
  16   47    50    535 
  16   48    42    447 
  16   49    24    254 
  17    0    58    618 
  17    1    26    279 
  17    2    62    664 
  17    3    34    359 
  17    4    40    423 
  17    5    58    618 
  17    6    49    517 
  17    7    29    307 
  17    8    43    459 
  17    9    40    423 
  17   10    31    329 
  17   11    39    414 
  17   12    36    385 
  17   13    26    281 
  17   14    63    672 
  17   15    43    457 
  17   16    71    750 
  17   17    22    232 
  17   18    61    653 
  17   19    57    605 
  17   20    68    719 
  17   21    64    678 
  17   22    58    615 
  17   23    73    775 
  17   24    44    471 
  17   25    54    573 
  17   26    30    323 
  17   27    21    222 
  17   28    21    222 
  17   29    56    596 
  17   30    46    488 
  17   31    67    710 
  17   32    44    474 
  17   33    30    323 
  17   34    47    506 
  17   35    45    479 
  17   36    25    264 
  17   37    74    789 
  17   38    61    652 
  17   39    24    255 
  17   40    28    300 
  17   41    72    762 
  17   42    68    719 
  17   43    63    673 
  17   44    29    307 
  17   45    40    432 
  17   46    35    378 
  17   47    54    570 
  17   48    48    511 
  17   49    25    266 
  18    0    75    797 
  18    1    51    547 
  18    2    21    222 
  18    3    63    665 
  18    4    73    774 
  18    5    73    776 
  18    6    70    748 
  18    7    21    229 
  18    8    55    585 
  18    9    67    714 
  18   10    34    367 
  18   11    20    213 
  18   12    43    462 
  18   13    61    651 
  18   14    30    318 
  18   15    39    416 
  18   16    61    649 
  18   17    61    649 
  18   18    34    359 
  18   19    46    488 
  18   20    74    788 
  18   21    54    576 
  18   22    25    272 
  18   23    70    747 
  18   24    46    487 
  18   25    31    327 
  18   26    37    398 
  18   27    59    623 
  18   28    54    572 
  18   29    35    373 
  18   30    45    478 
  18   31    62    662 
  18   32    45    478 
  18   33    39    417 
  18   34    19    209 
  18   35    64    681 
  18   36    22    235 
  18   37    22    234 
  18   38    74    787 
  18   39    67    707 
  18   40    50    529 
  18   41    36    387 
  18   42    35    376 
  18   43    26    277 
  18   44    23    244 
  18   45    53    565 
  18   46    33    349 
  18   47    64    684 
  18   48    19    204 
  18   49    56    593 
  19    0    65    694 
  19    1    34    366 
  19    2    47    499 
  19    3    47    496 
  19    4    36    385 
  19    5    74    782 
  19    6    57    604 
  19    7    44    468 
  19    8    23    243 
  19    9    46    495 
  19   10    58    619 
  19   11    60    640 
  19   12    48    509 
  19   13    66    704 
  19   14    20    217 
  19   15    29    315 
  19   16    45    477 
  19   17    54    572 
  19   18    61    646 
  19   19    61    647 
  19   20    66    705 
  19   21    74    784 
  19   22    19    208 
  19   23    50    529 
  19   24    57    609 
  19   25    63    671 
  19   26    48    515 
  19   27    56    597 
  19   28    67    716 
  19   29    70    743 
  19   30    72    761 
  19   31    47    500 
  19   32    20    218 
  19   33    70    748 
  19   34    72    763 
  19   35    74    781 
  19   36    27    286 
  19   37    71    758 
  19   38    24    259 
  19   39    21    229 
  19   40    34    369 
  19   41    21    224 
  19   42    64    682 
  19   43    59    626 
  19   44    44    470 
  19   45    29    310 
  19   46    22    238 
  19   47    49    522 
  19   48    55    586 
  19   49    45    485 
  20    0    21    224 
  20    1    48    509 
  20    2    59    623 
  20    3    25    266 
  20    4    38    401 
  20    5    21    229 
  20    6    60    641 
  20    7    60    635 
  20    8    57    610 
  20    9    62    656 
  20   10    32    347 
  20   11    25    270 
  20   12    57    605 
  20   13    67    714 
  20   14    64    679 
  20   15    32    347 
  20   16    63    666 
  20   17    62    654 
  20   18    19    204 
  20   19    62    657 
  20   20    51    539 
  20   21    66    697 
  20   22    27    292 
  20   23    19    207 
  20   24    50    528 
  20   25    52    556 
  20   26    71    755 
  20   27    68    721 
  20   28    49    522 
  20   29    23    245 
  20   30    52    552 
  20   31    44    474 
  20   32    66    703 
  20   33    67    712 
  20   34    55    589 
  20   35    45    485 
  20   36    61    648 
  20   37    75    800 
  20   38    45    476 
  20   39    51    545 
  20   40    66    697 
  20   41    59    625 
  20   42    22    237 
  20   43    22    235 
  20   44    47    497 
  20   45    20    220 
  20   46    58    614 
  20   47    50    528 
  20   48    63    673 
  20   49    53    564 
  21    0    62    659 
  21    1    19    210 
  21    2    70    745 
  21    3    70    740 
  21    4    47    500 
  21    5    73    772 
  21    6    68    723 
  21    7    56    595 
  21    8    52    557 
  21    9    24    261 
  21   10    19    207 
  21   11    34    361 
  21   12    46    494 
  21   13    47    497 
  21   14    36    389 
  21   15    35    373 
  21   16    62    656 
  21   17    48    514 
  21   18    58    615 
  21   19    39    414 
  21   20    50    536 
  21   21    67    710 
  21   22    24    254 
  21   23    65    695 
  21   24    44    474 
  21   25    47    497 
  21   26    33    353 
  21   27    28    301 
  21   28    52    554 
  21   29    20    213 
  21   30    53    562 
  21   31    38    411 
  21   32    30    322 
  21   33    44    468 
  21   34    48    512 
  21   35    52    555 
  21   36    44    464 
  21   37    68    719 
  21   38    19    205 
  21   39    61    649 
  21   40    51    543 
  21   41    30    320 
  21   42    26    275 
  21   43    42    443 
  21   44    66    700 
  21   45    74    787 
  21   46    20    216 
  21   47    38    409 
  21   48    21    227 
  21   49    35    375 
  22    0    52    556 
  22    1    70    744 
  22    2    73    780 
  22    3    43    458 
  22    4    40    423 
  22    5    45    484 
  22    6    47    496 
  22    7    67    715 
  22    8    40    423 
  22    9    26    278 
  22   10    45    485 
  22   11    30    318 
  22   12    56    597 
  22   13    30    326 
  22   14    23    246 
  22   15    72    768 
  22   16    73    772 
  22   17    22    234 
  22   18    57    604 
  22   19    50    530 
  22   20    51    543 
  22   21    61    648 
  22   22    41    438 
  22   23    55    580 
  22   24    22    239 
  22   25    42    448 
  22   26    29    306 
  22   27    29    309 
  22   28    38    408 
  22   29    23    245 
  22   30    19    202 
  22   31    46    495 
  22   32    48    513 
  22   33    53    561 
  22   34    61    649 
  22   35    53    565 
  22   36    70    744 
  22   37    19    208 
  22   38    30    320 
  22   39    26    275 
  22   40    37    397 
  22   41    19    201 
  22   42    22    241 
  22   43    49    518 
  22   44    60    642 
  22   45    22    232 
  22   46    51    547 
  22   47    48    508 
  22   48    61    645 
  22   49    26    283 
  23    0    57    610 
  23    1    61    648 
  23    2    45    478 
  23    3    49    520 
  23    4    22    239 
  23    5    49    520 
  23    6    26    284 
  23    7    54    572 
  23    8    39    416 
  23    9    31    336 
  23   10    71    759 
  23   11    50    536 
  23   12    51    543 
  23   13    42    450 
  23   14    51    541 
  23   15    31    333 
  23   16    62    661 
  23   17    23    249 
  23   18    36    384 
  23   19    37    394 
  23   20    49    517 
  23   21    50    531 
  23   22    57    611 
  23   23    60    642 
  23   24    66    706 
  23   25    40    422 
  23   26    42    451 
  23   27    29    309 
  23   28    68    720 
  23   29    36    382 
  23   30    22    237 
  23   31    50    532 
  23   32    56    597 
  23   33    53    560 
  23   34    44    465 
  23   35    45    477 
  23   36    49    518 
  23   37    27    287 
  23   38    30    323 
  23   39    48    510 
  23   40    44    468 
  23   41    55    586 
  23   42    35    376 
  23   43    39    415 
  23   44    23    251 
  23   45    53    559 
  23   46    73    770 
  23   47    37    396 
  23   48    47    500 
  23   49    71    755 
  24    0    46    487 
  24    1    37    395 
  24    2    73    778 
  24    3    42    447 
  24    4    55    584 
  24    5    74    787 
  24    6    69    731 
  24    7    73    772 
  24    8    27    290 
  24    9    42    450 
  24   10    22    240 
  24   11    24    256 
  24   12    28    299 
  24   13    56    594 
  24   14    72    763 
  24   15    27    285 
  24   16    23    246 
  24   17    44    472 
  24   18    32    339 
  24   19    38    405 
  24   20    29    313 
  24   21    42    452 
  24   22    55    582 
  24   23    40    423 
  24   24    35    373 
  24   25    53    559 
  24   26    72    762 
  24   27    54    577 
  24   28    43    455 
  24   29    30    325 
  24   30    58    616 
  24   31    23    253 
  24   32    56    595 
  24   33    69    733 
  24   34    67    714 
  24   35    28    303 
  24   36    70    741 
  24   37    27    290 
  24   38    20    217 
  24   39    69    728 
  24   40    56    600 
  24   41    54    572 
  24   42    31    336 
  24   43    67    715 
  24   44    37    398 
  24   45    57    608 
  24   46    25    266 
  24   47    60    640 
  24   48    34    366 
  24   49    72    766 
  25    0    19    208 
  25    1    29    312 
  25    2    27    285 
  25    3    40    432 
  25    4    39    412 
  25    5    32    347 
  25    6    51    546 
  25    7    39    413 
  25    8    41    434 
  25    9    33    350 
  25   10    39    415 
  25   11    72    768 
  25   12    61    651 
  25   13    42    453 
  25   14    40    424 
  25   15    47    496 
  25   16    22    235 
  25   17    74    784 
  25   18    62    660 
  25   19    45    476 
  25   20    38    402 
  25   21    30    325 
  25   22    23    247 
  25   23    28    303 
  25   24    39    412 
  25   25    57    605 
  25   26    45    483 
  25   27    49    526 
  25   28    43    462 
  25   29    59    623 
  25   30    61    653 
  25   31    66    706 
  25   32    57    609 
  25   33    37    395 
  25   34    54    571 
  25   35    33    348 
  25   36    63    665 
  25   37    72    763 
  25   38    57    606 
  25   39    34    361 
  25   40    57    608 
  25   41    68    727 
  25   42    56    595 
  25   43    38    407 
  25   44    36    385 
  25   45    29    308 
  25   46    51    546 
  25   47    21    231 
  25   48    67    714 
  25   49    19    208 
  26    0    26    280 
  26    1    39    421 
  26    2    21    230 
  26    3    34    366 
  26    4    64    675 
  26    5    44    470 
  26    6    72    768 
  26    7    60    636 
  26    8    49    523 
  26    9    45    481 
  26   10    41    440 
  26   11    62    655 
  26   12    51    538 
  26   13    54    578 
  26   14    48    515 
  26   15    53    561 
  26   16    67    713 
  26   17    24    256 
  26   18    60    639 
  26   19    51    545 
  26   20    41    438 
  26   21    74    788 
  26   22    75    800 
  26   23    50    531 
  26   24    68    725 
  26   25    48    513 
  26   26    58    621 
  26   27    75    792 
  26   28    45    478 
  26   29    48    510 
  26   30    20    213 
  26   31    60    641 
  26   32    74    785 
  26   33    52    557 
  26   34    52    558 
  26   35    44    464 
  26   36    49    524 
  26   37    39    412 
  26   38    70    739 
  26   39    41    435 
  26   40    25    270 
  26   41    72    764 
  26   42    59    629 
  26   43    43    463 
  26   44    53    567 
  26   45    33    351 
  26   46    32    342 
  26   47    73    777 
  26   48    20    219 
  26   49    64    680 
  27    0    32    344 
  27    1    26    280 
  27    2    41    442 
  27    3    28    297 
  27    4    20    220 
  27    5    42    452 
  27    6    49    525 
  27    7    37    394 
  27    8    74    781 
  27    9    41    437 
  27   10    51    540 
  27   11    68    727 
  27   12    30    326 
  27   13    25    267 
  27   14    37    399 
  27   15    55    585 
  27   16    54    575 
  27   17    67    714 
  27   18    41    438 
  27   19    65    691 
  27   20    25    269 
  27   21    57    604 
  27   22    36    382 
  27   23    58    615 
  27   24    31    333 
  27   25    31    333 
  27   26    24    259 
  27   27    59    623 
  27   28    21    223 
  27   29    20    214 
  27   30    22    235 
  27   31    74    783 
  27   32    52    553 
  27   33    48    512 
  27   34    28    304 
  27   35    74    784 
  27   36    38    405 
  27   37    68    721 
  27   38    69    728 
  27   39    40    427 
  27   40    37    397 
  27   41    62    656 
  27   42    64    676 
  27   43    26    276 
  27   44    53    562 
  27   45    39    416 
  27   46    37    392 
  27   47    34    360 
  27   48    46    493 
  27   49    23    253 
  28    0    32    347 
  28    1    33    354 
  28    2    40    428 
  28    3    30    323 
  28    4    36    383 
  28    5    62    661 
  28    6    48    514 
  28    7    75    799 
  28    8    23    246 
  28    9    74    784 
  28   10    20    218 
  28   11    75    795 
  28   12    36    382 
  28   13    48    510 
  28   14    30    317 
  28   15    73    777 
  28   16    48    512 
  28   17    53    563 
  28   18    47    496 
  28   19    35    377 
  28   20    24    254 
  28   21    54    573 
  28   22    32    341 
  28   23    45    476 
  28   24    65    694 
  28   25    63    666 
  28   26    36    381 
  28   27    32    341 
  28   28    56    593 
  28   29    46    493 
  28   30    60    635 
  28   31    55    587 
  28   32    38    409 
  28   33    53    562 
  28   34    19    201 
  28   35    35    376 
  28   36    42    446 
  28   37    43    454 
  28   38    71    749 
  28   39    47    499 
  28   40    69    737 
  28   41    23    252 
  28   42    64    679 
  28   43    60    641 
  28   44    33    352 
  28   45    50    537 
  28   46    32    340 
  28   47    27    285 
  28   48    52    554 
  28   49    62    664 
  29    0    47    499 
  29    1    65    693 
  29    2    20    211 
  29    3    57    603 
  29    4    66    701 
  29    5    27    290 
  29    6    59    626 
  29    7    37    395 
  29    8    40    426 
  29    9    60    639 
  29   10    52    557 
  29   11    51    548 
  29   12    54    570 
  29   13    38    404 
  29   14    31    328 
  29   15    68    724 
  29   16    60    643 
  29   17    35    379 
  29   18    74    785 
  29   19    31    328 
  29   20    68    726 
  29   21    68    720 
  29   22    64    676 
  29   23    50    532 
  29   24    69    734 
  29   25    37    394 
  29   26    75    796 
  29   27    51    546 
  29   28    22    234 
  29   29    55    581 
  29   30    38    403 
  29   31    59    625 
  29   32    65    688 
  29   33    29    315 
  29   34    22    235 
  29   35    74    787 
  29   36    45    478 
  29   37    42    449 
  29   38    37    395 
  29   39    37    396 
  29   40    65    689 
  29   41    70    739 
  29   42    48    515 
  29   43    55    585 
  29   44    25    265 
  29   45    72    761 
  29   46    63    665 
  29   47    75    797 
  29   48    31    332 
  29   49    38    410 
  30    0    73    770 
  30    1    70    748 
  30    2    55    584 
  30    3    26    279 
  30    4    61    647 
  30    5    73    776 
  30    6    33    352 
  30    7    69    733 
  30    8    27    293 
  30    9    60    634 
  30   10    32    347 
  30   11    67    714 
  30   12    52    550 
  30   13    53    559 
  30   14    40    426 
  30   15    36    381 
  30   16    57    607 
  30   17    60    634 
  30   18    27    292 
  30   19    60    640 
  30   20    65    695 
  30   21    67    708 
  30   22    24    255 
  30   23    47    505 
  30   24    37    398 
  30   25    72    764 
  30   26    40    423 
  30   27    22    241 
  30   28    57    609 
  30   29    74    786 
  30   30    26    278 
  30   31    25    266 
  30   32    37    392 
  30   33    27    294 
  30   34    51    543 
  30   35    31    331 
  30   36    26    283 
  30   37    64    684 
  30   38    69    738 
  30   39    31    335 
  30   40    46    495 
  30   41    72    766 
  30   42    48    507 
  30   43    54    578 
  30   44    70    745 
  30   45    62    654 
  30   46    19    205 
  30   47    27    290 
  30   48    72    764 
  30   49    68    723 
  31    0    58    618 
  31    1    48    508 
  31    2    61    649 
  31    3    42    453 
  31    4    26    276 
  31    5    71    749 
  31    6    52    550 
  31    7    53    568 
  31    8    61    653 
  31    9    34    366 
  31   10    49    523 
  31   11    66    697 
  31   12    23    247 
  31   13    44    464 
  31   14    32    338 
  31   15    32    341 
  31   16    63    671 
  31   17    72    760 
  31   18    56    597 
  31   19    59    632 
  31   20    55    590 
  31   21    62    660 
  31   22    33    356 
  31   23    46    488 
  31   24    39    420 
  31   25    59    632 
  31   26    36    389 
  31   27    71    758 
  31   28    52    549 
  31   29    72    761 
  31   30    74    789 
  31   31    25    271 
  31   32    19    205 
  31   33    73    777 
  31   34    44    466 
  31   35    28    296 
  31   36    34    369 
  31   37    24    258 
  31   38    66    704 
  31   39    74    782 
  31   40    66    702 
  31   41    74    789 
  31   42    27    285 
  31   43    23    246 
  31   44    49    526 
  31   45    65    694 
  31   46    64    685 
  31   47    33    355 
  31   48    24    259 
  31   49    19    209 
  32    0    64    683 
  32    1    34    369 
  32    2    41    441 
  32    3    26    277 
  32    4    39    417 
  32    5    64    675 
  32    6    44    474 
  32    7    30    324 
  32    8    22    236 
  32    9    40    429 
  32   10    36    390 
  32   11    70    744 
  32   12    19    205 
  32   13    75    797 
  32   14    35    371 
  32   15    34    359 
  32   16    52    557 
  32   17    28    298 
  32   18    42    443 
  32   19    34    365 
  32   20    33    349 
  32   21    56    597 
  32   22    69    738 
  32   23    46    493 
  32   24    32    346 
  32   25    35    376 
  32   26    24    262 
  32   27    40    423 
  32   28    65    693 
  32   29    25    271 
  32   30    75    795 
  32   31    19    206 
  32   32    71    752 
  32   33    52    556 
  32   34    71    751 
  32   35    75    800 
  32   36    62    659 
  32   37    28    296 
  32   38    28    304 
  32   39    24    262 
  32   40    60    637 
  32   41    72    765 
  32   42    47    498 
  32   43    50    537 
  32   44    66    699 
  32   45    32    338 
  32   46    67    714 
  32   47    72    760 
  32   48    28    305 
  32   49    49    518 
  33    0    33    358 
  33    1    28    296 
  33    2    53    564 
  33    3    20    219 
  33    4    41    438 
  33    5    45    485 
  33    6    39    412 
  33    7    45    484 
  33    8    56    591 
  33    9    38    411 
  33   10    25    267 
  33   11    73    780 
  33   12    30    326 
  33   13    43    461 
  33   14    28    301 
  33   15    34    363 
  33   16    47    496 
  33   17    63    666 
  33   18    75    797 
  33   19    50    537 
  33   20    24    256 
  33   21    36    390 
  33   22    64    682 
  33   23    41    434 
  33   24    61    651 
  33   25    44    471 
  33   26    34    369 
  33   27    38    408 
  33   28    64    680 
  33   29    44    470 
  33   30    49    523 
  33   31    41    439 
  33   32    22    242 
  33   33    61    650 
  33   34    30    325 
  33   35    63    667 
  33   36    47    505 
  33   37    23    244 
  33   38    64    681 
  33   39    61    649 
  33   40    26    277 
  33   41    58    617 
  33   42    23    244 
  33   43    28    296 
  33   44    28    299 
  33   45    28    304 
  33   46    49    517 
  33   47    74    787 
  33   48    65    692 
  33   49    71    750 
  34    0    28    299 
  34    1    66    703 
  34    2    74    786 
  34    3    55    582 
  34    4    20    212 
  34    5    52    556 
  34    6    33    348 
  34    7    37    397 
  34    8    66    701 
  34    9    55    584 
  34   10    40    424 
  34   11    51    547 
  34   12    67    709 
  34   13    43    456 
  34   14    48    514 
  34   15    24    260 
  34   16    45    484 
  34   17    64    680 
  34   18    54    572 
  34   19    60    641 
  34   20    62    661 
  34   21    57    607 
  34   22    68    726 
  34   23    41    440 
  34   24    28    303 
  34   25    69    736 
  34   26    73    780 
  34   27    46    487 
  34   28    38    411 
  34   29    67    708 
  34   30    21    222 
  34   31    53    559 
  34   32    45    484 
  34   33    46    487 
  34   34    37    395 
  34   35    31    333 
  34   36    46    495 
  34   37    40    422 
  34   38    49    527 
  34   39    21    226 
  34   40    75    794 
  34   41    27    287 
  34   42    22    239 
  34   43    22    234 
  34   44    23    248 
  34   45    34    363 
  34   46    62    659 
  34   47    42    451 
  34   48    39    418 
  34   49    61    644 
  35    0    38    410 
  35    1    67    709 
  35    2    35    376 
  35    3    40    429 
  35    4    60    633 
  35    5    58    619 
  35    6    48    508 
  35    7    53    565 
  35    8    43    456 
  35    9    19    207 
  35   10    35    370 
  35   11    22    233 
  35   12    35    374 
  35   13    24    262 
  35   14    58    621 
  35   15    37    391 
  35   16    66    697 
  35   17    55    585 
  35   18    24    256 
  35   19    24    262 
  35   20    31    331 
  35   21    53    562 
  35   22    69    736 
  35   23    30    318 
  35   24    49    526 
  35   25    45    483 
  35   26    50    529 
  35   27    25    265 
  35   28    40    426 
  35   29    22    236 
  35   30    73    780 
  35   31    25    265 
  35   32    42    447 
  35   33    57    610 
  35   34    56    598 
  35   35    45    477 
  35   36    42    450 
  35   37    42    445 
  35   38    59    626 
  35   39    46    493 
  35   40    52    555 
  35   41    64    682 
  35   42    36    381 
  35   43    35    379 
  35   44    25    274 
  35   45    67    717 
  35   46    56    601 
  35   47    44    473 
  35   48    66    699 
  35   49    68    725 
  36    0    26    278 
  36    1    56    591 
  36    2    59    630 
  36    3    27    294 
  36    4    57    602 
  36    5    68    722 
  36    6    28    304 
  36    7    68    718 
  36    8    42    451 
  36    9    54    579 
  36   10    70    747 
  36   11    49    519 
  36   12    41    436 
  36   13    22    238 
  36   14    68    726 
  36   15    39    417 
  36   16    52    551 
  36   17    50    533 
  36   18    29    316 
  36   19    47    498 
  36   20    46    495 
  36   21    47    496 
  36   22    57    610 
  36   23    65    688 
  36   24    59    632 
  36   25    61    647 
  36   26    51    541 
  36   27    42    445 
  36   28    66    697 
  36   29    30    317 
  36   30    45    484 
  36   31    61    647 
  36   32    27    289 
  36   33    43    459 
  36   34    19    209 
  36   35    46    492 
  36   36    53    565 
  36   37    19    206 
  36   38    50    536 
  36   39    22    240 
  36   40    54    576 
  36   41    21    231 
  36   42    66    701 
  36   43    44    465 
  36   44    39    414 
  36   45    52    551 
  36   46    40    429 
  36   47    44    474 
  36   48    49    521 
  36   49    65    691 
  37    0    31    328 
  37    1    20    220 
  37    2    56    599 
  37    3    69    735 
  37    4    27    289 
  37    5    39    420 
  37    6    56    598 
  37    7    56    592 
  37    8    51    546 
  37    9    45    485 
  37   10    56    599 
  37   11    57    604 
  37   12    50    533 
  37   13    19    206 
  37   14    23    245 
  37   15    38    405 
  37   16    20    211 
  37   17    21    227 
  37   18    23    244 
  37   19    60    639 
  37   20    73    773 
  37   21    67    715 
  37   22    46    493 
  37   23    24    261 
  37   24    27    291 
  37   25    52    558 
  37   26    57    608 
  37   27    73    775 
  37   28    66    705 
  37   29    40    432 
  37   30    37    394 
  37   31    71    758 
  37   32    52    557 
  37   33    37    400 
  37   34    51    548 
  37   35    55    580 
  37   36    51    546 
  37   37    30    324 
  37   38    52    553 
  37   39    61    651 
  37   40    25    265 
  37   41    42    452 
  37   42    33    355 
  37   43    34    367 
  37   44    49    520 
  37   45    64    677 
  37   46    53    563 
  37   47    34    364 
  37   48    49    527 
  37   49    41    434 
  38    0    42    447 
  38    1    71    755 
  38    2    39    418 
  38    3    72    765 
  38    4    55    590 
  38    5    48    508 
  38    6    31    328 
  38    7    70    745 
  38    8    31    331 
  38    9    27    294 
  38   10    38    410 
  38   11    47    500 
  38   12    24    257 
  38   13    51    538 
  38   14    72    768 
  38   15    32    345 
  38   16    32    341 
  38   17    20    214 
  38   18    38    406 
  38   19    41    436 
  38   20    35    374 
  38   21    32    347 
  38   22    19    202 
  38   23    59    623 
  38   24    64    685 
  38   25    53    569 
  38   26    53    568 
  38   27    54    579 
  38   28    67    713 
  38   29    60    637 
  38   30    43    455 
  38   31    31    336 
  38   32    28    305 
  38   33    31    327 
  38   34    74    784 
  38   35    38    405 
  38   36    49    517 
  38   37    49    518 
  38   38    40    432 
  38   39    70    747 
  38   40    70    743 
  38   41    45    477 
  38   42    31    334 
  38   43    75    798 
  38   44    67    712 
  38   45    70    748 
  38   46    61    652 
  38   47    37    395 
  38   48    53    564 
  38   49    22    234 
  39    0    46    494 
  39    1    73    777 
  39    2    70    740 
  39    3    73    770 
  39    4    54    578 
  39    5    45    478 
  39    6    19    209 
  39    7    25    268 
  39    8    61    650 
  39    9    42    452 
  39   10    56    599 
  39   11    25    267 
  39   12    42    445 
  39   13    42    448 
  39   14    43    455 
  39   15    48    516 
  39   16    57    603 
  39   17    20    212 
  39   18    73    780 
  39   19    73    780 
  39   20    18    200 
  39   21    38    403 
  39   22    36    382 
  39   23    42    444 
  39   24    74    781 
  39   25    45    485 
  39   26    69    733 
  39   27    28    300 
  39   28    50    533 
  39   29    30    326 
  39   30    66    703 
  39   31    20    217 
  39   32    62    655 
  39   33    64    677 
  39   34    68    726 
  39   35    54    577 
  39   36    61    653 
  39   37    74    789 
  39   38    31    336 
  39   39    72    763 
  39   40    75    795 
  39   41    73    770 
  39   42    33    354 
  39   43    71    753 
  39   44    31    327 
  39   45    43    461 
  39   46    35    377 
  39   47    21    230 
  39   48    22    234 
  39   49    66    697 
  40    0    48    514 
  40    1    22    236 
  40    2    36    382 
  40    3    20    217 
  40    4    19    207 
  40    5    36    384 
  40    6    33    356 
  40    7    73    775 
  40    8    36    380 
  40    9    53    561 
  40   10    32    345 
  40   11    32    343 
  40   12    54    572 
  40   13    19    208 
  40   14    22    241 
  40   15    29    312 
  40   16    74    783 
  40   17    51    540 
  40   18    55    580 
  40   19    55    589 
  40   20    35    375 
  40   21    20    219 
  40   22    29    306 
  40   23    72    765 
  40   24    31    336 
  40   25    55    586 
  40   26    75    796 
  40   27    71    755 
  40   28    48    507 
  40   29    29    311 
  40   30    72    769 
  40   31    44    472 
  40   32    26    284 
  40   33    27    287 
  40   34    48    507 
  40   35    71    753 
  40   36    29    309 
  40   37    61    644 
  40   38    22    233 
  40   39    65    695 
  40   40    24    258 
  40   41    44    467 
  40   42    32    344 
  40   43    67    715 
  40   44    29    316 
  40   45    38    409 
  40   46    24    258 
  40   47    36    390 
  40   48    64    678 
  40   49    23    253 
  41    0    43    463 
  41    1    21    228 
  41    2    61    648 
  41    3    53    561 
  41    4    37    397 
  41    5    44    464 
  41    6    70    740 
  41    7    62    661 
  41    8    38    411 
  41    9    56    600 
  41   10    41    440 
  41   11    57    606 
  41   12    65    693 
  41   13    21    227 
  41   14    54    572 
  41   15    20    211 
  41   16    34    369 
  41   17    57    607 
  41   18    25    273 
  41   19    49    520 
  41   20    74    781 
  41   21    65    695 
  41   22    49    518 
  41   23    44    468 
  41   24    67    709 
  41   25    56    600 
  41   26    44    468 
  41   27    24    261 
  41   28    58    617 
  41   29    31    327 
  41   30    35    376 
  41   31    48    513 
  41   32    36    387 
  41   33    65    694 
  41   34    52    553 
  41   35    24    262 
  41   36    55    590 
  41   37    45    480 
  41   38    74    783 
  41   39    65    695 
  41   40    70    741 
  41   41    22    241 
  41   42    66    702 
  41   43    46    492 
  41   44    40    431 
  41   45    53    559 
  41   46    21    228 
  41   47    48    516 
  41   48    62    655 
  41   49    49    522 
  42    0    55    590 
  42    1    63    668 
  42    2    34    360 
  42    3    28    298 
  42    4    61    648 
  42    5    41    434 
  42    6    42    452 
  42    7    69    732 
  42    8    62    660 
  42    9    26    275 
  42   10    42    452 
  42   11    68    725 
  42   12    31    330 
  42   13    29    308 
  42   14    39    414 
  42   15    38    402 
  42   16    74    785 
  42   17    63    670 
  42   18    21    228 
  42   19    39    418 
  42   20    48    515 
  42   21    65    690 
  42   22    55    588 
  42   23    28    304 
  42   24    33    348 
  42   25    39    412 
  42   26    21    228 
  42   27    48    507 
  42   28    67    708 
  42   29    20    218 
  42   30    46    489 
  42   31    42    448 
  42   32    28    305 
  42   33    68    723 
  42   34    19    210 
  42   35    42    447 
  42   36    56    601 
  42   37    52    553 
  42   38    56    598 
  42   39    69    738 
  42   40    56    596 
  42   41    21    229 
  42   42    49    520 
  42   43    25    264 
  42   44    56    596 
  42   45    73    771 
  42   46    55    587 
  42   47    22    232 
  42   48    54    571 
  42   49    26    283 
  43    0    28    304 
  43    1    69    732 
  43    2    39    416 
  43    3    66    699 
  43    4    21    224 
  43    5    58    615 
  43    6    61    645 
  43    7    34    366 
  43    8    71    755 
  43    9    53    560 
  43   10    33    349 
  43   11    69    735 
  43   12    49    518 
  43   13    67    709 
  43   14    59    627 
  43   15    42    447 
  43   16    72    767 
  43   17    74    790 
  43   18    22    241 
  43   19    35    379 
  43   20    35    377 
  43   21    31    329 
  43   22    59    625 
  43   23    62    657 
  43   24    18    200 
  43   25    28    300 
  43   26    21    226 
  43   27    59    627 
  43   28    55    585 
  43   29    52    554 
  43   30    36    380 
  43   31    44    469 
  43   32    66    696 
  43   33    57    605 
  43   34    59    624 
  43   35    43    462 
  43   36    49    526 
  43   37    43    460 
  43   38    40    423 
  43   39    50    535 
  43   40    66    697 
  43   41    48    512 
  43   42    68    724 
  43   43    75    792 
  43   44    37    398 
  43   45    49    519 
  43   46    65    689 
  43   47    36    388 
  43   48    73    771 
  43   49    31    334 
  44    0    51    548 
  44    1    68    720 
  44    2    75    800 
  44    3    46    486 
  44    4    23    252 
  44    5    71    758 
  44    6    44    467 
  44    7    57    607 
  44    8    23    250 
  44    9    38    405 
  44   10    66    696 
  44   11    59    627 
  44   12    39    415 
  44   13    60    636 
  44   14    22    238 
  44   15    63    670 
  44   16    50    533 
  44   17    29    314 
  44   18    49    522 
  44   19    42    448 
  44   20    68    723 
  44   21    56    600 
  44   22    34    369 
  44   23    38    405 
  44   24    24    258 
  44   25    59    627 
  44   26    39    418 
  44   27    33    355 
  44   28    28    298 
  44   29    33    357 
  44   30    28    302 
  44   31    40    424 
  44   32    23    248 
  44   33    27    294 
  44   34    37    398 
  44   35    20    214 
  44   36    19    201 
  44   37    43    462 
  44   38    64    685 
  44   39    27    291 
  44   40    41    437 
  44   41    32    341 
  44   42    25    271 
  44   43    35    372 
  44   44    62    659 
  44   45    62    663 
  44   46    23    253 
  44   47    54    578 
  44   48    62    654 
  44   49    28    304 
  45    0    37    392 
  45    1    31    334 
  45    2    49    517 
  45    3    45    478 
  45    4    48    507 
  45    5    49    526 
  45    6    28    297 
  45    7    75    793 
  45    8    45    480 
  45    9    20    211 
  45   10    75    791 
  45   11    28    296 
  45   12    46    489 
  45   13    23    247 
  45   14    68    723 
  45   15    75    794 
  45   16    40    428 
  45   17    34    359 
  45   18    35    379 
  45   19    75    795 
  45   20    53    559 
  45   21    48    509 
  45   22    66    703 
  45   23    36    385 
  45   24    69    729 
  45   25    67    716 
  45   26    21    228 
  45   27    27    293 
  45   28    40    422 
  45   29    48    515 
  45   30    47    496 
  45   31    50    532 
  45   32    60    638 
  45   33    26    275 
  45   34    56    594 
  45   35    47    500 
  45   36    44    467 
  45   37    74    783 
  45   38    27    295 
  45   39    60    635 
  45   40    49    517 
  45   41    43    458 
  45   42    51    547 
  45   43    58    615 
  45   44    67    715 
  45   45    36    383 
  45   46    20    211 
  45   47    34    359 
  45   48    27    294 
  45   49    34    365 
  46    0    67    710 
  46    1    50    534 
  46    2    55    584 
  46    3    49    519 
  46    4    28    305 
  46    5    21    224 
  46    6    41    437 
  46    7    53    560 
  46    8    34    369 
  46    9    29    316 
  46   10    48    510 
  46   11    29    311 
  46   12    32    346 
  46   13    41    441 
  46   14    75    798 
  46   15    19    208 
  46   16    58    612 
  46   17    25    266 
  46   18    56    601 
  46   19    69    728 
  46   20    73    771 
  46   21    39    413 
  46   22    36    389 
  46   23    58    616 
  46   24    66    706 
  46   25    39    416 
  46   26    52    552 
  46   27    19    201 
  46   28    71    757 
  46   29    66    704 
  46   30    28    296 
  46   31    35    371 
  46   32    53    562 
  46   33    36    387 
  46   34    40    424 
  46   35    73    770 
  46   36    44    474 
  46   37    38    404 
  46   38    46    488 
  46   39    38    409 
  46   40    26    284 
  46   41    47    498 
  46   42    42    443 
  46   43    58    619 
  46   44    38    402 
  46   45    68    727 
  46   46    64    675 
  46   47    71    758 
  46   48    28    303 
  46   49    69    732 
  47    0    50    537 
  47    1    39    421 
  47    2    63    668 
  47    3    41    441 
  47    4    50    535 
  47    5    32    347 
  47    6    31    336 
  47    7    39    421 
  47    8    24    254 
  47    9    73    776 
  47   10    67    714 
  47   11    53    567 
  47   12    62    657 
  47   13    54    577 
  47   14    56    600 
  47   15    63    669 
  47   16    47    505 
  47   17    63    672 
  47   18    22    241 
  47   19    57    608 
  47   20    65    693 
  47   21    49    518 
  47   22    42    447 
  47   23    42    449 
  47   24    49    518 
  47   25    23    247 
  47   26    43    463 
  47   27    56    597 
  47   28    34    367 
  47   29    22    238 
  47   30    55    588 
  47   31    57    605 
  47   32    25    273 
  47   33    48    510 
  47   34    58    620 
  47   35    62    660 
  47   36    75    798 
  47   37    22    238 
  47   38    35    376 
  47   39    58    615 
  47   40    47    500 
  47   41    37    400 
  47   42    39    412 
  47   43    21    223 
  47   44    41    433 
  47   45    38    410 
  47   46    23    253 
  47   47    56    596 
  47   48    42    449 
  47   49    48    514 
  48    0    30    326 
  48    1    21    229 
  48    2    53    561 
  48    3    62    659 
  48    4    41    437 
  48    5    23    246 
  48    6    28    305 
  48    7    29    314 
  48    8    50    530 
  48    9    70    744 
  48   10    22    236 
  48   11    32    341 
  48   12    37    397 
  48   13    54    577 
  48   14    54    570 
  48   15    57    608 
  48   16    21    230 
  48   17    19    202 
  48   18    62    660 
  48   19    67    707 
  48   20    55    583 
  48   21    26    280 
  48   22    31    327 
  48   23    31    327 
  48   24    66    696 
  48   25    19    208 
  48   26    65    694 
  48   27    21    225 
  48   28    56    591 
  48   29    48    507 
  48   30    58    613 
  48   31    21    229 
  48   32    45    476 
  48   33    73    777 
  48   34    73    777 
  48   35    62    664 
  48   36    47    502 
  48   37    68    725 
  48   38    35    373 
  48   39    36    383 
  48   40    43    461 
  48   41    37    397 
  48   42    59    625 
  48   43    69    734 
  48   44    42    453 
  48   45    27    292 
  48   46    44    467 
  48   47    32    340 
  48   48    23    247 
  48   49    22    235 
  49    0    44    472 
  49    1    70    744 
  49    2    47    498 
  49    3    29    314 
  49    4    32    345 
  49    5    22    232 
  49    6    19    208 
  49    7    75    795 
  49    8    40    425 
  49    9    19    205 
  49   10    52    555 
  49   11    52    555 
  49   12    24    263 
  49   13    54    570 
  49   14    55    582 
  49   15    71    754 
  49   16    73    778 
  49   17    73    774 
  49   18    34    361 
  49   19    74    783 
  49   20    48    511 
  49   21    22    238 
  49   22    62    659 
  49   23    23    245 
  49   24    29    311 
  49   25    54    573 
  49   26    33    348 
  49   27    68    726 
  49   28    64    684 
  49   29    36    386 
  49   30    37    392 
  49   31    19    202 
  49   32    55    586 
  49   33    57    605 
  49   34    26    278 
  49   35    26    281 
  49   36    38    410 
  49   37    33    349 
  49   38    45    483 
  49   39    72    765 
  49   40    62    654 
  49   41    29    307 
  49   42    34    359 
  49   43    72    761 
  49   44    57    602 
  49   45    67    707 
  49   46    45    480 
  49   47    43    463 
  49   48    57    609 
  49   49    65    686 
