 50
 50

    7
    7
    8
    3
    5
   16
   15
   11
   18
    6
   12
   10
   10
   10
    6
   12
   16
    5
    9
   16
   12
   15
   10
   20
    6
   20
    4
   11
    2
    4
    5
    5
   12
   10
   15
    5
    3
   18
   13
   12
    7
   20
    6
    3
   16
    9
    3
    3
   18
    3

    8
   10
   15
    7
    1
   16
   14
    8
    3
   14
    8
   17
    9
   12
    2
   18
    7
    7
    6
    1
    9
    9
   19
    8
    7
   14
    7
   10
   15
   18
   18
    6
    1
   17
    9
    1
    4
   16
   17
   12
   20
   11
   14
    6
   12
    8
   14
    3
    1
    3

   0    0    25    254 
   0    1    37    369 
   0    2    41    415 
   0    3    78    784 
   0    4    69    686 
   0    5    55    556 
   0    6    53    535 
   0    7    53    533 
   0    8    38    385 
   0    9    28    286 
   0   10    45    453 
   0   11    68    680 
   0   12    76    765 
   0   13    57    576 
   0   14    74    736 
   0   15    54    541 
   0   16    69    690 
   0   17    48    486 
   0   18    33    331 
   0   19    24    241 
   0   20    37    374 
   0   21    73    730 
   0   22    59    595 
   0   23    27    272 
   0   24    39    389 
   0   25    67    674 
   0   26    27    269 
   0   27    54    537 
   0   28    27    274 
   0   29    74    744 
   0   30    67    669 
   0   31    22    221 
   0   32    51    512 
   0   33    66    658 
   0   34    51    508 
   0   35    45    455 
   0   36    53    534 
   0   37    49    491 
   0   38    60    604 
   0   39    67    670 
   0   40    32    323 
   0   41    65    650 
   0   42    23    237 
   0   43    33    337 
   0   44    26    265 
   0   45    45    450 
   0   46    74    744 
   0   47    47    473 
   0   48    51    509 
   0   49    58    584 
   1    0    48    479 
   1    1    78    784 
   1    2    55    548 
   1    3    60    603 
   1    4    52    526 
   1    5    28    286 
   1    6    29    298 
   1    7    64    640 
   1    8    63    632 
   1    9    29    297 
   1   10    58    580 
   1   11    30    303 
   1   12    21    212 
   1   13    74    739 
   1   14    37    370 
   1   15    26    266 
   1   16    58    585 
   1   17    25    252 
   1   18    74    737 
   1   19    21    214 
   1   20    55    551 
   1   21    50    502 
   1   22    67    667 
   1   23    25    249 
   1   24    32    325 
   1   25    76    761 
   1   26    28    284 
   1   27    47    470 
   1   28    65    653 
   1   29    72    717 
   1   30    66    656 
   1   31    68    685 
   1   32    63    636 
   1   33    33    329 
   1   34    50    499 
   1   35    35    350 
   1   36    72    723 
   1   37    49    494 
   1   38    60    601 
   1   39    37    370 
   1   40    36    360 
   1   41    79    787 
   1   42    64    642 
   1   43    37    376 
   1   44    68    685 
   1   45    77    775 
   1   46    29    292 
   1   47    24    241 
   1   48    77    772 
   1   49    43    437 
   2    0    26    263 
   2    1    80    797 
   2    2    52    518 
   2    3    23    236 
   2    4    46    467 
   2    5    80    799 
   2    6    21    210 
   2    7    54    537 
   2    8    38    379 
   2    9    56    560 
   2   10    43    435 
   2   11    45    451 
   2   12    37    372 
   2   13    46    465 
   2   14    35    351 
   2   15    66    656 
   2   16    75    753 
   2   17    62    620 
   2   18    50    506 
   2   19    60    597 
   2   20    45    456 
   2   21    30    308 
   2   22    33    331 
   2   23    44    439 
   2   24    80    797 
   2   25    31    310 
   2   26    79    793 
   2   27    62    620 
   2   28    39    389 
   2   29    69    687 
   2   30    62    618 
   2   31    65    649 
   2   32    55    548 
   2   33    37    375 
   2   34    49    491 
   2   35    27    271 
   2   36    22    219 
   2   37    27    270 
   2   38    29    297 
   2   39    60    605 
   2   40    77    775 
   2   41    69    691 
   2   42    27    273 
   2   43    79    790 
   2   44    61    609 
   2   45    72    716 
   2   46    35    350 
   2   47    49    490 
   2   48    70    702 
   2   49    62    617 
   3    0    55    551 
   3    1    72    718 
   3    2    50    499 
   3    3    50    498 
   3    4    47    475 
   3    5    61    613 
   3    6    29    294 
   3    7    38    384 
   3    8    33    337 
   3    9    38    385 
   3   10    39    389 
   3   11    65    653 
   3   12    27    273 
   3   13    50    505 
   3   14    45    452 
   3   15    42    423 
   3   16    35    350 
   3   17    45    455 
   3   18    35    356 
   3   19    46    467 
   3   20    70    702 
   3   21    68    681 
   3   22    29    296 
   3   23    56    564 
   3   24    76    764 
   3   25    24    242 
   3   26    79    787 
   3   27    57    571 
   3   28    52    519 
   3   29    63    630 
   3   30    71    713 
   3   31    76    764 
   3   32    20    202 
   3   33    20    202 
   3   34    67    668 
   3   35    27    271 
   3   36    78    780 
   3   37    27    271 
   3   38    22    223 
   3   39    37    374 
   3   40    45    450 
   3   41    29    291 
   3   42    55    555 
   3   43    61    615 
   3   44    51    512 
   3   45    49    491 
   3   46    67    675 
   3   47    34    339 
   3   48    70    704 
   3   49    20    204 
   4    0    35    354 
   4    1    36    361 
   4    2    65    651 
   4    3    77    775 
   4    4    23    231 
   4    5    58    577 
   4    6    59    596 
   4    7    77    769 
   4    8    52    523 
   4    9    33    337 
   4   10    40    403 
   4   11    65    647 
   4   12    35    357 
   4   13    38    380 
   4   14    47    474 
   4   15    30    307 
   4   16    23    238 
   4   17    67    672 
   4   18    63    627 
   4   19    76    756 
   4   20    27    272 
   4   21    33    333 
   4   22    35    356 
   4   23    72    724 
   4   24    80    797 
   4   25    65    653 
   4   26    30    305 
   4   27    47    469 
   4   28    23    232 
   4   29    80    798 
   4   30    57    567 
   4   31    55    554 
   4   32    80    796 
   4   33    64    643 
   4   34    59    596 
   4   35    22    223 
   4   36    79    788 
   4   37    52    517 
   4   38    39    391 
   4   39    52    521 
   4   40    59    593 
   4   41    46    464 
   4   42    20    202 
   4   43    67    667 
   4   44    78    781 
   4   45    58    577 
   4   46    73    730 
   4   47    33    336 
   4   48    24    241 
   4   49    20    205 
   5    0    31    310 
   5    1    33    336 
   5    2    25    251 
   5    3    73    727 
   5    4    61    609 
   5    5    34    345 
   5    6    33    328 
   5    7    41    417 
   5    8    42    422 
   5    9    57    569 
   5   10    60    603 
   5   11    71    713 
   5   12    54    545 
   5   13    53    535 
   5   14    42    423 
   5   15    66    662 
   5   16    68    676 
   5   17    77    766 
   5   18    43    432 
   5   19    56    559 
   5   20    66    662 
   5   21    50    504 
   5   22    50    506 
   5   23    72    719 
   5   24    37    371 
   5   25    54    537 
   5   26    79    795 
   5   27    45    448 
   5   28    78    781 
   5   29    27    274 
   5   30    42    418 
   5   31    29    293 
   5   32    43    437 
   5   33    31    312 
   5   34    60    601 
   5   35    52    520 
   5   36    74    743 
   5   37    35    357 
   5   38    75    753 
   5   39    38    386 
   5   40    77    772 
   5   41    27    270 
   5   42    35    354 
   5   43    53    530 
   5   44    56    565 
   5   45    23    229 
   5   46    60    600 
   5   47    62    620 
   5   48    45    450 
   5   49    52    524 
   6    0    41    411 
   6    1    60    605 
   6    2    25    250 
   6    3    63    629 
   6    4    30    303 
   6    5    46    466 
   6    6    24    242 
   6    7    31    311 
   6    8    24    239 
   6    9    33    333 
   6   10    30    302 
   6   11    27    271 
   6   12    75    754 
   6   13    78    781 
   6   14    70    698 
   6   15    39    397 
   6   16    37    369 
   6   17    55    553 
   6   18    42    420 
   6   19    58    584 
   6   20    26    265 
   6   21    59    588 
   6   22    63    634 
   6   23    57    575 
   6   24    57    573 
   6   25    77    769 
   6   26    68    679 
   6   27    42    427 
   6   28    22    222 
   6   29    27    269 
   6   30    68    680 
   6   31    57    569 
   6   32    25    258 
   6   33    60    602 
   6   34    58    581 
   6   35    63    631 
   6   36    24    246 
   6   37    44    446 
   6   38    29    295 
   6   39    37    369 
   6   40    50    504 
   6   41    58    586 
   6   42    67    666 
   6   43    27    271 
   6   44    25    253 
   6   45    78    777 
   6   46    23    234 
   6   47    33    335 
   6   48    20    205 
   6   49    51    509 
   7    0    71    712 
   7    1    67    671 
   7    2    59    594 
   7    3    41    415 
   7    4    54    538 
   7    5    61    608 
   7    6    26    265 
   7    7    47    475 
   7    8    49    495 
   7    9    22    225 
   7   10    54    546 
   7   11    79    787 
   7   12    63    635 
   7   13    44    438 
   7   14    22    225 
   7   15    57    568 
   7   16    20    204 
   7   17    35    352 
   7   18    24    244 
   7   19    42    426 
   7   20    46    460 
   7   21    43    436 
   7   22    67    668 
   7   23    46    460 
   7   24    34    344 
   7   25    35    353 
   7   26    60    598 
   7   27    79    789 
   7   28    27    274 
   7   29    39    397 
   7   30    51    509 
   7   31    40    399 
   7   32    70    704 
   7   33    37    371 
   7   34    42    426 
   7   35    29    295 
   7   36    70    700 
   7   37    38    386 
   7   38    67    670 
   7   39    25    254 
   7   40    72    720 
   7   41    37    373 
   7   42    30    305 
   7   43    23    238 
   7   44    21    213 
   7   45    27    276 
   7   46    60    601 
   7   47    22    224 
   7   48    28    280 
   7   49    69    687 
   8    0    74    738 
   8    1    34    346 
   8    2    35    351 
   8    3    22    222 
   8    4    50    500 
   8    5    42    427 
   8    6    39    392 
   8    7    39    392 
   8    8    66    657 
   8    9    64    638 
   8   10    24    241 
   8   11    23    234 
   8   12    28    283 
   8   13    59    596 
   8   14    26    263 
   8   15    20    202 
   8   16    47    470 
   8   17    28    283 
   8   18    73    735 
   8   19    51    507 
   8   20    40    400 
   8   21    73    729 
   8   22    38    382 
   8   23    24    239 
   8   24    65    650 
   8   25    46    463 
   8   26    51    508 
   8   27    46    466 
   8   28    59    587 
   8   29    59    591 
   8   30    58    585 
   8   31    52    521 
   8   32    61    614 
   8   33    66    664 
   8   34    49    494 
   8   35    58    586 
   8   36    46    461 
   8   37    37    372 
   8   38    56    559 
   8   39    74    741 
   8   40    46    465 
   8   41    32    322 
   8   42    50    500 
   8   43    38    387 
   8   44    42    420 
   8   45    31    311 
   8   46    61    613 
   8   47    77    766 
   8   48    77    768 
   8   49    32    321 
   9    0    59    593 
   9    1    63    635 
   9    2    24    248 
   9    3    50    504 
   9    4    47    471 
   9    5    47    477 
   9    6    78    782 
   9    7    24    239 
   9    8    50    498 
   9    9    45    454 
   9   10    65    654 
   9   11    30    303 
   9   12    47    472 
   9   13    68    680 
   9   14    78    781 
   9   15    52    521 
   9   16    55    554 
   9   17    27    278 
   9   18    47    471 
   9   19    59    596 
   9   20    69    695 
   9   21    60    605 
   9   22    56    558 
   9   23    35    351 
   9   24    50    498 
   9   25    75    750 
   9   26    39    388 
   9   27    63    633 
   9   28    73    728 
   9   29    68    679 
   9   30    38    378 
   9   31    55    552 
   9   32    51    513 
   9   33    38    381 
   9   34    49    494 
   9   35    63    631 
   9   36    35    352 
   9   37    70    700 
   9   38    49    489 
   9   39    61    610 
   9   40    73    728 
   9   41    61    608 
   9   42    47    469 
   9   43    44    442 
   9   44    65    654 
   9   45    32    322 
   9   46    56    566 
   9   47    75    746 
   9   48    77    768 
   9   49    72    719 
  10    0    57    572 
  10    1    50    499 
  10    2    25    257 
  10    3    26    266 
  10    4    23    235 
  10    5    23    235 
  10    6    30    308 
  10    7    59    596 
  10    8    34    347 
  10    9    26    260 
  10   10    34    341 
  10   11    50    502 
  10   12    75    751 
  10   13    72    719 
  10   14    47    468 
  10   15    28    283 
  10   16    59    595 
  10   17    37    377 
  10   18    75    749 
  10   19    63    632 
  10   20    38    378 
  10   21    44    441 
  10   22    80    799 
  10   23    33    335 
  10   24    68    682 
  10   25    33    331 
  10   26    51    509 
  10   27    49    489 
  10   28    77    770 
  10   29    59    596 
  10   30    50    506 
  10   31    30    303 
  10   32    55    549 
  10   33    73    727 
  10   34    63    635 
  10   35    40    404 
  10   36    53    528 
  10   37    57    573 
  10   38    31    315 
  10   39    37    377 
  10   40    23    230 
  10   41    34    342 
  10   42    27    278 
  10   43    32    326 
  10   44    49    496 
  10   45    77    766 
  10   46    72    719 
  10   47    48    485 
  10   48    70    696 
  10   49    28    279 
  11    0    42    426 
  11    1    71    706 
  11    2    71    706 
  11    3    26    261 
  11    4    65    650 
  11    5    79    792 
  11    6    51    514 
  11    7    28    279 
  11    8    74    744 
  11    9    58    585 
  11   10    58    586 
  11   11    70    703 
  11   12    63    631 
  11   13    69    694 
  11   14    59    596 
  11   15    51    511 
  11   16    68    682 
  11   17    31    317 
  11   18    60    601 
  11   19    65    649 
  11   20    59    587 
  11   21    21    213 
  11   22    35    352 
  11   23    29    294 
  11   24    58    581 
  11   25    32    326 
  11   26    30    304 
  11   27    21    210 
  11   28    32    321 
  11   29    54    538 
  11   30    75    749 
  11   31    63    634 
  11   32    41    416 
  11   33    60    602 
  11   34    43    431 
  11   35    22    226 
  11   36    22    221 
  11   37    45    457 
  11   38    79    793 
  11   39    61    613 
  11   40    76    762 
  11   41    41    408 
  11   42    68    680 
  11   43    67    671 
  11   44    54    538 
  11   45    21    218 
  11   46    39    393 
  11   47    58    585 
  11   48    61    608 
  11   49    64    643 
  12    0    43    437 
  12    1    57    576 
  12    2    62    618 
  12    3    48    485 
  12    4    54    538 
  12    5    46    464 
  12    6    56    558 
  12    7    24    240 
  12    8    50    506 
  12    9    28    286 
  12   10    79    788 
  12   11    57    574 
  12   12    45    453 
  12   13    24    240 
  12   14    44    445 
  12   15    40    398 
  12   16    56    563 
  12   17    38    379 
  12   18    36    361 
  12   19    73    733 
  12   20    61    608 
  12   21    79    786 
  12   22    40    404 
  12   23    20    208 
  12   24    42    426 
  12   25    67    674 
  12   26    79    795 
  12   27    47    470 
  12   28    31    313 
  12   29    55    553 
  12   30    20    204 
  12   31    32    324 
  12   32    26    267 
  12   33    32    327 
  12   34    53    528 
  12   35    35    356 
  12   36    36    367 
  12   37    35    356 
  12   38    61    613 
  12   39    20    201 
  12   40    74    743 
  12   41    62    624 
  12   42    31    309 
  12   43    39    389 
  12   44    51    510 
  12   45    68    681 
  12   46    63    629 
  12   47    30    306 
  12   48    55    553 
  12   49    36    363 
  13    0    43    431 
  13    1    34    340 
  13    2    65    652 
  13    3    32    326 
  13    4    29    297 
  13    5    31    315 
  13    6    64    645 
  13    7    69    689 
  13    8    22    221 
  13    9    65    649 
  13   10    76    763 
  13   11    37    377 
  13   12    30    303 
  13   13    53    530 
  13   14    25    255 
  13   15    39    390 
  13   16    43    431 
  13   17    77    769 
  13   18    42    420 
  13   19    40    406 
  13   20    65    653 
  13   21    47    477 
  13   22    58    586 
  13   23    74    745 
  13   24    36    366 
  13   25    33    331 
  13   26    20    200 
  13   27    29    297 
  13   28    72    718 
  13   29    36    362 
  13   30    39    390 
  13   31    60    597 
  13   32    39    390 
  13   33    33    328 
  13   34    48    480 
  13   35    31    317 
  13   36    28    280 
  13   37    31    309 
  13   38    28    286 
  13   39    38    378 
  13   40    61    610 
  13   41    79    793 
  13   42    20    205 
  13   43    32    323 
  13   44    69    694 
  13   45    76    763 
  13   46    50    499 
  13   47    25    252 
  13   48    73    732 
  13   49    21    215 
  14    0    45    455 
  14    1    52    520 
  14    2    50    503 
  14    3    56    559 
  14    4    77    769 
  14    5    68    681 
  14    6    69    689 
  14    7    44    442 
  14    8    40    407 
  14    9    73    733 
  14   10    24    248 
  14   11    42    422 
  14   12    28    281 
  14   13    21    209 
  14   14    53    535 
  14   15    55    550 
  14   16    36    366 
  14   17    37    375 
  14   18    40    400 
  14   19    79    793 
  14   20    32    325 
  14   21    43    434 
  14   22    78    776 
  14   23    63    631 
  14   24    72    716 
  14   25    75    755 
  14   26    43    429 
  14   27    32    319 
  14   28    42    427 
  14   29    20    203 
  14   30    68    682 
  14   31    77    768 
  14   32    31    318 
  14   33    33    334 
  14   34    69    693 
  14   35    64    646 
  14   36    73    731 
  14   37    33    328 
  14   38    40    405 
  14   39    42    427 
  14   40    27    273 
  14   41    70    704 
  14   42    48    483 
  14   43    74    740 
  14   44    36    364 
  14   45    36    361 
  14   46    53    536 
  14   47    21    209 
  14   48    33    331 
  14   49    44    444 
  15    0    23    234 
  15    1    39    388 
  15    2    49    494 
  15    3    29    293 
  15    4    47    473 
  15    5    44    446 
  15    6    62    625 
  15    7    54    538 
  15    8    52    521 
  15    9    75    749 
  15   10    60    603 
  15   11    70    704 
  15   12    42    418 
  15   13    28    279 
  15   14    55    547 
  15   15    41    416 
  15   16    76    759 
  15   17    76    761 
  15   18    47    470 
  15   19    72    721 
  15   20    44    441 
  15   21    26    259 
  15   22    55    550 
  15   23    48    482 
  15   24    40    407 
  15   25    24    243 
  15   26    74    742 
  15   27    24    245 
  15   28    40    398 
  15   29    29    292 
  15   30    20    200 
  15   31    25    252 
  15   32    74    739 
  15   33    23    229 
  15   34    74    743 
  15   35    45    450 
  15   36    31    313 
  15   37    21    214 
  15   38    70    699 
  15   39    73    726 
  15   40    65    648 
  15   41    71    706 
  15   42    64    637 
  15   43    64    644 
  15   44    39    391 
  15   45    49    493 
  15   46    54    541 
  15   47    23    231 
  15   48    36    365 
  15   49    46    460 
  16    0    20    205 
  16    1    35    355 
  16    2    23    236 
  16    3    51    516 
  16    4    53    534 
  16    5    35    357 
  16    6    68    678 
  16    7    34    343 
  16    8    21    216 
  16    9    51    507 
  16   10    73    728 
  16   11    27    274 
  16   12    78    777 
  16   13    75    749 
  16   14    60    599 
  16   15    67    673 
  16   16    36    358 
  16   17    71    713 
  16   18    65    649 
  16   19    75    750 
  16   20    59    595 
  16   21    29    297 
  16   22    33    328 
  16   23    47    470 
  16   24    64    644 
  16   25    28    288 
  16   26    76    762 
  16   27    36    365 
  16   28    70    705 
  16   29    75    747 
  16   30    56    558 
  16   31    32    325 
  16   32    69    689 
  16   33    64    641 
  16   34    74    739 
  16   35    79    788 
  16   36    26    268 
  16   37    40    402 
  16   38    59    592 
  16   39    76    759 
  16   40    24    243 
  16   41    45    455 
  16   42    32    327 
  16   43    44    445 
  16   44    26    262 
  16   45    23    235 
  16   46    48    482 
  16   47    41    409 
  16   48    67    672 
  16   49    20    206 
  17    0    34    339 
  17    1    78    784 
  17    2    37    371 
  17    3    68    680 
  17    4    46    465 
  17    5    74    742 
  17    6    73    727 
  17    7    70    701 
  17    8    20    201 
  17    9    68    684 
  17   10    33    330 
  17   11    57    575 
  17   12    71    712 
  17   13    44    445 
  17   14    52    519 
  17   15    50    501 
  17   16    21    209 
  17   17    38    383 
  17   18    72    717 
  17   19    71    710 
  17   20    51    515 
  17   21    77    773 
  17   22    72    720 
  17   23    51    509 
  17   24    45    452 
  17   25    23    238 
  17   26    21    215 
  17   27    66    661 
  17   28    32    323 
  17   29    35    351 
  17   30    52    522 
  17   31    63    628 
  17   32    64    646 
  17   33    20    202 
  17   34    46    466 
  17   35    63    630 
  17   36    31    315 
  17   37    56    558 
  17   38    55    555 
  17   39    46    458 
  17   40    38    381 
  17   41    68    676 
  17   42    57    574 
  17   43    51    514 
  17   44    38    383 
  17   45    44    443 
  17   46    31    314 
  17   47    52    520 
  17   48    22    221 
  17   49    68    677 
  18    0    24    246 
  18    1    24    240 
  18    2    71    708 
  18    3    37    376 
  18    4    25    253 
  18    5    69    693 
  18    6    50    500 
  18    7    21    215 
  18    8    21    217 
  18    9    73    730 
  18   10    50    498 
  18   11    61    609 
  18   12    22    219 
  18   13    27    274 
  18   14    45    452 
  18   15    33    330 
  18   16    78    779 
  18   17    80    800 
  18   18    46    461 
  18   19    55    551 
  18   20    38    383 
  18   21    71    715 
  18   22    30    308 
  18   23    75    750 
  18   24    28    282 
  18   25    46    462 
  18   26    79    795 
  18   27    34    339 
  18   28    62    624 
  18   29    59    596 
  18   30    25    257 
  18   31    59    596 
  18   32    66    656 
  18   33    66    660 
  18   34    33    330 
  18   35    26    268 
  18   36    69    694 
  18   37    28    287 
  18   38    55    551 
  18   39    63    629 
  18   40    49    491 
  18   41    39    391 
  18   42    34    339 
  18   43    25    253 
  18   44    58    582 
  18   45    64    645 
  18   46    73    730 
  18   47    41    408 
  18   48    43    436 
  18   49    63    635 
  19    0    20    208 
  19    1    28    287 
  19    2    37    373 
  19    3    42    422 
  19    4    76    764 
  19    5    69    689 
  19    6    50    504 
  19    7    71    706 
  19    8    61    611 
  19    9    31    318 
  19   10    44    447 
  19   11    22    227 
  19   12    40    401 
  19   13    24    245 
  19   14    75    753 
  19   15    44    444 
  19   16    24    240 
  19   17    66    659 
  19   18    54    541 
  19   19    63    630 
  19   20    62    625 
  19   21    77    769 
  19   22    77    773 
  19   23    52    525 
  19   24    27    271 
  19   25    23    237 
  19   26    27    273 
  19   27    72    725 
  19   28    67    671 
  19   29    23    234 
  19   30    69    693 
  19   31    56    563 
  19   32    45    453 
  19   33    67    672 
  19   34    33    334 
  19   35    24    246 
  19   36    46    465 
  19   37    54    544 
  19   38    55    551 
  19   39    34    345 
  19   40    77    768 
  19   41    35    355 
  19   42    22    227 
  19   43    31    314 
  19   44    76    758 
  19   45    31    311 
  19   46    69    687 
  19   47    46    461 
  19   48    56    563 
  19   49    43    432 
  20    0    62    626 
  20    1    51    516 
  20    2    51    510 
  20    3    24    246 
  20    4    26    263 
  20    5    28    281 
  20    6    53    536 
  20    7    76    764 
  20    8    58    579 
  20    9    61    614 
  20   10    38    382 
  20   11    78    782 
  20   12    25    257 
  20   13    74    742 
  20   14    21    209 
  20   15    60    602 
  20   16    32    320 
  20   17    74    744 
  20   18    21    215 
  20   19    63    633 
  20   20    42    426 
  20   21    67    666 
  20   22    55    551 
  20   23    54    540 
  20   24    60    602 
  20   25    44    443 
  20   26    52    519 
  20   27    57    570 
  20   28    36    359 
  20   29    76    760 
  20   30    64    637 
  20   31    32    327 
  20   32    48    487 
  20   33    43    432 
  20   34    25    250 
  20   35    71    711 
  20   36    68    679 
  20   37    63    628 
  20   38    35    355 
  20   39    66    659 
  20   40    63    628 
  20   41    30    299 
  20   42    57    568 
  20   43    58    577 
  20   44    24    246 
  20   45    78    776 
  20   46    39    393 
  20   47    31    313 
  20   48    29    292 
  20   49    55    554 
  21    0    27    269 
  21    1    36    363 
  21    2    53    534 
  21    3    54    545 
  21    4    60    605 
  21    5    20    206 
  21    6    68    682 
  21    7    69    688 
  21    8    70    702 
  21    9    41    411 
  21   10    67    673 
  21   11    20    208 
  21   12    61    610 
  21   13    36    360 
  21   14    53    535 
  21   15    20    202 
  21   16    25    258 
  21   17    79    791 
  21   18    48    487 
  21   19    52    517 
  21   20    30    305 
  21   21    63    627 
  21   22    40    398 
  21   23    57    570 
  21   24    47    470 
  21   25    23    238 
  21   26    43    437 
  21   27    62    624 
  21   28    64    644 
  21   29    75    749 
  21   30    77    772 
  21   31    32    319 
  21   32    22    224 
  21   33    29    298 
  21   34    43    429 
  21   35    76    756 
  21   36    55    554 
  21   37    31    313 
  21   38    71    710 
  21   39    75    750 
  21   40    55    547 
  21   41    45    456 
  21   42    51    507 
  21   43    75    747 
  21   44    76    757 
  21   45    66    657 
  21   46    48    487 
  21   47    40    399 
  21   48    31    313 
  21   49    60    606 
  22    0    36    358 
  22    1    40    402 
  22    2    23    233 
  22    3    36    366 
  22    4    69    686 
  22    5    29    298 
  22    6    50    502 
  22    7    34    338 
  22    8    32    326 
  22    9    60    604 
  22   10    41    414 
  22   11    61    615 
  22   12    38    386 
  22   13    59    596 
  22   14    36    359 
  22   15    66    662 
  22   16    67    670 
  22   17    28    288 
  22   18    75    751 
  22   19    73    729 
  22   20    52    523 
  22   21    79    792 
  22   22    78    780 
  22   23    36    367 
  22   24    63    632 
  22   25    44    444 
  22   26    62    623 
  22   27    22    223 
  22   28    59    594 
  22   29    62    622 
  22   30    80    796 
  22   31    52    517 
  22   32    45    450 
  22   33    23    238 
  22   34    74    738 
  22   35    22    228 
  22   36    71    707 
  22   37    36    361 
  22   38    50    501 
  22   39    25    252 
  22   40    73    730 
  22   41    74    737 
  22   42    22    224 
  22   43    79    786 
  22   44    43    436 
  22   45    63    628 
  22   46    32    323 
  22   47    77    775 
  22   48    70    705 
  22   49    31    318 
  23    0    53    529 
  23    1    22    228 
  23    2    23    229 
  23    3    60    601 
  23    4    35    351 
  23    5    69    695 
  23    6    39    394 
  23    7    73    726 
  23    8    53    532 
  23    9    34    342 
  23   10    46    467 
  23   11    36    358 
  23   12    65    650 
  23   13    26    262 
  23   14    67    674 
  23   15    28    280 
  23   16    77    774 
  23   17    73    728 
  23   18    55    551 
  23   19    63    636 
  23   20    33    331 
  23   21    80    798 
  23   22    43    437 
  23   23    54    541 
  23   24    46    466 
  23   25    50    499 
  23   26    61    616 
  23   27    43    430 
  23   28    36    360 
  23   29    53    535 
  23   30    67    671 
  23   31    21    210 
  23   32    58    577 
  23   33    43    437 
  23   34    76    761 
  23   35    45    456 
  23   36    61    611 
  23   37    43    432 
  23   38    74    743 
  23   39    37    377 
  23   40    62    625 
  23   41    58    579 
  23   42    53    536 
  23   43    20    207 
  23   44    56    565 
  23   45    79    786 
  23   46    77    769 
  23   47    54    544 
  23   48    65    651 
  23   49    69    686 
  24    0    79    789 
  24    1    31    310 
  24    2    74    741 
  24    3    36    367 
  24    4    44    443 
  24    5    46    466 
  24    6    48    481 
  24    7    59    588 
  24    8    26    263 
  24    9    24    248 
  24   10    77    772 
  24   11    36    366 
  24   12    45    456 
  24   13    31    314 
  24   14    54    540 
  24   15    69    690 
  24   16    60    606 
  24   17    20    205 
  24   18    21    218 
  24   19    69    691 
  24   20    26    262 
  24   21    28    284 
  24   22    33    335 
  24   23    66    661 
  24   24    56    565 
  24   25    31    318 
  24   26    68    682 
  24   27    55    556 
  24   28    53    535 
  24   29    51    512 
  24   30    26    260 
  24   31    26    261 
  24   32    49    488 
  24   33    23    237 
  24   34    70    702 
  24   35    33    336 
  24   36    29    291 
  24   37    38    378 
  24   38    37    369 
  24   39    50    506 
  24   40    79    795 
  24   41    53    528 
  24   42    31    312 
  24   43    72    723 
  24   44    37    377 
  24   45    74    737 
  24   46    21    214 
  24   47    74    742 
  24   48    24    245 
  24   49    24    242 
  25    0    54    546 
  25    1    71    706 
  25    2    39    397 
  25    3    55    548 
  25    4    45    455 
  25    5    68    682 
  25    6    24    248 
  25    7    20    206 
  25    8    54    538 
  25    9    45    451 
  25   10    75    754 
  25   11    57    575 
  25   12    22    220 
  25   13    29    296 
  25   14    68    685 
  25   15    58    580 
  25   16    38    385 
  25   17    25    257 
  25   18    53    530 
  25   19    53    528 
  25   20    70    698 
  25   21    47    472 
  25   22    79    789 
  25   23    37    375 
  25   24    79    790 
  25   25    50    502 
  25   26    79    788 
  25   27    40    401 
  25   28    49    495 
  25   29    48    486 
  25   30    72    724 
  25   31    21    216 
  25   32    59    590 
  25   33    61    607 
  25   34    51    510 
  25   35    34    342 
  25   36    41    413 
  25   37    62    617 
  25   38    70    705 
  25   39    74    736 
  25   40    27    272 
  25   41    70    696 
  25   42    49    493 
  25   43    62    618 
  25   44    73    733 
  25   45    30    307 
  25   46    31    314 
  25   47    50    505 
  25   48    27    272 
  25   49    23    234 
  26    0    28    281 
  26    1    61    610 
  26    2    39    388 
  26    3    76    758 
  26    4    32    323 
  26    5    32    321 
  26    6    41    410 
  26    7    35    349 
  26    8    38    384 
  26    9    70    703 
  26   10    57    575 
  26   11    49    496 
  26   12    61    616 
  26   13    29    295 
  26   14    52    517 
  26   15    21    215 
  26   16    69    686 
  26   17    45    454 
  26   18    71    710 
  26   19    23    231 
  26   20    64    637 
  26   21    57    567 
  26   22    64    645 
  26   23    30    299 
  26   24    42    423 
  26   25    23    229 
  26   26    35    352 
  26   27    20    205 
  26   28    30    306 
  26   29    58    578 
  26   30    58    585 
  26   31    67    666 
  26   32    58    586 
  26   33    33    336 
  26   34    31    317 
  26   35    31    312 
  26   36    56    560 
  26   37    79    789 
  26   38    38    378 
  26   39    63    632 
  26   40    59    588 
  26   41    65    654 
  26   42    75    746 
  26   43    62    623 
  26   44    22    228 
  26   45    24    244 
  26   46    55    548 
  26   47    79    791 
  26   48    46    466 
  26   49    77    773 
  27    0    51    512 
  27    1    60    603 
  27    2    71    712 
  27    3    68    680 
  27    4    33    329 
  27    5    64    646 
  27    6    68    681 
  27    7    27    272 
  27    8    50    503 
  27    9    30    299 
  27   10    32    322 
  27   11    65    652 
  27   12    60    601 
  27   13    70    700 
  27   14    72    721 
  27   15    69    688 
  27   16    34    342 
  27   17    59    593 
  27   18    24    244 
  27   19    59    596 
  27   20    41    409 
  27   21    75    754 
  27   22    24    247 
  27   23    24    248 
  27   24    56    563 
  27   25    80    799 
  27   26    69    692 
  27   27    60    604 
  27   28    30    300 
  27   29    57    571 
  27   30    40    401 
  27   31    66    661 
  27   32    66    656 
  27   33    25    255 
  27   34    38    387 
  27   35    74    738 
  27   36    39    396 
  27   37    67    673 
  27   38    57    576 
  27   39    74    737 
  27   40    33    336 
  27   41    77    772 
  27   42    58    582 
  27   43    78    780 
  27   44    25    250 
  27   45    67    666 
  27   46    68    678 
  27   47    60    605 
  27   48    74    737 
  27   49    45    453 
  28    0    40    400 
  28    1    57    567 
  28    2    53    530 
  28    3    70    699 
  28    4    36    362 
  28    5    39    388 
  28    6    31    313 
  28    7    49    490 
  28    8    38    379 
  28    9    31    314 
  28   10    56    563 
  28   11    78    776 
  28   12    53    528 
  28   13    41    409 
  28   14    59    591 
  28   15    22    224 
  28   16    51    512 
  28   17    31    318 
  28   18    43    430 
  28   19    21    211 
  28   20    42    424 
  28   21    80    798 
  28   22    41    412 
  28   23    69    689 
  28   24    61    615 
  28   25    62    618 
  28   26    66    662 
  28   27    27    270 
  28   28    22    227 
  28   29    24    245 
  28   30    78    782 
  28   31    71    709 
  28   32    24    241 
  28   33    49    496 
  28   34    79    792 
  28   35    43    432 
  28   36    56    563 
  28   37    26    268 
  28   38    78    778 
  28   39    79    788 
  28   40    31    313 
  28   41    66    658 
  28   42    69    690 
  28   43    20    201 
  28   44    63    635 
  28   45    35    353 
  28   46    57    575 
  28   47    45    452 
  28   48    72    720 
  28   49    66    663 
  29    0    32    323 
  29    1    56    558 
  29    2    63    629 
  29    3    51    507 
  29    4    79    791 
  29    5    45    451 
  29    6    51    508 
  29    7    30    307 
  29    8    24    247 
  29    9    69    688 
  29   10    71    714 
  29   11    43    435 
  29   12    80    800 
  29   13    77    770 
  29   14    37    373 
  29   15    69    692 
  29   16    64    645 
  29   17    78    781 
  29   18    20    200 
  29   19    59    592 
  29   20    46    464 
  29   21    20    205 
  29   22    22    220 
  29   23    66    663 
  29   24    31    318 
  29   25    31    310 
  29   26    34    338 
  29   27    30    299 
  29   28    71    709 
  29   29    73    732 
  29   30    53    527 
  29   31    23    236 
  29   32    57    569 
  29   33    56    559 
  29   34    77    771 
  29   35    64    642 
  29   36    25    255 
  29   37    28    283 
  29   38    25    256 
  29   39    79    791 
  29   40    47    471 
  29   41    67    670 
  29   42    57    574 
  29   43    53    534 
  29   44    35    353 
  29   45    47    469 
  29   46    76    759 
  29   47    78    780 
  29   48    74    738 
  29   49    44    438 
  30    0    57    571 
  30    1    64    642 
  30    2    75    750 
  30    3    36    363 
  30    4    39    388 
  30    5    76    759 
  30    6    57    573 
  30    7    72    718 
  30    8    20    205 
  30    9    38    385 
  30   10    65    647 
  30   11    65    650 
  30   12    32    321 
  30   13    39    393 
  30   14    80    798 
  30   15    58    582 
  30   16    49    493 
  30   17    48    483 
  30   18    69    691 
  30   19    52    518 
  30   20    73    726 
  30   21    50    497 
  30   22    37    369 
  30   23    72    720 
  30   24    73    733 
  30   25    25    256 
  30   26    68    677 
  30   27    38    378 
  30   28    38    384 
  30   29    55    556 
  30   30    23    229 
  30   31    79    793 
  30   32    32    320 
  30   33    61    609 
  30   34    48    478 
  30   35    33    331 
  30   36    43    437 
  30   37    40    402 
  30   38    54    542 
  30   39    44    443 
  30   40    29    293 
  30   41    79    790 
  30   42    51    512 
  30   43    56    558 
  30   44    40    398 
  30   45    57    573 
  30   46    32    324 
  30   47    61    608 
  30   48    44    444 
  30   49    24    239 
  31    0    27    275 
  31    1    74    736 
  31    2    29    292 
  31    3    80    799 
  31    4    51    516 
  31    5    75    748 
  31    6    69    693 
  31    7    56    562 
  31    8    49    495 
  31    9    28    285 
  31   10    28    280 
  31   11    30    305 
  31   12    42    418 
  31   13    78    782 
  31   14    58    583 
  31   15    75    752 
  31   16    76    764 
  31   17    78    777 
  31   18    49    495 
  31   19    74    738 
  31   20    77    772 
  31   21    26    260 
  31   22    75    750 
  31   23    25    251 
  31   24    26    268 
  31   25    26    261 
  31   26    41    411 
  31   27    44    446 
  31   28    57    575 
  31   29    33    332 
  31   30    79    787 
  31   31    53    534 
  31   32    34    342 
  31   33    31    314 
  31   34    55    547 
  31   35    50    497 
  31   36    28    283 
  31   37    59    591 
  31   38    64    645 
  31   39    65    653 
  31   40    43    437 
  31   41    38    380 
  31   42    21    212 
  31   43    54    540 
  31   44    48    485 
  31   45    52    525 
  31   46    78    784 
  31   47    48    487 
  31   48    73    734 
  31   49    70    700 
  32    0    65    648 
  32    1    37    369 
  32    2    34    346 
  32    3    61    608 
  32    4    32    323 
  32    5    55    553 
  32    6    34    347 
  32    7    35    354 
  32    8    52    521 
  32    9    74    742 
  32   10    29    289 
  32   11    32    322 
  32   12    49    493 
  32   13    46    465 
  32   14    26    268 
  32   15    56    566 
  32   16    36    358 
  32   17    74    739 
  32   18    24    240 
  32   19    40    401 
  32   20    27    270 
  32   21    69    692 
  32   22    42    426 
  32   23    70    697 
  32   24    45    449 
  32   25    75    746 
  32   26    50    498 
  32   27    40    403 
  32   28    43    437 
  32   29    76    763 
  32   30    64    638 
  32   31    73    726 
  32   32    31    315 
  32   33    56    557 
  32   34    43    434 
  32   35    41    415 
  32   36    51    514 
  32   37    20    207 
  32   38    48    478 
  32   39    31    313 
  32   40    56    562 
  32   41    61    614 
  32   42    63    629 
  32   43    78    779 
  32   44    79    795 
  32   45    72    717 
  32   46    52    522 
  32   47    22    226 
  32   48    61    612 
  32   49    44    443 
  33    0    38    384 
  33    1    28    288 
  33    2    51    515 
  33    3    57    569 
  33    4    54    540 
  33    5    49    493 
  33    6    65    651 
  33    7    61    609 
  33    8    60    604 
  33    9    78    781 
  33   10    63    636 
  33   11    48    482 
  33   12    25    253 
  33   13    38    387 
  33   14    65    652 
  33   15    30    304 
  33   16    46    458 
  33   17    36    365 
  33   18    22    225 
  33   19    80    797 
  33   20    77    774 
  33   21    35    353 
  33   22    56    562 
  33   23    59    594 
  33   24    64    642 
  33   25    39    396 
  33   26    55    556 
  33   27    21    213 
  33   28    50    502 
  33   29    54    539 
  33   30    30    300 
  33   31    55    555 
  33   32    71    706 
  33   33    31    309 
  33   34    32    324 
  33   35    53    533 
  33   36    72    724 
  33   37    31    310 
  33   38    66    665 
  33   39    33    330 
  33   40    29    289 
  33   41    80    799 
  33   42    73    733 
  33   43    39    396 
  33   44    68    685 
  33   45    55    552 
  33   46    63    629 
  33   47    65    647 
  33   48    41    408 
  33   49    23    235 
  34    0    25    249 
  34    1    35    349 
  34    2    38    385 
  34    3    51    507 
  34    4    51    507 
  34    5    50    499 
  34    6    31    314 
  34    7    56    564 
  34    8    24    246 
  34    9    33    328 
  34   10    36    361 
  34   11    48    484 
  34   12    20    204 
  34   13    37    369 
  34   14    62    624 
  34   15    53    529 
  34   16    54    539 
  34   17    59    590 
  34   18    45    453 
  34   19    27    278 
  34   20    27    276 
  34   21    28    285 
  34   22    27    272 
  34   23    46    464 
  34   24    22    226 
  34   25    67    671 
  34   26    56    560 
  34   27    40    398 
  34   28    38    379 
  34   29    70    703 
  34   30    59    589 
  34   31    35    350 
  34   32    55    555 
  34   33    22    221 
  34   34    36    363 
  34   35    31    318 
  34   36    31    318 
  34   37    69    688 
  34   38    49    489 
  34   39    51    508 
  34   40    74    740 
  34   41    67    674 
  34   42    75    748 
  34   43    35    350 
  34   44    38    382 
  34   45    63    632 
  34   46    47    468 
  34   47    36    365 
  34   48    54    543 
  34   49    76    763 
  35    0    29    295 
  35    1    29    294 
  35    2    74    742 
  35    3    44    447 
  35    4    40    405 
  35    5    33    334 
  35    6    74    737 
  35    7    68    681 
  35    8    43    434 
  35    9    75    752 
  35   10    23    229 
  35   11    39    395 
  35   12    73    728 
  35   13    71    706 
  35   14    28    288 
  35   15    62    617 
  35   16    74    743 
  35   17    38    381 
  35   18    73    734 
  35   19    49    493 
  35   20    29    290 
  35   21    66    660 
  35   22    25    256 
  35   23    31    310 
  35   24    32    322 
  35   25    27    274 
  35   26    28    279 
  35   27    44    439 
  35   28    54    538 
  35   29    41    414 
  35   30    47    469 
  35   31    54    546 
  35   32    35    348 
  35   33    39    393 
  35   34    51    510 
  35   35    71    706 
  35   36    22    224 
  35   37    37    377 
  35   38    69    687 
  35   39    68    681 
  35   40    70    704 
  35   41    72    722 
  35   42    20    204 
  35   43    73    731 
  35   44    26    266 
  35   45    41    411 
  35   46    48    484 
  35   47    32    320 
  35   48    22    222 
  35   49    77    770 
  36    0    63    628 
  36    1    30    305 
  36    2    29    296 
  36    3    78    778 
  36    4    42    422 
  36    5    45    453 
  36    6    35    357 
  36    7    47    476 
  36    8    42    422 
  36    9    31    311 
  36   10    27    274 
  36   11    62    623 
  36   12    45    456 
  36   13    68    676 
  36   14    60    603 
  36   15    43    430 
  36   16    68    679 
  36   17    23    238 
  36   18    78    781 
  36   19    79    795 
  36   20    41    417 
  36   21    74    736 
  36   22    75    747 
  36   23    78    779 
  36   24    49    496 
  36   25    52    520 
  36   26    44    441 
  36   27    28    280 
  36   28    78    781 
  36   29    53    535 
  36   30    66    660 
  36   31    20    208 
  36   32    34    347 
  36   33    48    487 
  36   34    22    226 
  36   35    33    337 
  36   36    24    239 
  36   37    56    562 
  36   38    74    739 
  36   39    42    426 
  36   40    72    722 
  36   41    34    346 
  36   42    34    339 
  36   43    66    659 
  36   44    50    501 
  36   45    42    421 
  36   46    58    581 
  36   47    40    398 
  36   48    79    790 
  36   49    79    794 
  37    0    43    434 
  37    1    60    597 
  37    2    30    305 
  37    3    30    301 
  37    4    41    408 
  37    5    27    276 
  37    6    66    657 
  37    7    28    285 
  37    8    40    402 
  37    9    26    268 
  37   10    57    567 
  37   11    39    393 
  37   12    46    465 
  37   13    24    244 
  37   14    72    716 
  37   15    63    630 
  37   16    68    684 
  37   17    25    255 
  37   18    60    599 
  37   19    42    427 
  37   20    33    330 
  37   21    30    299 
  37   22    39    396 
  37   23    58    580 
  37   24    48    482 
  37   25    40    403 
  37   26    35    351 
  37   27    63    636 
  37   28    26    268 
  37   29    68    684 
  37   30    31    318 
  37   31    46    464 
  37   32    25    257 
  37   33    54    545 
  37   34    24    243 
  37   35    70    702 
  37   36    58    578 
  37   37    21    217 
  37   38    80    798 
  37   39    41    410 
  37   40    50    497 
  37   41    25    257 
  37   42    54    546 
  37   43    61    615 
  37   44    29    290 
  37   45    76    759 
  37   46    72    721 
  37   47    27    270 
  37   48    78    783 
  37   49    54    539 
  38    0    68    682 
  38    1    51    509 
  38    2    27    270 
  38    3    73    726 
  38    4    39    397 
  38    5    28    282 
  38    6    47    476 
  38    7    34    339 
  38    8    41    415 
  38    9    67    674 
  38   10    72    723 
  38   11    32    324 
  38   12    76    762 
  38   13    51    514 
  38   14    72    721 
  38   15    46    466 
  38   16    79    788 
  38   17    33    334 
  38   18    21    209 
  38   19    22    225 
  38   20    33    336 
  38   21    30    305 
  38   22    21    211 
  38   23    71    710 
  38   24    28    288 
  38   25    76    761 
  38   26    68    683 
  38   27    20    202 
  38   28    51    508 
  38   29    31    315 
  38   30    28    288 
  38   31    26    262 
  38   32    64    646 
  38   33    40    401 
  38   34    62    621 
  38   35    61    612 
  38   36    41    410 
  38   37    78    779 
  38   38    38    379 
  38   39    64    645 
  38   40    33    332 
  38   41    25    249 
  38   42    75    755 
  38   43    26    265 
  38   44    26    260 
  38   45    58    581 
  38   46    52    518 
  38   47    77    769 
  38   48    50    498 
  38   49    61    614 
  39    0    50    501 
  39    1    63    635 
  39    2    42    424 
  39    3    47    468 
  39    4    23    229 
  39    5    26    265 
  39    6    36    362 
  39    7    70    696 
  39    8    23    229 
  39    9    50    502 
  39   10    41    414 
  39   11    36    362 
  39   12    71    714 
  39   13    25    251 
  39   14    42    426 
  39   15    65    653 
  39   16    74    739 
  39   17    51    516 
  39   18    68    679 
  39   19    25    253 
  39   20    27    273 
  39   21    22    223 
  39   22    69    693 
  39   23    66    662 
  39   24    53    530 
  39   25    36    360 
  39   26    46    463 
  39   27    24    246 
  39   28    45    457 
  39   29    35    348 
  39   30    71    710 
  39   31    59    596 
  39   32    74    745 
  39   33    71    714 
  39   34    66    660 
  39   35    40    399 
  39   36    31    318 
  39   37    23    229 
  39   38    20    203 
  39   39    67    670 
  39   40    67    675 
  39   41    67    667 
  39   42    42    426 
  39   43    55    547 
  39   44    33    332 
  39   45    45    450 
  39   46    36    359 
  39   47    34    341 
  39   48    42    424 
  39   49    50    506 
  40    0    75    755 
  40    1    69    693 
  40    2    26    268 
  40    3    67    670 
  40    4    40    401 
  40    5    80    798 
  40    6    68    683 
  40    7    31    312 
  40    8    32    319 
  40    9    46    463 
  40   10    43    429 
  40   11    43    432 
  40   12    45    448 
  40   13    29    297 
  40   14    36    359 
  40   15    73    728 
  40   16    57    573 
  40   17    40    398 
  40   18    30    299 
  40   19    40    401 
  40   20    53    535 
  40   21    69    691 
  40   22    63    630 
  40   23    78    781 
  40   24    46    461 
  40   25    24    239 
  40   26    71    706 
  40   27    41    416 
  40   28    24    246 
  40   29    73    732 
  40   30    23    231 
  40   31    78    785 
  40   32    72    721 
  40   33    71    710 
  40   34    75    755 
  40   35    24    246 
  40   36    80    800 
  40   37    24    241 
  40   38    48    487 
  40   39    22    222 
  40   40    43    428 
  40   41    58    585 
  40   42    66    664 
  40   43    76    762 
  40   44    60    603 
  40   45    69    690 
  40   46    43    435 
  40   47    79    790 
  40   48    22    228 
  40   49    33    336 
  41    0    25    251 
  41    1    53    531 
  41    2    68    684 
  41    3    78    781 
  41    4    66    661 
  41    5    38    384 
  41    6    40    398 
  41    7    26    264 
  41    8    39    391 
  41    9    34    338 
  41   10    60    603 
  41   11    39    391 
  41   12    27    269 
  41   13    75    749 
  41   14    62    621 
  41   15    58    578 
  41   16    35    350 
  41   17    21    217 
  41   18    37    374 
  41   19    68    685 
  41   20    60    602 
  41   21    63    636 
  41   22    49    494 
  41   23    74    740 
  41   24    79    789 
  41   25    43    432 
  41   26    38    378 
  41   27    68    676 
  41   28    73    727 
  41   29    52    523 
  41   30    51    509 
  41   31    60    602 
  41   32    61    615 
  41   33    32    319 
  41   34    64    641 
  41   35    72    722 
  41   36    28    288 
  41   37    69    694 
  41   38    62    621 
  41   39    42    420 
  41   40    69    688 
  41   41    33    332 
  41   42    78    785 
  41   43    64    645 
  41   44    54    542 
  41   45    24    245 
  41   46    72    719 
  41   47    48    485 
  41   48    67    670 
  41   49    58    577 
  42    0    64    646 
  42    1    28    286 
  42    2    64    637 
  42    3    70    699 
  42    4    41    408 
  42    5    71    710 
  42    6    43    428 
  42    7    60    606 
  42    8    24    242 
  42    9    40    401 
  42   10    54    546 
  42   11    28    285 
  42   12    74    745 
  42   13    29    296 
  42   14    61    607 
  42   15    70    705 
  42   16    48    485 
  42   17    65    653 
  42   18    41    414 
  42   19    32    319 
  42   20    56    560 
  42   21    68    679 
  42   22    77    775 
  42   23    49    491 
  42   24    28    285 
  42   25    49    489 
  42   26    58    580 
  42   27    43    433 
  42   28    61    612 
  42   29    51    507 
  42   30    64    642 
  42   31    41    409 
  42   32    54    539 
  42   33    56    564 
  42   34    64    645 
  42   35    60    602 
  42   36    63    627 
  42   37    71    711 
  42   38    43    434 
  42   39    62    623 
  42   40    44    440 
  42   41    69    686 
  42   42    56    559 
  42   43    54    545 
  42   44    51    512 
  42   45    78    783 
  42   46    67    666 
  42   47    72    719 
  42   48    38    387 
  42   49    44    444 
  43    0    58    583 
  43    1    70    696 
  43    2    46    466 
  43    3    35    353 
  43    4    75    747 
  43    5    31    315 
  43    6    44    440 
  43    7    73    735 
  43    8    67    671 
  43    9    20    200 
  43   10    43    429 
  43   11    63    631 
  43   12    41    416 
  43   13    58    577 
  43   14    26    268 
  43   15    65    652 
  43   16    26    262 
  43   17    62    620 
  43   18    62    623 
  43   19    58    586 
  43   20    77    770 
  43   21    69    688 
  43   22    73    734 
  43   23    27    276 
  43   24    67    672 
  43   25    68    678 
  43   26    52    522 
  43   27    65    648 
  43   28    63    628 
  43   29    31    315 
  43   30    60    605 
  43   31    61    607 
  43   32    78    781 
  43   33    68    678 
  43   34    52    524 
  43   35    73    731 
  43   36    43    433 
  43   37    43    430 
  43   38    58    584 
  43   39    46    467 
  43   40    68    683 
  43   41    35    351 
  43   42    52    520 
  43   43    73    734 
  43   44    74    745 
  43   45    41    410 
  43   46    42    426 
  43   47    64    642 
  43   48    48    478 
  43   49    59    591 
  44    0    40    404 
  44    1    38    379 
  44    2    48    478 
  44    3    38    386 
  44    4    63    633 
  44    5    36    365 
  44    6    40    402 
  44    7    51    508 
  44    8    47    476 
  44    9    45    456 
  44   10    35    356 
  44   11    62    626 
  44   12    55    549 
  44   13    53    527 
  44   14    28    284 
  44   15    74    745 
  44   16    30    303 
  44   17    29    298 
  44   18    23    236 
  44   19    26    265 
  44   20    43    429 
  44   21    29    298 
  44   22    32    325 
  44   23    59    593 
  44   24    62    622 
  44   25    26    266 
  44   26    57    573 
  44   27    39    390 
  44   28    78    779 
  44   29    70    697 
  44   30    32    321 
  44   31    75    748 
  44   32    53    536 
  44   33    33    335 
  44   34    46    461 
  44   35    48    481 
  44   36    36    366 
  44   37    39    388 
  44   38    59    592 
  44   39    28    284 
  44   40    66    664 
  44   41    37    372 
  44   42    60    598 
  44   43    30    307 
  44   44    37    372 
  44   45    52    517 
  44   46    33    332 
  44   47    62    623 
  44   48    43    428 
  44   49    72    718 
  45    0    58    586 
  45    1    40    404 
  45    2    69    693 
  45    3    28    288 
  45    4    37    376 
  45    5    48    484 
  45    6    63    636 
  45    7    73    732 
  45    8    67    675 
  45    9    40    403 
  45   10    61    611 
  45   11    39    396 
  45   12    20    205 
  45   13    57    571 
  45   14    58    580 
  45   15    56    560 
  45   16    67    674 
  45   17    49    489 
  45   18    51    510 
  45   19    74    739 
  45   20    73    727 
  45   21    33    335 
  45   22    39    395 
  45   23    79    787 
  45   24    35    351 
  45   25    74    739 
  45   26    55    548 
  45   27    33    337 
  45   28    77    773 
  45   29    41    409 
  45   30    62    620 
  45   31    59    592 
  45   32    42    418 
  45   33    21    210 
  45   34    64    638 
  45   35    56    564 
  45   36    57    567 
  45   37    29    293 
  45   38    45    451 
  45   39    47    469 
  45   40    62    620 
  45   41    28    288 
  45   42    44    442 
  45   43    27    277 
  45   44    38    384 
  45   45    22    224 
  45   46    66    656 
  45   47    50    497 
  45   48    52    523 
  45   49    21    218 
  46    0    24    244 
  46    1    65    655 
  46    2    79    787 
  46    3    26    267 
  46    4    68    685 
  46    5    75    750 
  46    6    38    385 
  46    7    24    246 
  46    8    47    470 
  46    9    41    416 
  46   10    78    776 
  46   11    68    676 
  46   12    80    797 
  46   13    78    782 
  46   14    50    499 
  46   15    53    536 
  46   16    56    563 
  46   17    67    673 
  46   18    21    213 
  46   19    39    397 
  46   20    78    778 
  46   21    44    443 
  46   22    60    606 
  46   23    46    466 
  46   24    62    623 
  46   25    63    635 
  46   26    69    693 
  46   27    64    637 
  46   28    21    214 
  46   29    68    681 
  46   30    61    616 
  46   31    63    629 
  46   32    35    353 
  46   33    61    616 
  46   34    59    593 
  46   35    36    367 
  46   36    42    421 
  46   37    72    716 
  46   38    58    583 
  46   39    71    712 
  46   40    53    533 
  46   41    28    286 
  46   42    24    241 
  46   43    27    275 
  46   44    55    548 
  46   45    58    579 
  46   46    65    648 
  46   47    36    363 
  46   48    22    223 
  46   49    23    230 
  47    0    24    242 
  47    1    73    734 
  47    2    43    429 
  47    3    33    333 
  47    4    22    224 
  47    5    41    417 
  47    6    65    653 
  47    7    58    581 
  47    8    20    206 
  47    9    73    728 
  47   10    44    444 
  47   11    30    305 
  47   12    64    643 
  47   13    57    573 
  47   14    77    771 
  47   15    26    261 
  47   16    43    434 
  47   17    77    773 
  47   18    20    200 
  47   19    76    764 
  47   20    56    562 
  47   21    74    736 
  47   22    57    569 
  47   23    46    464 
  47   24    42    424 
  47   25    60    598 
  47   26    25    254 
  47   27    33    332 
  47   28    77    766 
  47   29    47    475 
  47   30    64    643 
  47   31    38    384 
  47   32    27    278 
  47   33    41    411 
  47   34    29    294 
  47   35    56    565 
  47   36    29    295 
  47   37    49    493 
  47   38    43    436 
  47   39    21    209 
  47   40    56    559 
  47   41    75    755 
  47   42    66    664 
  47   43    30    304 
  47   44    34    346 
  47   45    66    658 
  47   46    31    318 
  47   47    76    762 
  47   48    76    756 
  47   49    21    215 
  48    0    26    262 
  48    1    52    520 
  48    2    51    514 
  48    3    64    644 
  48    4    23    238 
  48    5    60    599 
  48    6    33    332 
  48    7    77    771 
  48    8    55    547 
  48    9    30    308 
  48   10    41    409 
  48   11    73    726 
  48   12    24    244 
  48   13    55    552 
  48   14    70    699 
  48   15    50    499 
  48   16    28    282 
  48   17    62    621 
  48   18    41    408 
  48   19    74    736 
  48   20    56    565 
  48   21    23    234 
  48   22    56    561 
  48   23    48    485 
  48   24    72    724 
  48   25    58    585 
  48   26    64    640 
  48   27    58    578 
  48   28    33    336 
  48   29    35    354 
  48   30    64    643 
  48   31    25    249 
  48   32    78    785 
  48   33    46    465 
  48   34    68    681 
  48   35    45    453 
  48   36    44    439 
  48   37    69    695 
  48   38    67    669 
  48   39    62    625 
  48   40    53    528 
  48   41    68    685 
  48   42    68    677 
  48   43    34    343 
  48   44    25    257 
  48   45    45    455 
  48   46    23    238 
  48   47    37    377 
  48   48    23    232 
  48   49    44    441 
  49    0    49    491 
  49    1    54    539 
  49    2    49    495 
  49    3    24    240 
  49    4    38    381 
  49    5    42    420 
  49    6    41    411 
  49    7    68    685 
  49    8    37    374 
  49    9    27    272 
  49   10    71    715 
  49   11    58    585 
  49   12    27    276 
  49   13    79    793 
  49   14    38    385 
  49   15    63    629 
  49   16    36    364 
  49   17    76    761 
  49   18    41    412 
  49   19    48    487 
  49   20    46    467 
  49   21    71    707 
  49   22    66    664 
  49   23    61    613 
  49   24    55    547 
  49   25    62    624 
  49   26    46    458 
  49   27    80    800 
  49   28    78    784 
  49   29    44    447 
  49   30    20    208 
  49   31    48    481 
  49   32    49    496 
  49   33    79    789 
  49   34    69    687 
  49   35    42    427 
  49   36    31    315 
  49   37    57    573 
  49   38    35    357 
  49   39    57    572 
  49   40    48    487 
  49   41    59    594 
  49   42    54    545 
  49   43    69    693 
  49   44    27    278 
  49   45    64    643 
  49   46    28    280 
  49   47    67    666 
  49   48    43    429 
  49   49    31    317 
