 50
 50

    1
    8
    2
    6
    7
   15
    9
    2
   13
   20
   18
   16
    5
    4
   12
    3
   12
    7
    3
    9
   15
   13
   16
    2
   13
   15
   17
    7
   17
   15
    5
   20
   20
    3
   11
    7
    4
   13
   12
   14
    8
   20
    8
    9
    2
   14
    3
   20
   18
   18

    1
   20
   20
   14
   14
   13
    6
   10
   12
    1
   15
   11
    8
    7
   15
   15
   12
   11
   13
    8
   11
    6
    3
   17
    1
    3
   18
   17
    8
   16
    6
    9
    4
   10
    2
   12
   10
   17
   14
    2
   18
   20
   11
    3
   20
   10
   19
    5
    3
   10

   0    0    44    476 
   0    1    64    694 
   0    2    56    603 
   0    3    32    348 
   0    4    34    365 
   0    5    28    304 
   0    6    64    690 
   0    7    44    477 
   0    8    42    456 
   0    9    31    342 
   0   10    35    382 
   0   11    31    339 
   0   12    43    470 
   0   13    60    648 
   0   14    41    446 
   0   15    70    752 
   0   16    72    781 
   0   17    25    275 
   0   18    70    757 
   0   19    43    466 
   0   20    44    472 
   0   21    58    630 
   0   22    35    376 
   0   23    44    480 
   0   24    65    701 
   0   25    68    730 
   0   26    59    640 
   0   27    51    554 
   0   28    30    329 
   0   29    32    344 
   0   30    32    351 
   0   31    31    342 
   0   32    61    660 
   0   33    59    634 
   0   34    56    602 
   0   35    34    375 
   0   36    45    485 
   0   37    46    495 
   0   38    44    481 
   0   39    22    237 
   0   40    20    220 
   0   41    54    581 
   0   42    71    771 
   0   43    69    747 
   0   44    28    310 
   0   45    46    495 
   0   46    51    553 
   0   47    54    589 
   0   48    64    689 
   0   49    61    662 
   1    0    60    644 
   1    1    19    206 
   1    2    24    258 
   1    3    23    252 
   1    4    72    780 
   1    5    68    739 
   1    6    57    622 
   1    7    51    551 
   1    8    42    451 
   1    9    23    249 
   1   10    29    315 
   1   11    37    397 
   1   12    38    417 
   1   13    61    660 
   1   14    69    742 
   1   15    43    465 
   1   16    34    374 
   1   17    66    711 
   1   18    71    764 
   1   19    20    217 
   1   20    40    430 
   1   21    22    240 
   1   22    31    339 
   1   23    29    316 
   1   24    21    230 
   1   25    19    211 
   1   26    37    406 
   1   27    32    352 
   1   28    59    633 
   1   29    54    582 
   1   30    71    768 
   1   31    51    556 
   1   32    52    558 
   1   33    28    301 
   1   34    64    688 
   1   35    25    270 
   1   36    58    624 
   1   37    55    597 
   1   38    46    502 
   1   39    37    397 
   1   40    22    246 
   1   41    33    355 
   1   42    67    721 
   1   43    37    403 
   1   44    33    357 
   1   45    69    747 
   1   46    36    393 
   1   47    30    324 
   1   48    40    435 
   1   49    73    791 
   2    0    22    243 
   2    1    56    606 
   2    2    47    513 
   2    3    63    678 
   2    4    62    673 
   2    5    34    373 
   2    6    37    401 
   2    7    20    223 
   2    8    42    452 
   2    9    19    205 
   2   10    41    449 
   2   11    30    330 
   2   12    54    585 
   2   13    23    254 
   2   14    27    299 
   2   15    21    233 
   2   16    39    424 
   2   17    46    502 
   2   18    70    751 
   2   19    57    617 
   2   20    18    200 
   2   21    70    757 
   2   22    47    510 
   2   23    68    738 
   2   24    41    444 
   2   25    68    733 
   2   26    30    330 
   2   27    68    736 
   2   28    47    510 
   2   29    32    352 
   2   30    73    787 
   2   31    67    722 
   2   32    22    237 
   2   33    20    215 
   2   34    30    326 
   2   35    63    685 
   2   36    47    506 
   2   37    27    300 
   2   38    52    558 
   2   39    52    566 
   2   40    59    637 
   2   41    45    492 
   2   42    54    586 
   2   43    73    784 
   2   44    50    538 
   2   45    56    608 
   2   46    60    649 
   2   47    65    707 
   2   48    39    426 
   2   49    59    641 
   3    0    66    709 
   3    1    63    679 
   3    2    45    487 
   3    3    51    555 
   3    4    23    249 
   3    5    41    447 
   3    6    31    339 
   3    7    32    346 
   3    8    71    770 
   3    9    33    359 
   3   10    73    789 
   3   11    60    647 
   3   12    54    585 
   3   13    31    341 
   3   14    38    412 
   3   15    39    426 
   3   16    28    311 
   3   17    23    255 
   3   18    56    608 
   3   19    18    200 
   3   20    37    407 
   3   21    41    443 
   3   22    39    419 
   3   23    51    556 
   3   24    38    412 
   3   25    69    746 
   3   26    47    505 
   3   27    35    381 
   3   28    62    674 
   3   29    35    379 
   3   30    51    555 
   3   31    43    463 
   3   32    59    635 
   3   33    21    233 
   3   34    33    359 
   3   35    19    209 
   3   36    67    728 
   3   37    62    666 
   3   38    22    241 
   3   39    45    487 
   3   40    20    215 
   3   41    70    752 
   3   42    56    606 
   3   43    34    366 
   3   44    56    611 
   3   45    38    418 
   3   46    54    588 
   3   47    32    352 
   3   48    49    530 
   3   49    41    441 
   4    0    53    575 
   4    1    19    208 
   4    2    29    317 
   4    3    57    614 
   4    4    54    586 
   4    5    71    767 
   4    6    61    664 
   4    7    63    678 
   4    8    57    621 
   4    9    60    644 
   4   10    68    734 
   4   11    62    668 
   4   12    28    307 
   4   13    74    797 
   4   14    21    229 
   4   15    68    733 
   4   16    27    295 
   4   17    37    405 
   4   18    52    558 
   4   19    20    216 
   4   20    69    741 
   4   21    60    647 
   4   22    42    453 
   4   23    49    531 
   4   24    55    594 
   4   25    71    765 
   4   26    74    800 
   4   27    25    275 
   4   28    69    743 
   4   29    65    703 
   4   30    64    692 
   4   31    64    695 
   4   32    55    598 
   4   33    62    670 
   4   34    42    458 
   4   35    63    682 
   4   36    54    588 
   4   37    66    711 
   4   38    51    551 
   4   39    33    359 
   4   40    70    759 
   4   41    37    406 
   4   42    36    389 
   4   43    29    319 
   4   44    41    450 
   4   45    42    459 
   4   46    64    695 
   4   47    24    258 
   4   48    21    228 
   4   49    56    604 
   5    0    20    217 
   5    1    63    683 
   5    2    70    754 
   5    3    47    513 
   5    4    18    201 
   5    5    56    607 
   5    6    43    468 
   5    7    60    646 
   5    8    55    600 
   5    9    20    223 
   5   10    69    746 
   5   11    48    523 
   5   12    40    436 
   5   13    62    669 
   5   14    56    609 
   5   15    41    450 
   5   16    70    753 
   5   17    27    294 
   5   18    35    377 
   5   19    66    716 
   5   20    65    702 
   5   21    31    339 
   5   22    46    503 
   5   23    64    693 
   5   24    67    725 
   5   25    22    237 
   5   26    73    792 
   5   27    48    524 
   5   28    39    426 
   5   29    59    637 
   5   30    32    348 
   5   31    23    248 
   5   32    27    298 
   5   33    64    692 
   5   34    27    294 
   5   35    68    737 
   5   36    47    514 
   5   37    26    286 
   5   38    23    254 
   5   39    28    307 
   5   40    67    725 
   5   41    52    563 
   5   42    53    570 
   5   43    74    796 
   5   44    50    541 
   5   45    49    533 
   5   46    47    510 
   5   47    42    455 
   5   48    30    324 
   5   49    61    657 
   6    0    56    603 
   6    1    28    302 
   6    2    47    505 
   6    3    74    799 
   6    4    30    322 
   6    5    41    448 
   6    6    26    282 
   6    7    72    773 
   6    8    32    350 
   6    9    31    341 
   6   10    72    777 
   6   11    59    636 
   6   12    54    583 
   6   13    20    218 
   6   14    26    283 
   6   15    39    425 
   6   16    68    731 
   6   17    31    333 
   6   18    26    288 
   6   19    28    304 
   6   20    27    293 
   6   21    56    601 
   6   22    72    778 
   6   23    43    462 
   6   24    63    683 
   6   25    73    784 
   6   26    20    224 
   6   27    29    314 
   6   28    21    227 
   6   29    34    368 
   6   30    46    502 
   6   31    28    304 
   6   32    30    322 
   6   33    30    326 
   6   34    42    457 
   6   35    53    575 
   6   36    39    426 
   6   37    31    341 
   6   38    32    351 
   6   39    18    203 
   6   40    67    727 
   6   41    31    339 
   6   42    27    296 
   6   43    37    397 
   6   44    26    284 
   6   45    18    201 
   6   46    56    606 
   6   47    63    686 
   6   48    25    271 
   6   49    18    201 
   7    0    68    730 
   7    1    61    659 
   7    2    59    633 
   7    3    51    553 
   7    4    39    423 
   7    5    60    651 
   7    6    20    219 
   7    7    20    225 
   7    8    38    416 
   7    9    24    268 
   7   10    29    315 
   7   11    71    765 
   7   12    52    562 
   7   13    22    243 
   7   14    48    523 
   7   15    54    581 
   7   16    65    699 
   7   17    52    562 
   7   18    65    705 
   7   19    70    760 
   7   20    45    488 
   7   21    73    792 
   7   22    60    651 
   7   23    39    429 
   7   24    21    230 
   7   25    24    263 
   7   26    53    579 
   7   27    69    750 
   7   28    57    614 
   7   29    21    229 
   7   30    55    594 
   7   31    45    488 
   7   32    29    317 
   7   33    61    659 
   7   34    40    435 
   7   35    63    685 
   7   36    33    357 
   7   37    35    386 
   7   38    51    557 
   7   39    40    430 
   7   40    45    489 
   7   41    50    538 
   7   42    38    408 
   7   43    34    373 
   7   44    46    498 
   7   45    27    297 
   7   46    53    573 
   7   47    60    654 
   7   48    36    391 
   7   49    53    572 
   8    0    44    476 
   8    1    22    243 
   8    2    62    674 
   8    3    57    618 
   8    4    24    260 
   8    5    61    657 
   8    6    74    795 
   8    7    45    491 
   8    8    49    527 
   8    9    52    566 
   8   10    29    319 
   8   11    56    601 
   8   12    49    529 
   8   13    23    247 
   8   14    37    407 
   8   15    65    702 
   8   16    61    660 
   8   17    22    243 
   8   18    39    426 
   8   19    45    483 
   8   20    50    539 
   8   21    70    754 
   8   22    61    665 
   8   23    24    267 
   8   24    44    482 
   8   25    25    273 
   8   26    34    367 
   8   27    33    360 
   8   28    55    595 
   8   29    24    267 
   8   30    42    456 
   8   31    36    388 
   8   32    23    255 
   8   33    53    574 
   8   34    33    357 
   8   35    19    206 
   8   36    66    708 
   8   37    53    576 
   8   38    62    675 
   8   39    26    283 
   8   40    63    677 
   8   41    41    447 
   8   42    68    739 
   8   43    30    331 
   8   44    27    291 
   8   45    73    786 
   8   46    24    260 
   8   47    73    786 
   8   48    45    490 
   8   49    26    280 
   9    0    52    564 
   9    1    56    603 
   9    2    31    339 
   9    3    64    690 
   9    4    46    495 
   9    5    26    285 
   9    6    71    770 
   9    7    35    379 
   9    8    56    604 
   9    9    34    370 
   9   10    51    553 
   9   11    71    768 
   9   12    21    235 
   9   13    23    251 
   9   14    54    582 
   9   15    52    560 
   9   16    52    561 
   9   17    70    753 
   9   18    30    326 
   9   19    44    477 
   9   20    27    291 
   9   21    57    613 
   9   22    66    713 
   9   23    23    257 
   9   24    51    549 
   9   25    68    738 
   9   26    49    536 
   9   27    72    775 
   9   28    19    211 
   9   29    47    509 
   9   30    28    310 
   9   31    58    629 
   9   32    74    796 
   9   33    41    448 
   9   34    60    653 
   9   35    67    727 
   9   36    59    642 
   9   37    39    424 
   9   38    35    381 
   9   39    20    215 
   9   40    51    557 
   9   41    55    597 
   9   42    25    278 
   9   43    30    323 
   9   44    18    202 
   9   45    27    290 
   9   46    74    795 
   9   47    69    742 
   9   48    28    311 
   9   49    72    783 
  10    0    56    604 
  10    1    44    475 
  10    2    26    285 
  10    3    44    482 
  10    4    29    320 
  10    5    67    722 
  10    6    58    632 
  10    7    72    781 
  10    8    52    559 
  10    9    25    278 
  10   10    25    273 
  10   11    52    558 
  10   12    19    212 
  10   13    70    756 
  10   14    30    322 
  10   15    34    366 
  10   16    44    475 
  10   17    26    287 
  10   18    22    238 
  10   19    66    716 
  10   20    72    775 
  10   21    74    799 
  10   22    22    239 
  10   23    72    778 
  10   24    36    387 
  10   25    48    525 
  10   26    71    766 
  10   27    53    575 
  10   28    50    544 
  10   29    69    747 
  10   30    73    786 
  10   31    35    377 
  10   32    46    498 
  10   33    20    215 
  10   34    61    656 
  10   35    59    638 
  10   36    35    379 
  10   37    43    463 
  10   38    41    446 
  10   39    59    637 
  10   40    43    465 
  10   41    57    615 
  10   42    33    362 
  10   43    60    646 
  10   44    56    603 
  10   45    68    739 
  10   46    24    263 
  10   47    43    462 
  10   48    73    784 
  10   49    65    705 
  11    0    67    723 
  11    1    74    794 
  11    2    71    769 
  11    3    40    438 
  11    4    33    355 
  11    5    62    671 
  11    6    39    419 
  11    7    62    671 
  11    8    72    778 
  11    9    38    409 
  11   10    36    389 
  11   11    43    470 
  11   12    54    589 
  11   13    22    238 
  11   14    56    607 
  11   15    29    318 
  11   16    36    396 
  11   17    45    487 
  11   18    26    284 
  11   19    68    739 
  11   20    39    424 
  11   21    54    584 
  11   22    42    459 
  11   23    24    263 
  11   24    59    642 
  11   25    59    633 
  11   26    37    398 
  11   27    56    606 
  11   28    24    258 
  11   29    53    571 
  11   30    31    336 
  11   31    71    763 
  11   32    46    496 
  11   33    72    776 
  11   34    59    643 
  11   35    63    685 
  11   36    72    783 
  11   37    38    415 
  11   38    35    385 
  11   39    47    510 
  11   40    47    512 
  11   41    24    262 
  11   42    56    603 
  11   43    36    387 
  11   44    73    791 
  11   45    52    562 
  11   46    45    483 
  11   47    36    388 
  11   48    53    571 
  11   49    53    575 
  12    0    31    338 
  12    1    38    413 
  12    2    19    205 
  12    3    26    287 
  12    4    33    357 
  12    5    49    527 
  12    6    56    610 
  12    7    29    320 
  12    8    58    627 
  12    9    33    364 
  12   10    64    693 
  12   11    29    312 
  12   12    36    394 
  12   13    48    522 
  12   14    51    551 
  12   15    62    671 
  12   16    41    441 
  12   17    61    663 
  12   18    53    577 
  12   19    42    457 
  12   20    44    476 
  12   21    44    472 
  12   22    72    776 
  12   23    41    440 
  12   24    23    257 
  12   25    30    324 
  12   26    67    724 
  12   27    60    651 
  12   28    45    488 
  12   29    37    400 
  12   30    33    354 
  12   31    66    711 
  12   32    54    584 
  12   33    65    705 
  12   34    37    404 
  12   35    66    709 
  12   36    65    700 
  12   37    65    705 
  12   38    27    295 
  12   39    26    284 
  12   40    47    514 
  12   41    53    571 
  12   42    46    499 
  12   43    46    496 
  12   44    60    653 
  12   45    46    499 
  12   46    32    351 
  12   47    39    425 
  12   48    70    752 
  12   49    66    709 
  13    0    39    425 
  13    1    39    423 
  13    2    38    413 
  13    3    24    264 
  13    4    49    536 
  13    5    54    588 
  13    6    49    534 
  13    7    66    713 
  13    8    69    750 
  13    9    71    762 
  13   10    71    770 
  13   11    72    780 
  13   12    63    678 
  13   13    27    300 
  13   14    40    437 
  13   15    64    696 
  13   16    19    209 
  13   17    66    716 
  13   18    38    411 
  13   19    50    544 
  13   20    53    576 
  13   21    38    412 
  13   22    45    486 
  13   23    28    307 
  13   24    19    214 
  13   25    48    516 
  13   26    55    595 
  13   27    39    426 
  13   28    73    785 
  13   29    39    422 
  13   30    67    728 
  13   31    44    478 
  13   32    68    735 
  13   33    25    274 
  13   34    35    382 
  13   35    23    248 
  13   36    43    465 
  13   37    49    526 
  13   38    22    238 
  13   39    39    424 
  13   40    62    667 
  13   41    29    312 
  13   42    18    200 
  13   43    53    573 
  13   44    27    294 
  13   45    43    468 
  13   46    49    536 
  13   47    33    360 
  13   48    36    388 
  13   49    70    760 
  14    0    31    342 
  14    1    46    500 
  14    2    69    746 
  14    3    42    455 
  14    4    68    731 
  14    5    34    375 
  14    6    70    753 
  14    7    67    724 
  14    8    47    512 
  14    9    43    464 
  14   10    54    583 
  14   11    35    383 
  14   12    37    406 
  14   13    22    238 
  14   14    50    544 
  14   15    57    613 
  14   16    70    754 
  14   17    34    374 
  14   18    26    282 
  14   19    25    272 
  14   20    53    577 
  14   21    68    735 
  14   22    36    391 
  14   23    52    562 
  14   24    72    778 
  14   25    41    448 
  14   26    26    288 
  14   27    39    422 
  14   28    56    603 
  14   29    50    540 
  14   30    31    337 
  14   31    39    422 
  14   32    33    355 
  14   33    23    252 
  14   34    30    322 
  14   35    36    388 
  14   36    72    783 
  14   37    62    672 
  14   38    37    404 
  14   39    53    575 
  14   40    50    537 
  14   41    52    564 
  14   42    72    783 
  14   43    21    231 
  14   44    39    424 
  14   45    45    491 
  14   46    70    756 
  14   47    55    599 
  14   48    50    538 
  14   49    33    362 
  15    0    49    528 
  15    1    33    363 
  15    2    62    666 
  15    3    68    734 
  15    4    49    527 
  15    5    38    414 
  15    6    42    455 
  15    7    51    557 
  15    8    44    478 
  15    9    42    459 
  15   10    67    728 
  15   11    21    226 
  15   12    35    377 
  15   13    20    216 
  15   14    67    723 
  15   15    20    215 
  15   16    27    295 
  15   17    65    705 
  15   18    47    514 
  15   19    70    758 
  15   20    24    261 
  15   21    20    220 
  15   22    33    356 
  15   23    49    528 
  15   24    54    584 
  15   25    61    663 
  15   26    25    269 
  15   27    50    545 
  15   28    52    559 
  15   29    59    637 
  15   30    36    387 
  15   31    64    694 
  15   32    19    213 
  15   33    55    591 
  15   34    20    218 
  15   35    42    455 
  15   36    21    228 
  15   37    57    617 
  15   38    34    367 
  15   39    32    352 
  15   40    30    329 
  15   41    46    503 
  15   42    34    370 
  15   43    20    219 
  15   44    31    343 
  15   45    67    724 
  15   46    65    703 
  15   47    26    284 
  15   48    62    672 
  15   49    22    240 
  16    0    66    708 
  16    1    42    460 
  16    2    26    280 
  16    3    37    405 
  16    4    41    440 
  16    5    27    295 
  16    6    29    317 
  16    7    43    463 
  16    8    56    601 
  16    9    24    262 
  16   10    40    438 
  16   11    24    261 
  16   12    49    535 
  16   13    68    733 
  16   14    58    631 
  16   15    64    693 
  16   16    45    490 
  16   17    42    460 
  16   18    52    567 
  16   19    44    475 
  16   20    27    292 
  16   21    48    517 
  16   22    67    726 
  16   23    31    338 
  16   24    73    788 
  16   25    33    355 
  16   26    44    475 
  16   27    72    773 
  16   28    55    591 
  16   29    21    231 
  16   30    71    769 
  16   31    45    490 
  16   32    61    661 
  16   33    46    501 
  16   34    20    221 
  16   35    44    481 
  16   36    44    472 
  16   37    72    773 
  16   38    49    535 
  16   39    70    757 
  16   40    25    274 
  16   41    63    684 
  16   42    60    648 
  16   43    52    565 
  16   44    74    796 
  16   45    56    608 
  16   46    61    660 
  16   47    24    263 
  16   48    28    302 
  16   49    37    401 
  17    0    25    277 
  17    1    47    511 
  17    2    70    760 
  17    3    40    436 
  17    4    66    712 
  17    5    24    263 
  17    6    24    264 
  17    7    44    478 
  17    8    41    449 
  17    9    67    719 
  17   10    24    266 
  17   11    47    512 
  17   12    72    774 
  17   13    35    378 
  17   14    24    264 
  17   15    61    664 
  17   16    20    219 
  17   17    36    394 
  17   18    32    344 
  17   19    31    341 
  17   20    48    520 
  17   21    38    415 
  17   22    29    314 
  17   23    39    427 
  17   24    58    624 
  17   25    58    624 
  17   26    45    486 
  17   27    49    526 
  17   28    53    571 
  17   29    57    613 
  17   30    57    619 
  17   31    71    769 
  17   32    27    296 
  17   33    40    431 
  17   34    36    396 
  17   35    69    749 
  17   36    67    725 
  17   37    43    464 
  17   38    65    707 
  17   39    33    355 
  17   40    34    370 
  17   41    36    392 
  17   42    60    652 
  17   43    48    516 
  17   44    72    783 
  17   45    53    572 
  17   46    30    324 
  17   47    63    686 
  17   48    73    787 
  17   49    43    471 
  18    0    63    676 
  18    1    43    467 
  18    2    66    717 
  18    3    60    652 
  18    4    74    799 
  18    5    70    752 
  18    6    48    516 
  18    7    36    391 
  18    8    30    331 
  18    9    24    258 
  18   10    55    596 
  18   11    23    251 
  18   12    29    313 
  18   13    26    287 
  18   14    39    425 
  18   15    54    586 
  18   16    59    643 
  18   17    45    484 
  18   18    52    563 
  18   19    70    754 
  18   20    66    708 
  18   21    36    390 
  18   22    37    407 
  18   23    51    551 
  18   24    41    447 
  18   25    34    368 
  18   26    23    249 
  18   27    68    738 
  18   28    70    757 
  18   29    55    598 
  18   30    40    439 
  18   31    72    773 
  18   32    43    470 
  18   33    35    376 
  18   34    25    275 
  18   35    42    454 
  18   36    59    633 
  18   37    51    548 
  18   38    47    511 
  18   39    19    204 
  18   40    54    584 
  18   41    24    259 
  18   42    27    299 
  18   43    53    576 
  18   44    58    631 
  18   45    53    579 
  18   46    53    579 
  18   47    69    743 
  18   48    67    722 
  18   49    49    528 
  19    0    25    269 
  19    1    19    205 
  19    2    63    685 
  19    3    55    593 
  19    4    73    793 
  19    5    74    797 
  19    6    55    598 
  19    7    25    277 
  19    8    31    335 
  19    9    37    405 
  19   10    28    301 
  19   11    64    695 
  19   12    43    468 
  19   13    18    200 
  19   14    63    682 
  19   15    53    579 
  19   16    36    394 
  19   17    72    781 
  19   18    21    233 
  19   19    37    403 
  19   20    58    627 
  19   21    44    472 
  19   22    47    505 
  19   23    21    231 
  19   24    62    667 
  19   25    73    787 
  19   26    72    782 
  19   27    27    299 
  19   28    66    713 
  19   29    69    741 
  19   30    30    323 
  19   31    67    728 
  19   32    36    395 
  19   33    19    207 
  19   34    42    453 
  19   35    35    384 
  19   36    65    701 
  19   37    45    491 
  19   38    37    400 
  19   39    57    613 
  19   40    33    362 
  19   41    49    529 
  19   42    35    386 
  19   43    31    339 
  19   44    39    428 
  19   45    38    415 
  19   46    55    596 
  19   47    21    233 
  19   48    37    402 
  19   49    41    447 
  20    0    59    642 
  20    1    58    629 
  20    2    58    629 
  20    3    65    707 
  20    4    31    342 
  20    5    54    585 
  20    6    19    214 
  20    7    26    281 
  20    8    21    232 
  20    9    69    742 
  20   10    30    323 
  20   11    69    747 
  20   12    72    779 
  20   13    70    752 
  20   14    23    248 
  20   15    51    548 
  20   16    42    453 
  20   17    60    649 
  20   18    21    229 
  20   19    22    237 
  20   20    20    221 
  20   21    34    368 
  20   22    43    469 
  20   23    43    466 
  20   24    32    346 
  20   25    35    382 
  20   26    55    591 
  20   27    67    721 
  20   28    55    592 
  20   29    64    693 
  20   30    44    476 
  20   31    49    529 
  20   32    43    469 
  20   33    28    310 
  20   34    37    401 
  20   35    45    489 
  20   36    24    268 
  20   37    62    667 
  20   38    39    421 
  20   39    40    434 
  20   40    28    304 
  20   41    72    780 
  20   42    39    428 
  20   43    37    401 
  20   44    26    288 
  20   45    62    666 
  20   46    23    247 
  20   47    25    276 
  20   48    19    208 
  20   49    41    449 
  21    0    47    507 
  21    1    63    684 
  21    2    27    295 
  21    3    65    705 
  21    4    68    732 
  21    5    58    631 
  21    6    69    745 
  21    7    40    431 
  21    8    64    692 
  21    9    70    752 
  21   10    26    289 
  21   11    44    474 
  21   12    38    413 
  21   13    73    790 
  21   14    72    781 
  21   15    53    575 
  21   16    72    775 
  21   17    31    334 
  21   18    24    266 
  21   19    49    535 
  21   20    25    269 
  21   21    70    757 
  21   22    45    488 
  21   23    72    779 
  21   24    36    392 
  21   25    25    275 
  21   26    46    494 
  21   27    35    383 
  21   28    71    769 
  21   29    19    207 
  21   30    73    784 
  21   31    29    315 
  21   32    57    612 
  21   33    40    435 
  21   34    65    700 
  21   35    53    572 
  21   36    51    557 
  21   37    72    782 
  21   38    31    341 
  21   39    60    644 
  21   40    51    554 
  21   41    49    527 
  21   42    37    406 
  21   43    24    261 
  21   44    21    228 
  21   45    28    303 
  21   46    19    212 
  21   47    67    727 
  21   48    27    300 
  21   49    47    511 
  22    0    20    217 
  22    1    35    378 
  22    2    46    503 
  22    3    58    624 
  22    4    57    613 
  22    5    39    428 
  22    6    46    501 
  22    7    64    695 
  22    8    49    532 
  22    9    19    214 
  22   10    56    606 
  22   11    36    393 
  22   12    22    239 
  22   13    67    729 
  22   14    58    624 
  22   15    47    514 
  22   16    45    490 
  22   17    18    202 
  22   18    47    511 
  22   19    49    536 
  22   20    59    635 
  22   21    56    611 
  22   22    37    406 
  22   23    34    369 
  22   24    22    243 
  22   25    57    616 
  22   26    19    211 
  22   27    69    750 
  22   28    68    737 
  22   29    33    364 
  22   30    55    590 
  22   31    71    763 
  22   32    41    442 
  22   33    44    473 
  22   34    53    572 
  22   35    19    210 
  22   36    47    506 
  22   37    31    338 
  22   38    54    582 
  22   39    19    205 
  22   40    54    580 
  22   41    58    632 
  22   42    56    604 
  22   43    74    796 
  22   44    48    522 
  22   45    61    662 
  22   46    37    401 
  22   47    49    527 
  22   48    60    653 
  22   49    52    566 
  23    0    70    754 
  23    1    31    339 
  23    2    62    667 
  23    3    41    446 
  23    4    20    224 
  23    5    35    385 
  23    6    23    254 
  23    7    35    382 
  23    8    22    245 
  23    9    64    691 
  23   10    40    438 
  23   11    51    550 
  23   12    61    660 
  23   13    20    218 
  23   14    20    218 
  23   15    63    681 
  23   16    45    487 
  23   17    48    520 
  23   18    55    592 
  23   19    44    473 
  23   20    49    529 
  23   21    39    422 
  23   22    61    656 
  23   23    62    675 
  23   24    31    338 
  23   25    64    695 
  23   26    58    629 
  23   27    24    267 
  23   28    18    203 
  23   29    67    725 
  23   30    51    555 
  23   31    60    653 
  23   32    48    518 
  23   33    19    211 
  23   34    70    761 
  23   35    23    247 
  23   36    65    703 
  23   37    65    699 
  23   38    34    365 
  23   39    31    337 
  23   40    74    799 
  23   41    64    694 
  23   42    34    375 
  23   43    46    500 
  23   44    44    474 
  23   45    47    510 
  23   46    45    489 
  23   47    29    319 
  23   48    71    764 
  23   49    27    299 
  24    0    40    435 
  24    1    42    457 
  24    2    54    584 
  24    3    58    630 
  24    4    63    676 
  24    5    42    461 
  24    6    45    489 
  24    7    42    455 
  24    8    41    441 
  24    9    52    566 
  24   10    59    641 
  24   11    43    462 
  24   12    58    632 
  24   13    41    448 
  24   14    69    745 
  24   15    63    684 
  24   16    56    607 
  24   17    34    373 
  24   18    45    484 
  24   19    55    591 
  24   20    39    424 
  24   21    74    796 
  24   22    65    706 
  24   23    56    610 
  24   24    71    768 
  24   25    29    321 
  24   26    39    428 
  24   27    55    596 
  24   28    51    554 
  24   29    62    671 
  24   30    36    391 
  24   31    59    640 
  24   32    45    484 
  24   33    46    500 
  24   34    20    216 
  24   35    65    707 
  24   36    34    366 
  24   37    44    475 
  24   38    19    213 
  24   39    57    615 
  24   40    41    441 
  24   41    40    438 
  24   42    59    640 
  24   43    36    389 
  24   44    22    245 
  24   45    65    702 
  24   46    20    218 
  24   47    61    665 
  24   48    19    210 
  24   49    25    277 
  25    0    41    443 
  25    1    28    301 
  25    2    64    693 
  25    3    62    668 
  25    4    55    590 
  25    5    48    518 
  25    6    54    582 
  25    7    36    388 
  25    8    62    668 
  25    9    34    366 
  25   10    46    494 
  25   11    67    725 
  25   12    32    353 
  25   13    64    693 
  25   14    57    612 
  25   15    73    786 
  25   16    44    477 
  25   17    58    626 
  25   18    24    265 
  25   19    71    766 
  25   20    34    372 
  25   21    42    456 
  25   22    52    559 
  25   23    22    236 
  25   24    65    705 
  25   25    53    576 
  25   26    42    456 
  25   27    43    470 
  25   28    61    659 
  25   29    72    774 
  25   30    18    200 
  25   31    25    277 
  25   32    56    602 
  25   33    66    711 
  25   34    41    444 
  25   35    47    512 
  25   36    64    692 
  25   37    33    360 
  25   38    32    349 
  25   39    68    740 
  25   40    21    226 
  25   41    35    382 
  25   42    19    204 
  25   43    45    492 
  25   44    36    391 
  25   45    69    749 
  25   46    35    376 
  25   47    23    251 
  25   48    36    389 
  25   49    35    378 
  26    0    40    437 
  26    1    56    602 
  26    2    54    588 
  26    3    29    318 
  26    4    65    698 
  26    5    55    600 
  26    6    47    514 
  26    7    23    249 
  26    8    60    648 
  26    9    37    407 
  26   10    40    432 
  26   11    59    634 
  26   12    56    603 
  26   13    33    357 
  26   14    70    760 
  26   15    59    633 
  26   16    52    562 
  26   17    34    371 
  26   18    54    586 
  26   19    25    276 
  26   20    55    599 
  26   21    73    793 
  26   22    31    342 
  26   23    31    335 
  26   24    63    676 
  26   25    67    722 
  26   26    72    781 
  26   27    33    358 
  26   28    54    586 
  26   29    22    242 
  26   30    22    241 
  26   31    29    312 
  26   32    20    216 
  26   33    50    537 
  26   34    65    701 
  26   35    69    743 
  26   36    44    474 
  26   37    30    325 
  26   38    67    724 
  26   39    73    792 
  26   40    36    389 
  26   41    67    729 
  26   42    19    209 
  26   43    62    667 
  26   44    52    558 
  26   45    71    769 
  26   46    50    547 
  26   47    40    439 
  26   48    56    601 
  26   49    70    760 
  27    0    62    668 
  27    1    32    348 
  27    2    58    631 
  27    3    50    544 
  27    4    21    229 
  27    5    54    588 
  27    6    60    652 
  27    7    41    442 
  27    8    49    531 
  27    9    73    790 
  27   10    47    510 
  27   11    47    514 
  27   12    70    751 
  27   13    49    534 
  27   14    26    289 
  27   15    63    685 
  27   16    71    772 
  27   17    65    698 
  27   18    41    440 
  27   19    27    297 
  27   20    28    307 
  27   21    56    605 
  27   22    56    603 
  27   23    22    244 
  27   24    28    309 
  27   25    51    554 
  27   26    66    714 
  27   27    23    251 
  27   28    21    228 
  27   29    23    256 
  27   30    27    295 
  27   31    44    478 
  27   32    37    403 
  27   33    45    491 
  27   34    66    710 
  27   35    50    545 
  27   36    34    366 
  27   37    29    319 
  27   38    21    233 
  27   39    33    360 
  27   40    62    669 
  27   41    44    481 
  27   42    62    666 
  27   43    52    567 
  27   44    54    584 
  27   45    52    566 
  27   46    30    327 
  27   47    33    356 
  27   48    47    508 
  27   49    49    526 
  28    0    48    519 
  28    1    41    441 
  28    2    35    386 
  28    3    52    559 
  28    4    52    565 
  28    5    54    589 
  28    6    64    697 
  28    7    21    234 
  28    8    21    232 
  28    9    73    787 
  28   10    73    787 
  28   11    50    542 
  28   12    68    738 
  28   13    24    261 
  28   14    61    655 
  28   15    23    247 
  28   16    70    760 
  28   17    67    721 
  28   18    69    746 
  28   19    24    266 
  28   20    52    562 
  28   21    61    663 
  28   22    62    672 
  28   23    19    213 
  28   24    34    371 
  28   25    39    428 
  28   26    57    612 
  28   27    29    315 
  28   28    38    412 
  28   29    47    511 
  28   30    72    779 
  28   31    42    457 
  28   32    34    374 
  28   33    37    402 
  28   34    34    372 
  28   35    34    371 
  28   36    55    596 
  28   37    49    530 
  28   38    62    671 
  28   39    63    678 
  28   40    62    674 
  28   41    44    475 
  28   42    24    267 
  28   43    29    313 
  28   44    69    744 
  28   45    32    353 
  28   46    41    443 
  28   47    25    274 
  28   48    43    469 
  28   49    64    695 
  29    0    20    225 
  29    1    56    610 
  29    2    52    560 
  29    3    70    761 
  29    4    50    545 
  29    5    29    314 
  29    6    39    428 
  29    7    65    706 
  29    8    53    569 
  29    9    28    307 
  29   10    48    523 
  29   11    65    703 
  29   12    22    242 
  29   13    29    321 
  29   14    24    266 
  29   15    59    637 
  29   16    36    395 
  29   17    37    400 
  29   18    57    621 
  29   19    69    747 
  29   20    32    348 
  29   21    66    709 
  29   22    28    307 
  29   23    31    341 
  29   24    67    719 
  29   25    66    716 
  29   26    21    228 
  29   27    22    245 
  29   28    19    207 
  29   29    18    203 
  29   30    62    671 
  29   31    59    638 
  29   32    40    437 
  29   33    37    401 
  29   34    20    218 
  29   35    21    226 
  29   36    21    231 
  29   37    68    739 
  29   38    72    776 
  29   39    72    782 
  29   40    55    591 
  29   41    47    508 
  29   42    74    796 
  29   43    58    623 
  29   44    48    521 
  29   45    72    778 
  29   46    71    768 
  29   47    40    433 
  29   48    60    645 
  29   49    41    449 
  30    0    35    382 
  30    1    23    251 
  30    2    35    381 
  30    3    19    212 
  30    4    69    745 
  30    5    20    218 
  30    6    60    652 
  30    7    52    565 
  30    8    69    745 
  30    9    39    426 
  30   10    29    321 
  30   11    43    464 
  30   12    71    763 
  30   13    36    388 
  30   14    41    446 
  30   15    47    510 
  30   16    53    569 
  30   17    47    514 
  30   18    48    518 
  30   19    41    442 
  30   20    43    466 
  30   21    28    309 
  30   22    55    591 
  30   23    35    384 
  30   24    29    316 
  30   25    62    670 
  30   26    71    767 
  30   27    21    228 
  30   28    60    647 
  30   29    48    520 
  30   30    43    465 
  30   31    63    679 
  30   32    64    690 
  30   33    52    568 
  30   34    72    780 
  30   35    44    475 
  30   36    52    564 
  30   37    45    487 
  30   38    72    782 
  30   39    48    524 
  30   40    66    715 
  30   41    29    320 
  30   42    48    518 
  30   43    45    489 
  30   44    39    426 
  30   45    33    364 
  30   46    22    238 
  30   47    33    360 
  30   48    37    399 
  30   49    46    501 
  31    0    57    613 
  31    1    62    668 
  31    2    32    350 
  31    3    66    717 
  31    4    26    286 
  31    5    26    279 
  31    6    68    731 
  31    7    45    493 
  31    8    32    352 
  31    9    31    334 
  31   10    19    214 
  31   11    37    403 
  31   12    50    538 
  31   13    62    667 
  31   14    68    735 
  31   15    59    640 
  31   16    24    260 
  31   17    56    610 
  31   18    71    772 
  31   19    55    598 
  31   20    37    400 
  31   21    62    670 
  31   22    19    204 
  31   23    61    661 
  31   24    67    725 
  31   25    74    799 
  31   26    50    544 
  31   27    63    676 
  31   28    21    229 
  31   29    58    624 
  31   30    71    766 
  31   31    37    399 
  31   32    23    254 
  31   33    40    432 
  31   34    33    360 
  31   35    35    385 
  31   36    58    629 
  31   37    29    318 
  31   38    51    548 
  31   39    68    736 
  31   40    65    698 
  31   41    73    789 
  31   42    32    348 
  31   43    42    456 
  31   44    65    700 
  31   45    64    689 
  31   46    69    749 
  31   47    40    435 
  31   48    44    474 
  31   49    44    478 
  32    0    53    571 
  32    1    56    606 
  32    2    34    374 
  32    3    24    264 
  32    4    34    371 
  32    5    48    515 
  32    6    23    253 
  32    7    58    624 
  32    8    49    533 
  32    9    43    470 
  32   10    57    612 
  32   11    49    526 
  32   12    73    789 
  32   13    52    558 
  32   14    29    319 
  32   15    72    780 
  32   16    74    796 
  32   17    65    704 
  32   18    29    314 
  32   19    36    387 
  32   20    21    234 
  32   21    61    665 
  32   22    70    757 
  32   23    31    336 
  32   24    72    781 
  32   25    40    430 
  32   26    54    587 
  32   27    67    724 
  32   28    19    206 
  32   29    61    657 
  32   30    61    659 
  32   31    44    479 
  32   32    65    704 
  32   33    18    203 
  32   34    45    489 
  32   35    36    387 
  32   36    36    390 
  32   37    53    575 
  32   38    64    697 
  32   39    26    287 
  32   40    65    698 
  32   41    63    676 
  32   42    67    728 
  32   43    21    226 
  32   44    59    636 
  32   45    19    206 
  32   46    40    438 
  32   47    51    555 
  32   48    38    415 
  32   49    27    298 
  33    0    73    790 
  33    1    35    385 
  33    2    38    413 
  33    3    26    281 
  33    4    57    614 
  33    5    54    587 
  33    6    27    300 
  33    7    31    341 
  33    8    46    501 
  33    9    47    508 
  33   10    25    278 
  33   11    29    315 
  33   12    46    503 
  33   13    54    589 
  33   14    36    395 
  33   15    24    264 
  33   16    52    564 
  33   17    36    389 
  33   18    49    528 
  33   19    70    753 
  33   20    29    321 
  33   21    55    595 
  33   22    71    767 
  33   23    39    425 
  33   24    61    663 
  33   25    51    552 
  33   26    60    653 
  33   27    50    539 
  33   28    40    439 
  33   29    53    578 
  33   30    66    714 
  33   31    45    487 
  33   32    54    589 
  33   33    55    600 
  33   34    34    372 
  33   35    30    325 
  33   36    26    288 
  33   37    61    660 
  33   38    69    749 
  33   39    73    786 
  33   40    21    230 
  33   41    41    449 
  33   42    45    486 
  33   43    33    359 
  33   44    26    284 
  33   45    35    383 
  33   46    35    385 
  33   47    41    440 
  33   48    49    536 
  33   49    24    262 
  34    0    56    609 
  34    1    70    758 
  34    2    57    612 
  34    3    70    757 
  34    4    43    465 
  34    5    24    264 
  34    6    21    226 
  34    7    51    550 
  34    8    66    713 
  34    9    69    744 
  34   10    39    421 
  34   11    62    666 
  34   12    46    497 
  34   13    71    769 
  34   14    39    424 
  34   15    65    706 
  34   16    43    468 
  34   17    65    700 
  34   18    57    619 
  34   19    71    766 
  34   20    63    677 
  34   21    50    539 
  34   22    53    571 
  34   23    32    344 
  34   24    44    481 
  34   25    57    617 
  34   26    48    524 
  34   27    22    239 
  34   28    21    234 
  34   29    33    360 
  34   30    40    432 
  34   31    57    619 
  34   32    27    296 
  34   33    42    460 
  34   34    25    273 
  34   35    19    207 
  34   36    69    746 
  34   37    45    484 
  34   38    23    257 
  34   39    49    536 
  34   40    54    586 
  34   41    69    744 
  34   42    36    390 
  34   43    51    554 
  34   44    32    344 
  34   45    25    278 
  34   46    19    211 
  34   47    73    790 
  34   48    54    587 
  34   49    28    302 
  35    0    29    318 
  35    1    66    713 
  35    2    38    409 
  35    3    38    415 
  35    4    53    579 
  35    5    66    716 
  35    6    65    699 
  35    7    74    795 
  35    8    39    426 
  35    9    39    419 
  35   10    36    391 
  35   11    46    494 
  35   12    58    630 
  35   13    60    654 
  35   14    30    325 
  35   15    67    728 
  35   16    37    399 
  35   17    59    643 
  35   18    70    759 
  35   19    33    361 
  35   20    71    769 
  35   21    25    270 
  35   22    71    770 
  35   23    26    285 
  35   24    29    313 
  35   25    72    775 
  35   26    55    599 
  35   27    22    246 
  35   28    51    555 
  35   29    59    641 
  35   30    74    796 
  35   31    45    484 
  35   32    37    405 
  35   33    47    511 
  35   34    56    608 
  35   35    32    346 
  35   36    29    313 
  35   37    52    563 
  35   38    22    238 
  35   39    36    392 
  35   40    64    694 
  35   41    20    215 
  35   42    67    728 
  35   43    40    432 
  35   44    39    421 
  35   45    46    494 
  35   46    35    381 
  35   47    41    449 
  35   48    68    732 
  35   49    33    361 
  36    0    23    249 
  36    1    40    432 
  36    2    30    326 
  36    3    41    444 
  36    4    39    429 
  36    5    66    712 
  36    6    61    662 
  36    7    19    210 
  36    8    64    688 
  36    9    63    680 
  36   10    56    609 
  36   11    67    723 
  36   12    39    429 
  36   13    35    384 
  36   14    58    629 
  36   15    34    370 
  36   16    41    446 
  36   17    47    505 
  36   18    73    784 
  36   19    72    781 
  36   20    70    758 
  36   21    20    220 
  36   22    36    393 
  36   23    24    265 
  36   24    21    226 
  36   25    55    599 
  36   26    63    676 
  36   27    28    307 
  36   28    31    334 
  36   29    41    448 
  36   30    40    432 
  36   31    53    573 
  36   32    46    504 
  36   33    22    243 
  36   34    59    638 
  36   35    28    305 
  36   36    39    425 
  36   37    22    240 
  36   38    62    668 
  36   39    36    395 
  36   40    57    612 
  36   41    60    653 
  36   42    49    531 
  36   43    29    312 
  36   44    69    750 
  36   45    37    399 
  36   46    63    676 
  36   47    63    677 
  36   48    54    582 
  36   49    67    728 
  37    0    69    743 
  37    1    71    771 
  37    2    41    440 
  37    3    31    338 
  37    4    35    382 
  37    5    50    547 
  37    6    54    585 
  37    7    45    490 
  37    8    22    240 
  37    9    58    623 
  37   10    72    782 
  37   11    42    458 
  37   12    60    649 
  37   13    53    576 
  37   14    64    695 
  37   15    22    236 
  37   16    68    735 
  37   17    61    660 
  37   18    48    518 
  37   19    69    744 
  37   20    62    671 
  37   21    32    353 
  37   22    41    447 
  37   23    65    705 
  37   24    53    570 
  37   25    25    272 
  37   26    21    230 
  37   27    18    200 
  37   28    44    476 
  37   29    49    528 
  37   30    48    524 
  37   31    24    258 
  37   32    70    754 
  37   33    29    315 
  37   34    63    679 
  37   35    55    599 
  37   36    49    535 
  37   37    30    328 
  37   38    46    494 
  37   39    48    515 
  37   40    71    764 
  37   41    19    209 
  37   42    65    702 
  37   43    32    350 
  37   44    62    668 
  37   45    43    469 
  37   46    28    301 
  37   47    48    516 
  37   48    63    676 
  37   49    49    530 
  38    0    34    365 
  38    1    34    371 
  38    2    34    367 
  38    3    71    767 
  38    4    49    530 
  38    5    70    753 
  38    6    72    776 
  38    7    55    596 
  38    8    41    442 
  38    9    42    454 
  38   10    19    208 
  38   11    39    423 
  38   12    59    642 
  38   13    64    693 
  38   14    59    634 
  38   15    68    732 
  38   16    28    307 
  38   17    65    707 
  38   18    32    347 
  38   19    49    535 
  38   20    41    446 
  38   21    65    701 
  38   22    60    644 
  38   23    53    571 
  38   24    39    428 
  38   25    35    386 
  38   26    30    332 
  38   27    22    238 
  38   28    59    633 
  38   29    52    568 
  38   30    28    301 
  38   31    48    523 
  38   32    35    378 
  38   33    33    354 
  38   34    55    592 
  38   35    69    746 
  38   36    31    334 
  38   37    64    695 
  38   38    30    322 
  38   39    37    407 
  38   40    42    453 
  38   41    41    449 
  38   42    22    241 
  38   43    43    463 
  38   44    40    439 
  38   45    27    290 
  38   46    22    241 
  38   47    61    664 
  38   48    64    687 
  38   49    70    760 
  39    0    44    473 
  39    1    51    548 
  39    2    65    698 
  39    3    44    475 
  39    4    74    798 
  39    5    25    278 
  39    6    41    448 
  39    7    36    396 
  39    8    26    280 
  39    9    62    671 
  39   10    55    592 
  39   11    42    455 
  39   12    36    395 
  39   13    35    376 
  39   14    48    523 
  39   15    55    599 
  39   16    55    593 
  39   17    18    201 
  39   18    20    218 
  39   19    62    666 
  39   20    59    639 
  39   21    35    385 
  39   22    63    685 
  39   23    46    498 
  39   24    28    308 
  39   25    29    319 
  39   26    31    334 
  39   27    27    292 
  39   28    40    432 
  39   29    31    340 
  39   30    62    675 
  39   31    36    393 
  39   32    25    273 
  39   33    46    495 
  39   34    49    535 
  39   35    68    734 
  39   36    66    716 
  39   37    59    634 
  39   38    19    205 
  39   39    26    287 
  39   40    20    220 
  39   41    33    354 
  39   42    26    282 
  39   43    44    481 
  39   44    35    376 
  39   45    70    758 
  39   46    29    320 
  39   47    43    467 
  39   48    70    757 
  39   49    39    419 
  40    0    26    279 
  40    1    19    208 
  40    2    44    481 
  40    3    63    683 
  40    4    21    229 
  40    5    41    448 
  40    6    64    697 
  40    7    46    494 
  40    8    42    456 
  40    9    66    717 
  40   10    33    356 
  40   11    30    323 
  40   12    45    484 
  40   13    53    577 
  40   14    25    269 
  40   15    41    445 
  40   16    19    212 
  40   17    51    552 
  40   18    24    266 
  40   19    27    299 
  40   20    19    211 
  40   21    38    418 
  40   22    63    685 
  40   23    44    475 
  40   24    42    458 
  40   25    62    667 
  40   26    56    610 
  40   27    27    293 
  40   28    33    358 
  40   29    63    685 
  40   30    47    513 
  40   31    74    798 
  40   32    27    297 
  40   33    59    643 
  40   34    21    229 
  40   35    25    269 
  40   36    65    704 
  40   37    23    254 
  40   38    61    665 
  40   39    69    749 
  40   40    57    617 
  40   41    31    335 
  40   42    39    424 
  40   43    54    589 
  40   44    44    478 
  40   45    25    277 
  40   46    26    289 
  40   47    57    614 
  40   48    53    579 
  40   49    70    757 
  41    0    56    608 
  41    1    61    665 
  41    2    22    245 
  41    3    61    657 
  41    4    60    650 
  41    5    58    623 
  41    6    31    333 
  41    7    62    674 
  41    8    35    379 
  41    9    36    391 
  41   10    46    495 
  41   11    55    599 
  41   12    39    427 
  41   13    31    336 
  41   14    63    680 
  41   15    20    215 
  41   16    30    332 
  41   17    25    269 
  41   18    58    623 
  41   19    27    296 
  41   20    63    682 
  41   21    44    473 
  41   22    63    684 
  41   23    30    324 
  41   24    50    538 
  41   25    57    612 
  41   26    54    581 
  41   27    36    395 
  41   28    40    433 
  41   29    25    271 
  41   30    34    370 
  41   31    62    666 
  41   32    54    589 
  41   33    73    792 
  41   34    49    528 
  41   35    64    693 
  41   36    74    798 
  41   37    23    247 
  41   38    34    370 
  41   39    69    742 
  41   40    21    231 
  41   41    31    339 
  41   42    39    429 
  41   43    51    551 
  41   44    66    708 
  41   45    30    322 
  41   46    29    317 
  41   47    45    492 
  41   48    67    725 
  41   49    60    654 
  42    0    68    740 
  42    1    72    775 
  42    2    46    497 
  42    3    69    742 
  42    4    72    778 
  42    5    54    587 
  42    6    66    715 
  42    7    71    771 
  42    8    54    581 
  42    9    42    455 
  42   10    36    395 
  42   11    59    635 
  42   12    72    774 
  42   13    72    779 
  42   14    29    319 
  42   15    35    385 
  42   16    21    233 
  42   17    59    637 
  42   18    23    257 
  42   19    23    250 
  42   20    37    405 
  42   21    45    488 
  42   22    18    201 
  42   23    40    433 
  42   24    57    614 
  42   25    41    447 
  42   26    52    561 
  42   27    68    730 
  42   28    51    553 
  42   29    54    589 
  42   30    48    519 
  42   31    51    551 
  42   32    71    765 
  42   33    20    224 
  42   34    39    421 
  42   35    67    720 
  42   36    70    761 
  42   37    40    430 
  42   38    38    408 
  42   39    29    314 
  42   40    39    421 
  42   41    64    690 
  42   42    69    742 
  42   43    40    435 
  42   44    50    547 
  42   45    29    317 
  42   46    58    628 
  42   47    61    655 
  42   48    48    520 
  42   49    39    424 
  43    0    48    519 
  43    1    45    484 
  43    2    27    298 
  43    3    37    398 
  43    4    65    702 
  43    5    33    362 
  43    6    45    484 
  43    7    25    273 
  43    8    61    661 
  43    9    23    247 
  43   10    27    300 
  43   11    45    489 
  43   12    40    432 
  43   13    57    618 
  43   14    54    588 
  43   15    53    578 
  43   16    62    669 
  43   17    63    683 
  43   18    48    519 
  43   19    31    342 
  43   20    36    389 
  43   21    60    650 
  43   22    18    201 
  43   23    24    266 
  43   24    40    432 
  43   25    67    719 
  43   26    54    586 
  43   27    58    626 
  43   28    56    604 
  43   29    20    220 
  43   30    27    299 
  43   31    67    724 
  43   32    24    265 
  43   33    39    424 
  43   34    49    535 
  43   35    28    307 
  43   36    40    435 
  43   37    20    223 
  43   38    48    516 
  43   39    70    754 
  43   40    65    706 
  43   41    71    763 
  43   42    56    611 
  43   43    43    470 
  43   44    30    328 
  43   45    62    669 
  43   46    21    230 
  43   47    57    617 
  43   48    49    529 
  43   49    74    798 
  44    0    20    222 
  44    1    68    736 
  44    2    56    606 
  44    3    45    487 
  44    4    45    489 
  44    5    53    577 
  44    6    73    787 
  44    7    57    616 
  44    8    25    273 
  44    9    55    599 
  44   10    58    628 
  44   11    37    407 
  44   12    40    438 
  44   13    18    201 
  44   14    50    537 
  44   15    59    638 
  44   16    37    397 
  44   17    63    686 
  44   18    55    593 
  44   19    66    708 
  44   20    71    767 
  44   21    32    346 
  44   22    30    324 
  44   23    68    739 
  44   24    66    709 
  44   25    41    443 
  44   26    73    790 
  44   27    52    565 
  44   28    72    778 
  44   29    40    431 
  44   30    37    398 
  44   31    21    227 
  44   32    59    642 
  44   33    23    254 
  44   34    46    494 
  44   35    40    435 
  44   36    19    205 
  44   37    67    720 
  44   38    34    372 
  44   39    29    321 
  44   40    19    213 
  44   41    58    623 
  44   42    23    256 
  44   43    19    207 
  44   44    41    444 
  44   45    61    658 
  44   46    47    512 
  44   47    64    690 
  44   48    34    368 
  44   49    65    701 
  45    0    61    657 
  45    1    72    774 
  45    2    20    222 
  45    3    57    618 
  45    4    55    593 
  45    5    32    353 
  45    6    43    469 
  45    7    30    331 
  45    8    34    374 
  45    9    48    522 
  45   10    19    212 
  45   11    47    505 
  45   12    29    317 
  45   13    39    427 
  45   14    74    796 
  45   15    43    470 
  45   16    70    755 
  45   17    18    203 
  45   18    21    226 
  45   19    49    531 
  45   20    61    661 
  45   21    55    594 
  45   22    38    411 
  45   23    38    410 
  45   24    60    651 
  45   25    40    434 
  45   26    56    606 
  45   27    40    430 
  45   28    46    496 
  45   29    29    318 
  45   30    32    352 
  45   31    40    438 
  45   32    71    772 
  45   33    58    625 
  45   34    42    451 
  45   35    22    245 
  45   36    38    408 
  45   37    24    268 
  45   38    31    338 
  45   39    29    317 
  45   40    68    732 
  45   41    45    487 
  45   42    49    532 
  45   43    29    314 
  45   44    24    261 
  45   45    33    362 
  45   46    25    276 
  45   47    22    244 
  45   48    64    689 
  45   49    45    489 
  46    0    65    699 
  46    1    54    581 
  46    2    34    371 
  46    3    21    229 
  46    4    27    295 
  46    5    28    308 
  46    6    59    633 
  46    7    45    484 
  46    8    45    483 
  46    9    33    364 
  46   10    68    733 
  46   11    64    693 
  46   12    52    568 
  46   13    50    537 
  46   14    26    286 
  46   15    20    222 
  46   16    72    775 
  46   17    43    467 
  46   18    66    712 
  46   19    72    778 
  46   20    19    214 
  46   21    50    542 
  46   22    53    572 
  46   23    42    451 
  46   24    29    314 
  46   25    54    588 
  46   26    39    425 
  46   27    34    373 
  46   28    46    501 
  46   29    47    507 
  46   30    27    291 
  46   31    19    205 
  46   32    67    720 
  46   33    56    610 
  46   34    51    557 
  46   35    31    334 
  46   36    45    492 
  46   37    25    271 
  46   38    29    315 
  46   39    61    655 
  46   40    33    359 
  46   41    19    213 
  46   42    44    482 
  46   43    70    753 
  46   44    29    317 
  46   45    38    416 
  46   46    38    412 
  46   47    42    458 
  46   48    62    669 
  46   49    45    490 
  47    0    24    265 
  47    1    48    518 
  47    2    26    279 
  47    3    21    233 
  47    4    19    210 
  47    5    44    476 
  47    6    64    692 
  47    7    65    706 
  47    8    33    364 
  47    9    66    715 
  47   10    74    798 
  47   11    33    364 
  47   12    20    218 
  47   13    39    421 
  47   14    69    745 
  47   15    21    233 
  47   16    66    716 
  47   17    41    446 
  47   18    69    742 
  47   19    53    579 
  47   20    20    215 
  47   21    69    746 
  47   22    65    703 
  47   23    43    468 
  47   24    71    767 
  47   25    24    266 
  47   26    70    754 
  47   27    33    359 
  47   28    36    388 
  47   29    72    781 
  47   30    34    367 
  47   31    55    600 
  47   32    44    478 
  47   33    70    755 
  47   34    66    716 
  47   35    61    661 
  47   36    31    337 
  47   37    59    641 
  47   38    51    554 
  47   39    72    782 
  47   40    42    452 
  47   41    59    642 
  47   42    19    204 
  47   43    63    677 
  47   44    57    614 
  47   45    71    766 
  47   46    19    209 
  47   47    61    662 
  47   48    23    252 
  47   49    52    560 
  48    0    45    492 
  48    1    23    256 
  48    2    55    598 
  48    3    53    569 
  48    4    60    649 
  48    5    22    242 
  48    6    66    713 
  48    7    35    376 
  48    8    27    290 
  48    9    31    341 
  48   10    35    380 
  48   11    34    369 
  48   12    55    595 
  48   13    22    246 
  48   14    27    292 
  48   15    22    242 
  48   16    19    213 
  48   17    67    728 
  48   18    22    246 
  48   19    46    495 
  48   20    69    742 
  48   21    67    727 
  48   22    37    397 
  48   23    73    784 
  48   24    41    448 
  48   25    47    510 
  48   26    50    542 
  48   27    55    596 
  48   28    44    477 
  48   29    22    241 
  48   30    30    332 
  48   31    54    586 
  48   32    36    392 
  48   33    64    688 
  48   34    33    358 
  48   35    25    271 
  48   36    61    660 
  48   37    24    268 
  48   38    29    321 
  48   39    28    311 
  48   40    63    676 
  48   41    27    291 
  48   42    62    668 
  48   43    25    274 
  48   44    35    380 
  48   45    52    558 
  48   46    62    670 
  48   47    33    361 
  48   48    48    518 
  48   49    42    458 
  49    0    43    468 
  49    1    50    546 
  49    2    44    480 
  49    3    54    587 
  49    4    40    439 
  49    5    74    797 
  49    6    54    589 
  49    7    63    681 
  49    8    28    301 
  49    9    50    540 
  49   10    64    695 
  49   11    69    744 
  49   12    50    541 
  49   13    29    320 
  49   14    21    228 
  49   15    26    284 
  49   16    21    229 
  49   17    64    694 
  49   18    43    469 
  49   19    47    506 
  49   20    62    673 
  49   21    38    415 
  49   22    63    686 
  49   23    37    402 
  49   24    68    735 
  49   25    36    390 
  49   26    41    446 
  49   27    58    632 
  49   28    68    730 
  49   29    48    525 
  49   30    58    631 
  49   31    69    748 
  49   32    44    477 
  49   33    64    691 
  49   34    59    635 
  49   35    48    516 
  49   36    43    465 
  49   37    47    511 
  49   38    26    288 
  49   39    70    759 
  49   40    57    619 
  49   41    30    332 
  49   42    41    447 
  49   43    38    416 
  49   44    39    422 
  49   45    33    363 
  49   46    33    357 
  49   47    33    358 
  49   48    42    459 
  49   49    51    557 
