 50
 50

   15
   19
   17
    5
    1
    5
    1
   15
    4
   16
   15
   16
   16
   17
   17
   19
   13
    9
    3
    1
    7
    2
    4
    8
    2
   14
   14
   19
    3
    5
   13
    7
   11
    9
    7
   13
   14
   18
   16
   20
   18
   19
    8
    7
   18
    7
   10
   10
   17
    5

   13
    9
   15
    6
    2
   18
    5
   11
   11
    9
   20
   18
   18
   12
   16
   16
   15
    8
    2
   10
   14
   13
   12
   20
    5
   16
   15
    1
   16
    3
   13
    9
    9
   17
    9
    3
   14
    4
   12
    7
    1
   20
    8
    7
    7
    4
   14
   12
   16
   14

   0    0    35    396 
   0    1    66    741 
   0    2    36    400 
   0    3    52    584 
   0    4    33    371 
   0    5    60    667 
   0    6    60    668 
   0    7    40    446 
   0    8    69    768 
   0    9    21    238 
   0   10    27    305 
   0   11    25    287 
   0   12    65    727 
   0   13    57    637 
   0   14    52    582 
   0   15    38    432 
   0   16    19    215 
   0   17    56    626 
   0   18    66    738 
   0   19    38    425 
   0   20    31    353 
   0   21    30    334 
   0   22    35    393 
   0   23    64    711 
   0   24    44    498 
   0   25    24    273 
   0   26    50    559 
   0   27    35    391 
   0   28    44    498 
   0   29    41    458 
   0   30    67    748 
   0   31    58    654 
   0   32    29    322 
   0   33    66    735 
   0   34    50    556 
   0   35    71    790 
   0   36    66    736 
   0   37    22    255 
   0   38    28    313 
   0   39    21    243 
   0   40    39    436 
   0   41    43    485 
   0   42    69    775 
   0   43    47    531 
   0   44    18    205 
   0   45    69    766 
   0   46    66    735 
   0   47    36    410 
   0   48    30    340 
   0   49    21    242 
   1    0    62    688 
   1    1    61    680 
   1    2    18    208 
   1    3    66    737 
   1    4    26    294 
   1    5    61    686 
   1    6    71    792 
   1    7    33    373 
   1    8    40    453 
   1    9    64    710 
   1   10    59    664 
   1   11    37    419 
   1   12    59    658 
   1   13    39    439 
   1   14    50    555 
   1   15    50    557 
   1   16    28    313 
   1   17    29    324 
   1   18    35    392 
   1   19    24    274 
   1   20    58    648 
   1   21    53    594 
   1   22    45    506 
   1   23    26    293 
   1   24    67    747 
   1   25    26    293 
   1   26    54    608 
   1   27    37    418 
   1   28    37    421 
   1   29    37    412 
   1   30    40    453 
   1   31    64    715 
   1   32    61    681 
   1   33    68    762 
   1   34    65    724 
   1   35    45    510 
   1   36    31    346 
   1   37    40    448 
   1   38    52    587 
   1   39    36    409 
   1   40    63    703 
   1   41    29    326 
   1   42    66    734 
   1   43    47    528 
   1   44    68    755 
   1   45    61    681 
   1   46    20    223 
   1   47    22    248 
   1   48    50    564 
   1   49    67    752 
   2    0    33    375 
   2    1    64    713 
   2    2    58    649 
   2    3    40    452 
   2    4    47    522 
   2    5    52    578 
   2    6    23    256 
   2    7    35    393 
   2    8    61    687 
   2    9    28    321 
   2   10    70    783 
   2   11    30    338 
   2   12    23    260 
   2   13    55    612 
   2   14    24    271 
   2   15    21    238 
   2   16    25    286 
   2   17    32    355 
   2   18    59    657 
   2   19    32    365 
   2   20    40    446 
   2   21    50    558 
   2   22    45    506 
   2   23    56    623 
   2   24    54    599 
   2   25    54    603 
   2   26    44    493 
   2   27    63    708 
   2   28    47    526 
   2   29    48    534 
   2   30    68    757 
   2   31    47    529 
   2   32    30    341 
   2   33    23    263 
   2   34    32    357 
   2   35    30    338 
   2   36    52    580 
   2   37    46    517 
   2   38    52    583 
   2   39    31    347 
   2   40    21    243 
   2   41    50    563 
   2   42    68    761 
   2   43    67    744 
   2   44    30    336 
   2   45    35    391 
   2   46    28    316 
   2   47    54    606 
   2   48    66    737 
   2   49    27    304 
   3    0    58    648 
   3    1    69    772 
   3    2    28    312 
   3    3    48    538 
   3    4    24    275 
   3    5    63    708 
   3    6    51    571 
   3    7    33    373 
   3    8    37    415 
   3    9    42    470 
   3   10    44    497 
   3   11    34    379 
   3   12    34    384 
   3   13    29    330 
   3   14    33    367 
   3   15    24    270 
   3   16    31    352 
   3   17    38    432 
   3   18    37    413 
   3   19    54    604 
   3   20    35    389 
   3   21    61    683 
   3   22    65    728 
   3   23    48    537 
   3   24    65    725 
   3   25    31    350 
   3   26    28    319 
   3   27    26    290 
   3   28    67    745 
   3   29    51    568 
   3   30    61    678 
   3   31    54    607 
   3   32    46    518 
   3   33    20    229 
   3   34    58    652 
   3   35    63    705 
   3   36    68    758 
   3   37    42    470 
   3   38    70    786 
   3   39    39    439 
   3   40    59    664 
   3   41    18    206 
   3   42    34    379 
   3   43    33    377 
   3   44    42    470 
   3   45    39    437 
   3   46    32    357 
   3   47    46    521 
   3   48    42    474 
   3   49    32    364 
   4    0    63    704 
   4    1    71    797 
   4    2    42    469 
   4    3    28    311 
   4    4    58    645 
   4    5    72    799 
   4    6    24    277 
   4    7    56    622 
   4    8    38    426 
   4    9    28    321 
   4   10    60    674 
   4   11    42    469 
   4   12    63    708 
   4   13    50    563 
   4   14    59    664 
   4   15    26    298 
   4   16    43    479 
   4   17    55    617 
   4   18    61    681 
   4   19    50    556 
   4   20    54    599 
   4   21    63    709 
   4   22    34    382 
   4   23    70    777 
   4   24    61    679 
   4   25    26    298 
   4   26    56    622 
   4   27    59    659 
   4   28    31    346 
   4   29    64    711 
   4   30    43    477 
   4   31    32    363 
   4   32    46    516 
   4   33    20    227 
   4   34    39    434 
   4   35    37    411 
   4   36    44    491 
   4   37    28    320 
   4   38    71    790 
   4   39    29    332 
   4   40    51    567 
   4   41    26    297 
   4   42    44    489 
   4   43    42    470 
   4   44    53    591 
   4   45    51    576 
   4   46    71    797 
   4   47    68    763 
   4   48    45    506 
   4   49    44    497 
   5    0    53    591 
   5    1    22    252 
   5    2    61    678 
   5    3    37    420 
   5    4    36    402 
   5    5    29    326 
   5    6    33    369 
   5    7    52    577 
   5    8    41    464 
   5    9    34    386 
   5   10    40    453 
   5   11    70    780 
   5   12    28    316 
   5   13    56    628 
   5   14    70    777 
   5   15    49    547 
   5   16    24    277 
   5   17    46    518 
   5   18    21    243 
   5   19    39    436 
   5   20    70    779 
   5   21    56    627 
   5   22    26    292 
   5   23    63    699 
   5   24    51    567 
   5   25    33    366 
   5   26    20    226 
   5   27    37    411 
   5   28    18    201 
   5   29    18    203 
   5   30    50    563 
   5   31    61    684 
   5   32    45    504 
   5   33    46    512 
   5   34    30    336 
   5   35    49    549 
   5   36    49    553 
   5   37    33    369 
   5   38    18    202 
   5   39    22    248 
   5   40    52    580 
   5   41    56    624 
   5   42    32    360 
   5   43    54    602 
   5   44    65    721 
   5   45    47    525 
   5   46    71    795 
   5   47    42    468 
   5   48    29    325 
   5   49    54    606 
   6    0    55    614 
   6    1    24    273 
   6    2    71    791 
   6    3    27    302 
   6    4    29    327 
   6    5    54    606 
   6    6    70    782 
   6    7    30    340 
   6    8    50    565 
   6    9    61    678 
   6   10    43    478 
   6   11    20    229 
   6   12    67    748 
   6   13    62    690 
   6   14    41    456 
   6   15    60    672 
   6   16    69    773 
   6   17    46    515 
   6   18    24    267 
   6   19    50    560 
   6   20    53    595 
   6   21    21    240 
   6   22    35    393 
   6   23    45    501 
   6   24    41    458 
   6   25    26    298 
   6   26    22    246 
   6   27    27    302 
   6   28    20    227 
   6   29    25    281 
   6   30    31    348 
   6   31    20    230 
   6   32    28    311 
   6   33    64    718 
   6   34    56    629 
   6   35    49    553 
   6   36    70    782 
   6   37    61    678 
   6   38    64    710 
   6   39    44    497 
   6   40    47    524 
   6   41    62    696 
   6   42    64    713 
   6   43    55    619 
   6   44    19    221 
   6   45    62    695 
   6   46    52    578 
   6   47    71    795 
   6   48    31    346 
   6   49    24    270 
   7    0    34    379 
   7    1    28    318 
   7    2    66    743 
   7    3    30    340 
   7    4    51    576 
   7    5    40    444 
   7    6    58    645 
   7    7    18    210 
   7    8    56    624 
   7    9    18    208 
   7   10    69    771 
   7   11    61    679 
   7   12    70    785 
   7   13    27    304 
   7   14    28    319 
   7   15    71    790 
   7   16    57    642 
   7   17    41    459 
   7   18    48    539 
   7   19    67    748 
   7   20    56    629 
   7   21    68    755 
   7   22    62    697 
   7   23    56    626 
   7   24    71    793 
   7   25    28    315 
   7   26    45    500 
   7   27    61    679 
   7   28    61    678 
   7   29    47    528 
   7   30    19    211 
   7   31    27    301 
   7   32    36    406 
   7   33    47    524 
   7   34    63    709 
   7   35    38    429 
   7   36    57    640 
   7   37    44    491 
   7   38    32    356 
   7   39    55    611 
   7   40    44    497 
   7   41    46    516 
   7   42    42    470 
   7   43    29    329 
   7   44    54    607 
   7   45    34    380 
   7   46    45    505 
   7   47    57    640 
   7   48    67    748 
   7   49    31    352 
   8    0    21    237 
   8    1    40    453 
   8    2    18    204 
   8    3    27    302 
   8    4    24    272 
   8    5    51    567 
   8    6    18    206 
   8    7    28    320 
   8    8    35    389 
   8    9    36    400 
   8   10    33    375 
   8   11    24    270 
   8   12    41    460 
   8   13    64    714 
   8   14    60    671 
   8   15    53    594 
   8   16    19    220 
   8   17    71    790 
   8   18    69    772 
   8   19    18    205 
   8   20    58    650 
   8   21    19    220 
   8   22    43    484 
   8   23    54    608 
   8   24    62    693 
   8   25    33    366 
   8   26    54    601 
   8   27    45    505 
   8   28    21    243 
   8   29    57    643 
   8   30    68    756 
   8   31    19    221 
   8   32    18    208 
   8   33    36    408 
   8   34    61    685 
   8   35    27    307 
   8   36    59    665 
   8   37    23    261 
   8   38    39    441 
   8   39    69    774 
   8   40    42    476 
   8   41    55    618 
   8   42    45    507 
   8   43    23    264 
   8   44    62    691 
   8   45    62    688 
   8   46    70    779 
   8   47    51    570 
   8   48    70    784 
   8   49    50    565 
   9    0    51    571 
   9    1    45    509 
   9    2    54    603 
   9    3    36    404 
   9    4    20    231 
   9    5    42    468 
   9    6    55    619 
   9    7    49    551 
   9    8    40    454 
   9    9    48    543 
   9   10    52    585 
   9   11    22    244 
   9   12    34    385 
   9   13    37    421 
   9   14    40    448 
   9   15    36    404 
   9   16    32    364 
   9   17    52    581 
   9   18    63    705 
   9   19    22    245 
   9   20    68    760 
   9   21    29    325 
   9   22    65    725 
   9   23    58    644 
   9   24    68    755 
   9   25    30    333 
   9   26    57    640 
   9   27    69    767 
   9   28    51    567 
   9   29    41    464 
   9   30    25    284 
   9   31    71    793 
   9   32    54    599 
   9   33    37    414 
   9   34    54    607 
   9   35    55    610 
   9   36    39    443 
   9   37    34    388 
   9   38    33    370 
   9   39    63    709 
   9   40    70    782 
   9   41    22    249 
   9   42    49    550 
   9   43    51    568 
   9   44    40    447 
   9   45    35    389 
   9   46    55    617 
   9   47    28    320 
   9   48    52    581 
   9   49    43    487 
  10    0    50    565 
  10    1    39    443 
  10    2    30    339 
  10    3    28    312 
  10    4    64    713 
  10    5    71    792 
  10    6    21    240 
  10    7    41    455 
  10    8    41    464 
  10    9    28    312 
  10   10    29    330 
  10   11    56    630 
  10   12    42    474 
  10   13    45    510 
  10   14    51    571 
  10   15    23    264 
  10   16    52    584 
  10   17    52    584 
  10   18    51    568 
  10   19    62    688 
  10   20    25    286 
  10   21    37    414 
  10   22    37    416 
  10   23    38    424 
  10   24    44    493 
  10   25    55    614 
  10   26    41    463 
  10   27    40    450 
  10   28    57    642 
  10   29    37    414 
  10   30    54    603 
  10   31    69    775 
  10   32    18    207 
  10   33    61    683 
  10   34    32    355 
  10   35    54    609 
  10   36    61    677 
  10   37    52    577 
  10   38    50    561 
  10   39    68    762 
  10   40    64    718 
  10   41    32    360 
  10   42    24    277 
  10   43    45    501 
  10   44    33    368 
  10   45    55    620 
  10   46    48    534 
  10   47    24    270 
  10   48    25    281 
  10   49    23    263 
  11    0    46    511 
  11    1    43    483 
  11    2    61    680 
  11    3    52    587 
  11    4    33    374 
  11    5    19    220 
  11    6    55    620 
  11    7    46    513 
  11    8    39    442 
  11    9    60    667 
  11   10    67    745 
  11   11    67    744 
  11   12    33    370 
  11   13    18    202 
  11   14    30    336 
  11   15    39    440 
  11   16    60    674 
  11   17    69    774 
  11   18    67    751 
  11   19    42    466 
  11   20    57    643 
  11   21    30    341 
  11   22    28    316 
  11   23    64    711 
  11   24    19    220 
  11   25    69    767 
  11   26    42    476 
  11   27    54    599 
  11   28    26    292 
  11   29    46    511 
  11   30    39    440 
  11   31    67    750 
  11   32    34    382 
  11   33    33    375 
  11   34    60    675 
  11   35    62    695 
  11   36    46    519 
  11   37    18    200 
  11   38    29    329 
  11   39    55    618 
  11   40    23    256 
  11   41    18    209 
  11   42    44    495 
  11   43    49    547 
  11   44    39    437 
  11   45    41    456 
  11   46    52    586 
  11   47    55    612 
  11   48    42    472 
  11   49    35    389 
  12    0    71    790 
  12    1    65    729 
  12    2    30    340 
  12    3    49    550 
  12    4    33    370 
  12    5    70    781 
  12    6    41    456 
  12    7    51    572 
  12    8    31    346 
  12    9    29    328 
  12   10    26    294 
  12   11    27    306 
  12   12    69    766 
  12   13    58    648 
  12   14    46    515 
  12   15    37    416 
  12   16    20    229 
  12   17    26    293 
  12   18    65    728 
  12   19    35    399 
  12   20    58    645 
  12   21    29    325 
  12   22    30    343 
  12   23    58    653 
  12   24    32    357 
  12   25    57    637 
  12   26    49    546 
  12   27    28    317 
  12   28    63    702 
  12   29    20    225 
  12   30    53    588 
  12   31    49    553 
  12   32    25    285 
  12   33    47    525 
  12   34    44    496 
  12   35    44    498 
  12   36    55    614 
  12   37    47    522 
  12   38    25    282 
  12   39    54    600 
  12   40    66    733 
  12   41    60    666 
  12   42    38    432 
  12   43    58    644 
  12   44    68    757 
  12   45    54    608 
  12   46    71    794 
  12   47    59    658 
  12   48    71    797 
  12   49    20    232 
  13    0    31    349 
  13    1    44    490 
  13    2    55    610 
  13    3    66    740 
  13    4    33    374 
  13    5    50    565 
  13    6    67    749 
  13    7    36    400 
  13    8    69    766 
  13    9    52    579 
  13   10    48    539 
  13   11    60    670 
  13   12    54    603 
  13   13    50    556 
  13   14    20    224 
  13   15    53    590 
  13   16    43    479 
  13   17    58    651 
  13   18    54    602 
  13   19    40    445 
  13   20    64    712 
  13   21    30    334 
  13   22    48    540 
  13   23    42    473 
  13   24    32    355 
  13   25    52    581 
  13   26    58    650 
  13   27    58    644 
  13   28    67    754 
  13   29    21    236 
  13   30    44    496 
  13   31    19    221 
  13   32    26    290 
  13   33    50    557 
  13   34    54    606 
  13   35    49    552 
  13   36    50    562 
  13   37    33    366 
  13   38    23    263 
  13   39    23    258 
  13   40    26    299 
  13   41    58    650 
  13   42    36    401 
  13   43    21    240 
  13   44    24    269 
  13   45    28    317 
  13   46    33    370 
  13   47    47    522 
  13   48    53    593 
  13   49    41    455 
  14    0    30    340 
  14    1    33    367 
  14    2    45    503 
  14    3    71    794 
  14    4    66    741 
  14    5    68    760 
  14    6    32    357 
  14    7    19    215 
  14    8    71    789 
  14    9    32    359 
  14   10    61    679 
  14   11    38    423 
  14   12    35    395 
  14   13    62    688 
  14   14    24    275 
  14   15    52    582 
  14   16    47    522 
  14   17    66    734 
  14   18    34    379 
  14   19    66    737 
  14   20    43    477 
  14   21    57    639 
  14   22    19    218 
  14   23    38    430 
  14   24    34    386 
  14   25    71    791 
  14   26    64    715 
  14   27    57    640 
  14   28    65    727 
  14   29    31    351 
  14   30    26    295 
  14   31    35    398 
  14   32    46    515 
  14   33    57    639 
  14   34    42    470 
  14   35    51    570 
  14   36    71    798 
  14   37    22    253 
  14   38    67    749 
  14   39    38    427 
  14   40    66    741 
  14   41    18    206 
  14   42    43    480 
  14   43    62    693 
  14   44    59    659 
  14   45    57    636 
  14   46    62    697 
  14   47    58    647 
  14   48    34    382 
  14   49    37    414 
  15    0    65    728 
  15    1    26    293 
  15    2    20    229 
  15    3    30    341 
  15    4    65    725 
  15    5    49    552 
  15    6    39    443 
  15    7    43    484 
  15    8    28    320 
  15    9    49    551 
  15   10    63    703 
  15   11    69    768 
  15   12    54    602 
  15   13    18    210 
  15   14    67    750 
  15   15    61    685 
  15   16    36    400 
  15   17    61    680 
  15   18    39    441 
  15   19    66    743 
  15   20    66    738 
  15   21    66    737 
  15   22    47    522 
  15   23    53    596 
  15   24    50    556 
  15   25    46    514 
  15   26    48    542 
  15   27    29    331 
  15   28    69    767 
  15   29    42    468 
  15   30    28    321 
  15   31    69    772 
  15   32    25    279 
  15   33    32    365 
  15   34    64    712 
  15   35    51    573 
  15   36    52    580 
  15   37    30    338 
  15   38    28    314 
  15   39    39    439 
  15   40    55    615 
  15   41    53    589 
  15   42    23    258 
  15   43    37    415 
  15   44    69    775 
  15   45    38    430 
  15   46    18    202 
  15   47    36    407 
  15   48    51    569 
  15   49    58    650 
  16    0    23    266 
  16    1    71    796 
  16    2    39    437 
  16    3    47    532 
  16    4    46    516 
  16    5    58    645 
  16    6    53    592 
  16    7    26    294 
  16    8    64    712 
  16    9    40    445 
  16   10    35    395 
  16   11    70    780 
  16   12    52    581 
  16   13    18    200 
  16   14    30    337 
  16   15    43    478 
  16   16    39    436 
  16   17    23    258 
  16   18    34    387 
  16   19    68    757 
  16   20    43    480 
  16   21    43    485 
  16   22    31    354 
  16   23    36    405 
  16   24    48    535 
  16   25    71    790 
  16   26    64    717 
  16   27    44    496 
  16   28    20    226 
  16   29    26    297 
  16   30    22    249 
  16   31    54    608 
  16   32    48    533 
  16   33    54    609 
  16   34    30    341 
  16   35    22    245 
  16   36    34    383 
  16   37    56    631 
  16   38    71    788 
  16   39    37    414 
  16   40    34    380 
  16   41    48    535 
  16   42    61    680 
  16   43    31    352 
  16   44    33    367 
  16   45    28    319 
  16   46    49    551 
  16   47    42    472 
  16   48    21    238 
  16   49    47    527 
  17    0    71    795 
  17    1    47    527 
  17    2    57    642 
  17    3    36    408 
  17    4    24    268 
  17    5    22    248 
  17    6    22    250 
  17    7    36    400 
  17    8    31    349 
  17    9    59    656 
  17   10    48    538 
  17   11    39    436 
  17   12    39    433 
  17   13    37    416 
  17   14    53    594 
  17   15    37    414 
  17   16    32    365 
  17   17    46    514 
  17   18    70    782 
  17   19    64    712 
  17   20    56    630 
  17   21    63    705 
  17   22    41    459 
  17   23    46    512 
  17   24    63    705 
  17   25    51    569 
  17   26    69    767 
  17   27    27    304 
  17   28    19    221 
  17   29    70    782 
  17   30    32    362 
  17   31    40    454 
  17   32    62    694 
  17   33    29    327 
  17   34    29    322 
  17   35    47    529 
  17   36    62    688 
  17   37    61    679 
  17   38    43    477 
  17   39    52    584 
  17   40    54    605 
  17   41    35    397 
  17   42    30    336 
  17   43    50    555 
  17   44    43    481 
  17   45    46    511 
  17   46    32    356 
  17   47    22    247 
  17   48    41    464 
  17   49    50    565 
  18    0    60    674 
  18    1    41    457 
  18    2    36    406 
  18    3    33    368 
  18    4    62    694 
  18    5    64    716 
  18    6    72    799 
  18    7    48    539 
  18    8    54    603 
  18    9    41    463 
  18   10    54    600 
  18   11    62    696 
  18   12    36    402 
  18   13    39    437 
  18   14    48    534 
  18   15    63    700 
  18   16    31    354 
  18   17    71    789 
  18   18    33    370 
  18   19    43    481 
  18   20    41    464 
  18   21    33    369 
  18   22    54    606 
  18   23    22    251 
  18   24    42    469 
  18   25    56    630 
  18   26    52    585 
  18   27    70    780 
  18   28    27    301 
  18   29    21    234 
  18   30    34    381 
  18   31    67    746 
  18   32    63    701 
  18   33    18    204 
  18   34    54    606 
  18   35    38    432 
  18   36    42    467 
  18   37    31    346 
  18   38    63    705 
  18   39    39    439 
  18   40    57    634 
  18   41    65    727 
  18   42    43    478 
  18   43    58    647 
  18   44    45    504 
  18   45    27    303 
  18   46    18    208 
  18   47    51    571 
  18   48    19    220 
  18   49    69    773 
  19    0    56    622 
  19    1    21    238 
  19    2    32    355 
  19    3    29    331 
  19    4    67    746 
  19    5    29    331 
  19    6    34    378 
  19    7    51    568 
  19    8    43    483 
  19    9    69    767 
  19   10    26    295 
  19   11    50    564 
  19   12    68    760 
  19   13    30    334 
  19   14    58    646 
  19   15    24    275 
  19   16    62    689 
  19   17    67    748 
  19   18    56    627 
  19   19    70    785 
  19   20    23    264 
  19   21    54    604 
  19   22    47    529 
  19   23    32    357 
  19   24    27    306 
  19   25    49    546 
  19   26    22    247 
  19   27    56    629 
  19   28    22    254 
  19   29    69    768 
  19   30    61    685 
  19   31    51    575 
  19   32    25    286 
  19   33    19    217 
  19   34    22    244 
  19   35    22    253 
  19   36    23    261 
  19   37    55    614 
  19   38    21    243 
  19   39    45    500 
  19   40    40    453 
  19   41    60    669 
  19   42    41    465 
  19   43    30    342 
  19   44    46    517 
  19   45    24    273 
  19   46    43    480 
  19   47    24    274 
  19   48    56    632 
  19   49    48    539 
  20    0    48    542 
  20    1    19    211 
  20    2    46    512 
  20    3    56    632 
  20    4    59    662 
  20    5    59    662 
  20    6    40    449 
  20    7    50    561 
  20    8    30    338 
  20    9    48    536 
  20   10    58    654 
  20   11    49    552 
  20   12    50    559 
  20   13    24    273 
  20   14    42    472 
  20   15    40    452 
  20   16    44    493 
  20   17    26    289 
  20   18    21    235 
  20   19    26    296 
  20   20    34    379 
  20   21    18    200 
  20   22    59    660 
  20   23    33    366 
  20   24    28    318 
  20   25    48    538 
  20   26    37    412 
  20   27    41    463 
  20   28    25    285 
  20   29    63    705 
  20   30    29    326 
  20   31    53    596 
  20   32    61    678 
  20   33    42    473 
  20   34    70    777 
  20   35    51    566 
  20   36    31    346 
  20   37    43    484 
  20   38    50    561 
  20   39    25    286 
  20   40    49    547 
  20   41    39    438 
  20   42    20    229 
  20   43    69    773 
  20   44    53    593 
  20   45    66    743 
  20   46    38    424 
  20   47    31    346 
  20   48    49    554 
  20   49    64    715 
  21    0    53    591 
  21    1    26    294 
  21    2    26    294 
  21    3    23    265 
  21    4    50    558 
  21    5    61    680 
  21    6    46    516 
  21    7    62    694 
  21    8    58    649 
  21    9    60    671 
  21   10    20    224 
  21   11    39    433 
  21   12    39    434 
  21   13    40    448 
  21   14    30    334 
  21   15    19    216 
  21   16    62    692 
  21   17    30    343 
  21   18    49    544 
  21   19    61    686 
  21   20    18    207 
  21   21    20    227 
  21   22    30    335 
  21   23    47    526 
  21   24    50    565 
  21   25    62    690 
  21   26    65    731 
  21   27    63    702 
  21   28    66    739 
  21   29    45    502 
  21   30    38    431 
  21   31    57    638 
  21   32    65    725 
  21   33    66    738 
  21   34    49    548 
  21   35    58    649 
  21   36    36    400 
  21   37    54    600 
  21   38    44    496 
  21   39    42    473 
  21   40    53    588 
  21   41    45    505 
  21   42    56    622 
  21   43    36    404 
  21   44    56    622 
  21   45    53    597 
  21   46    24    275 
  21   47    23    266 
  21   48    50    562 
  21   49    54    602 
  22    0    42    470 
  22    1    54    600 
  22    2    57    643 
  22    3    28    314 
  22    4    59    660 
  22    5    45    505 
  22    6    54    601 
  22    7    54    601 
  22    8    66    738 
  22    9    54    601 
  22   10    39    435 
  22   11    33    372 
  22   12    38    423 
  22   13    43    485 
  22   14    30    337 
  22   15    38    426 
  22   16    26    295 
  22   17    55    612 
  22   18    57    641 
  22   19    59    656 
  22   20    53    592 
  22   21    43    486 
  22   22    18    207 
  22   23    32    356 
  22   24    64    713 
  22   25    54    607 
  22   26    39    440 
  22   27    56    624 
  22   28    53    592 
  22   29    56    625 
  22   30    40    449 
  22   31    63    701 
  22   32    40    445 
  22   33    29    329 
  22   34    28    321 
  22   35    68    762 
  22   36    25    287 
  22   37    64    718 
  22   38    44    492 
  22   39    32    361 
  22   40    18    202 
  22   41    48    541 
  22   42    48    538 
  22   43    24    270 
  22   44    70    779 
  22   45    41    460 
  22   46    38    424 
  22   47    64    714 
  22   48    56    627 
  22   49    52    577 
  23    0    66    735 
  23    1    69    774 
  23    2    71    798 
  23    3    49    548 
  23    4    42    470 
  23    5    41    455 
  23    6    67    753 
  23    7    30    334 
  23    8    24    267 
  23    9    63    709 
  23   10    44    493 
  23   11    70    781 
  23   12    67    746 
  23   13    65    730 
  23   14    47    530 
  23   15    53    588 
  23   16    24    271 
  23   17    26    294 
  23   18    37    417 
  23   19    38    424 
  23   20    68    755 
  23   21    52    580 
  23   22    32    364 
  23   23    47    526 
  23   24    39    442 
  23   25    24    271 
  23   26    47    527 
  23   27    48    541 
  23   28    44    488 
  23   29    40    449 
  23   30    33    367 
  23   31    52    583 
  23   32    56    624 
  23   33    27    307 
  23   34    67    752 
  23   35    22    247 
  23   36    50    555 
  23   37    27    302 
  23   38    19    221 
  23   39    55    617 
  23   40    59    659 
  23   41    41    458 
  23   42    58    653 
  23   43    56    631 
  23   44    33    374 
  23   45    29    329 
  23   46    33    374 
  23   47    41    457 
  23   48    49    549 
  23   49    60    666 
  24    0    62    688 
  24    1    41    459 
  24    2    41    458 
  24    3    50    560 
  24    4    41    456 
  24    5    18    208 
  24    6    59    658 
  24    7    38    424 
  24    8    42    475 
  24    9    45    510 
  24   10    63    700 
  24   11    34    381 
  24   12    20    225 
  24   13    26    293 
  24   14    66    738 
  24   15    59    665 
  24   16    62    693 
  24   17    42    468 
  24   18    28    312 
  24   19    42    466 
  24   20    19    220 
  24   21    57    642 
  24   22    51    567 
  24   23    63    703 
  24   24    70    786 
  24   25    65    730 
  24   26    39    442 
  24   27    47    525 
  24   28    27    310 
  24   29    18    202 
  24   30    44    497 
  24   31    30    336 
  24   32    36    404 
  24   33    23    261 
  24   34    46    520 
  24   35    56    622 
  24   36    37    419 
  24   37    35    399 
  24   38    62    695 
  24   39    69    775 
  24   40    44    497 
  24   41    45    500 
  24   42    32    360 
  24   43    24    270 
  24   44    70    785 
  24   45    21    239 
  24   46    48    533 
  24   47    58    649 
  24   48    47    531 
  24   49    59    664 
  25    0    21    236 
  25    1    42    469 
  25    2    42    472 
  25    3    37    418 
  25    4    57    633 
  25    5    65    731 
  25    6    29    323 
  25    7    47    526 
  25    8    24    273 
  25    9    60    669 
  25   10    44    494 
  25   11    25    286 
  25   12    49    546 
  25   13    66    741 
  25   14    61    677 
  25   15    45    507 
  25   16    63    699 
  25   17    59    664 
  25   18    60    673 
  25   19    55    616 
  25   20    21    239 
  25   21    48    534 
  25   22    66    732 
  25   23    42    471 
  25   24    58    645 
  25   25    28    314 
  25   26    25    284 
  25   27    23    263 
  25   28    47    527 
  25   29    44    492 
  25   30    39    437 
  25   31    62    697 
  25   32    47    525 
  25   33    50    562 
  25   34    47    522 
  25   35    69    773 
  25   36    19    211 
  25   37    45    508 
  25   38    66    739 
  25   39    65    729 
  25   40    41    463 
  25   41    26    293 
  25   42    29    329 
  25   43    21    242 
  25   44    39    440 
  25   45    61    678 
  25   46    69    767 
  25   47    19    213 
  25   48    71    798 
  25   49    66    742 
  26    0    44    489 
  26    1    56    624 
  26    2    62    690 
  26    3    33    370 
  26    4    62    696 
  26    5    66    738 
  26    6    30    342 
  26    7    50    555 
  26    8    67    754 
  26    9    38    424 
  26   10    52    579 
  26   11    71    793 
  26   12    22    249 
  26   13    18    202 
  26   14    27    301 
  26   15    26    289 
  26   16    56    626 
  26   17    62    693 
  26   18    59    659 
  26   19    23    261 
  26   20    71    795 
  26   21    35    391 
  26   22    64    711 
  26   23    54    603 
  26   24    19    214 
  26   25    35    396 
  26   26    37    412 
  26   27    64    717 
  26   28    44    489 
  26   29    49    549 
  26   30    59    664 
  26   31    44    492 
  26   32    19    218 
  26   33    62    692 
  26   34    32    358 
  26   35    59    665 
  26   36    43    487 
  26   37    19    211 
  26   38    64    714 
  26   39    57    642 
  26   40    63    702 
  26   41    69    769 
  26   42    36    405 
  26   43    28    318 
  26   44    37    413 
  26   45    61    681 
  26   46    40    449 
  26   47    23    266 
  26   48    25    287 
  26   49    52    586 
  27    0    71    791 
  27    1    47    525 
  27    2    62    695 
  27    3    33    377 
  27    4    47    524 
  27    5    21    238 
  27    6    61    686 
  27    7    39    434 
  27    8    52    579 
  27    9    48    541 
  27   10    23    263 
  27   11    31    344 
  27   12    19    215 
  27   13    51    566 
  27   14    26    292 
  27   15    43    479 
  27   16    37    419 
  27   17    58    650 
  27   18    42    467 
  27   19    52    586 
  27   20    31    350 
  27   21    29    324 
  27   22    51    575 
  27   23    56    624 
  27   24    47    526 
  27   25    52    578 
  27   26    37    411 
  27   27    39    435 
  27   28    70    781 
  27   29    29    322 
  27   30    54    605 
  27   31    45    507 
  27   32    50    564 
  27   33    33    374 
  27   34    32    361 
  27   35    18    205 
  27   36    28    318 
  27   37    61    686 
  27   38    27    300 
  27   39    26    289 
  27   40    59    661 
  27   41    69    769 
  27   42    70    777 
  27   43    33    375 
  27   44    24    274 
  27   45    53    595 
  27   46    35    390 
  27   47    39    436 
  27   48    40    444 
  27   49    65    729 
  28    0    31    351 
  28    1    29    327 
  28    2    28    314 
  28    3    40    450 
  28    4    29    329 
  28    5    71    789 
  28    6    69    776 
  28    7    32    364 
  28    8    53    591 
  28    9    49    544 
  28   10    70    781 
  28   11    44    491 
  28   12    37    414 
  28   13    65    729 
  28   14    38    423 
  28   15    35    395 
  28   16    21    240 
  28   17    54    605 
  28   18    49    549 
  28   19    31    351 
  28   20    65    724 
  28   21    36    402 
  28   22    54    606 
  28   23    43    478 
  28   24    49    552 
  28   25    50    565 
  28   26    50    560 
  28   27    35    394 
  28   28    27    301 
  28   29    31    345 
  28   30    49    549 
  28   31    37    416 
  28   32    69    773 
  28   33    35    394 
  28   34    69    772 
  28   35    19    217 
  28   36    59    656 
  28   37    69    769 
  28   38    50    559 
  28   39    54    605 
  28   40    63    708 
  28   41    36    403 
  28   42    31    349 
  28   43    30    340 
  28   44    41    458 
  28   45    23    258 
  28   46    60    674 
  28   47    20    230 
  28   48    70    786 
  28   49    32    362 
  29    0    49    546 
  29    1    38    429 
  29    2    68    758 
  29    3    49    544 
  29    4    45    506 
  29    5    28    312 
  29    6    46    521 
  29    7    27    301 
  29    8    70    782 
  29    9    45    507 
  29   10    49    552 
  29   11    23    263 
  29   12    35    395 
  29   13    40    452 
  29   14    70    778 
  29   15    31    346 
  29   16    44    499 
  29   17    70    783 
  29   18    49    553 
  29   19    56    631 
  29   20    64    713 
  29   21    36    404 
  29   22    39    440 
  29   23    58    646 
  29   24    51    573 
  29   25    45    502 
  29   26    40    444 
  29   27    67    748 
  29   28    60    673 
  29   29    70    778 
  29   30    54    603 
  29   31    63    699 
  29   32    51    567 
  29   33    18    207 
  29   34    46    514 
  29   35    68    761 
  29   36    35    398 
  29   37    53    598 
  29   38    35    393 
  29   39    54    601 
  29   40    41    460 
  29   41    66    741 
  29   42    23    262 
  29   43    39    440 
  29   44    42    473 
  29   45    61    687 
  29   46    29    330 
  29   47    36    407 
  29   48    31    350 
  29   49    41    455 
  30    0    32    357 
  30    1    31    346 
  30    2    40    444 
  30    3    36    401 
  30    4    63    702 
  30    5    45    506 
  30    6    21    239 
  30    7    50    563 
  30    8    66    734 
  30    9    44    498 
  30   10    19    213 
  30   11    50    555 
  30   12    61    677 
  30   13    21    239 
  30   14    56    627 
  30   15    58    645 
  30   16    21    239 
  30   17    62    692 
  30   18    70    777 
  30   19    41    462 
  30   20    36    402 
  30   21    67    744 
  30   22    27    306 
  30   23    70    777 
  30   24    44    488 
  30   25    43    486 
  30   26    21    243 
  30   27    59    657 
  30   28    49    549 
  30   29    26    290 
  30   30    61    678 
  30   31    65    727 
  30   32    20    226 
  30   33    40    447 
  30   34    32    361 
  30   35    31    346 
  30   36    47    529 
  30   37    20    222 
  30   38    47    524 
  30   39    26    293 
  30   40    32    363 
  30   41    36    402 
  30   42    23    257 
  30   43    41    455 
  30   44    69    771 
  30   45    63    701 
  30   46    42    474 
  30   47    66    740 
  30   48    54    602 
  30   49    19    220 
  31    0    50    563 
  31    1    22    253 
  31    2    19    216 
  31    3    34    386 
  31    4    19    216 
  31    5    40    447 
  31    6    30    335 
  31    7    20    229 
  31    8    25    285 
  31    9    21    236 
  31   10    39    443 
  31   11    61    687 
  31   12    58    648 
  31   13    45    502 
  31   14    38    426 
  31   15    69    773 
  31   16    60    676 
  31   17    24    276 
  31   18    66    740 
  31   19    34    383 
  31   20    55    614 
  31   21    43    477 
  31   22    51    566 
  31   23    38    424 
  31   24    35    396 
  31   25    43    481 
  31   26    28    311 
  31   27    49    545 
  31   28    19    211 
  31   29    50    559 
  31   30    23    266 
  31   31    35    395 
  31   32    59    656 
  31   33    28    321 
  31   34    56    628 
  31   35    71    790 
  31   36    37    414 
  31   37    30    339 
  31   38    43    477 
  31   39    57    633 
  31   40    41    461 
  31   41    70    785 
  31   42    67    747 
  31   43    54    602 
  31   44    63    701 
  31   45    62    698 
  31   46    40    445 
  31   47    21    233 
  31   48    53    597 
  31   49    22    252 
  32    0    29    329 
  32    1    44    494 
  32    2    25    286 
  32    3    27    306 
  32    4    28    312 
  32    5    67    752 
  32    6    40    453 
  32    7    33    374 
  32    8    71    797 
  32    9    70    784 
  32   10    27    300 
  32   11    29    324 
  32   12    41    459 
  32   13    30    337 
  32   14    34    378 
  32   15    39    439 
  32   16    29    322 
  32   17    50    562 
  32   18    23    256 
  32   19    53    597 
  32   20    23    264 
  32   21    19    219 
  32   22    21    237 
  32   23    61    684 
  32   24    36    401 
  32   25    50    565 
  32   26    36    407 
  32   27    49    554 
  32   28    45    509 
  32   29    58    648 
  32   30    63    709 
  32   31    32    360 
  32   32    32    358 
  32   33    39    436 
  32   34    27    303 
  32   35    55    614 
  32   36    71    791 
  32   37    27    303 
  32   38    40    449 
  32   39    68    760 
  32   40    62    698 
  32   41    31    344 
  32   42    29    332 
  32   43    37    412 
  32   44    62    690 
  32   45    32    360 
  32   46    36    401 
  32   47    34    378 
  32   48    58    650 
  32   49    23    256 
  33    0    35    398 
  33    1    31    344 
  33    2    55    616 
  33    3    63    704 
  33    4    43    479 
  33    5    38    431 
  33    6    39    439 
  33    7    32    363 
  33    8    52    579 
  33    9    34    382 
  33   10    59    665 
  33   11    69    767 
  33   12    56    623 
  33   13    33    370 
  33   14    34    381 
  33   15    67    752 
  33   16    50    557 
  33   17    50    563 
  33   18    27    303 
  33   19    55    616 
  33   20    26    292 
  33   21    44    489 
  33   22    49    554 
  33   23    35    390 
  33   24    23    256 
  33   25    42    466 
  33   26    28    315 
  33   27    61    681 
  33   28    40    450 
  33   29    19    220 
  33   30    20    227 
  33   31    39    436 
  33   32    25    281 
  33   33    57    634 
  33   34    19    211 
  33   35    68    761 
  33   36    40    451 
  33   37    18    204 
  33   38    27    306 
  33   39    37    418 
  33   40    27    302 
  33   41    60    674 
  33   42    67    754 
  33   43    45    502 
  33   44    67    752 
  33   45    32    363 
  33   46    45    503 
  33   47    53    590 
  33   48    34    383 
  33   49    39    435 
  34    0    51    570 
  34    1    19    216 
  34    2    34    381 
  34    3    19    212 
  34    4    54    599 
  34    5    56    631 
  34    6    31    352 
  34    7    54    600 
  34    8    28    317 
  34    9    24    277 
  34   10    35    397 
  34   11    60    676 
  34   12    32    364 
  34   13    28    319 
  34   14    56    623 
  34   15    26    299 
  34   16    21    242 
  34   17    46    512 
  34   18    71    796 
  34   19    21    236 
  34   20    35    393 
  34   21    57    642 
  34   22    43    477 
  34   23    48    537 
  34   24    42    468 
  34   25    50    557 
  34   26    40    454 
  34   27    40    447 
  34   28    18    209 
  34   29    34    387 
  34   30    60    676 
  34   31    55    616 
  34   32    40    451 
  34   33    71    796 
  34   34    38    425 
  34   35    25    288 
  34   36    63    700 
  34   37    26    294 
  34   38    33    370 
  34   39    40    454 
  34   40    52    585 
  34   41    64    720 
  34   42    56    629 
  34   43    55    621 
  34   44    46    520 
  34   45    32    361 
  34   46    36    407 
  34   47    39    442 
  34   48    46    520 
  34   49    52    587 
  35    0    52    579 
  35    1    39    443 
  35    2    35    390 
  35    3    67    751 
  35    4    50    564 
  35    5    69    772 
  35    6    18    207 
  35    7    64    710 
  35    8    20    230 
  35    9    37    413 
  35   10    66    737 
  35   11    58    644 
  35   12    51    572 
  35   13    42    471 
  35   14    64    712 
  35   15    64    719 
  35   16    30    335 
  35   17    71    789 
  35   18    37    421 
  35   19    70    783 
  35   20    35    391 
  35   21    68    765 
  35   22    20    228 
  35   23    22    251 
  35   24    50    559 
  35   25    42    474 
  35   26    40    449 
  35   27    19    221 
  35   28    65    723 
  35   29    44    493 
  35   30    61    680 
  35   31    33    373 
  35   32    47    529 
  35   33    38    425 
  35   34    53    593 
  35   35    21    235 
  35   36    34    378 
  35   37    20    222 
  35   38    45    509 
  35   39    57    642 
  35   40    70    782 
  35   41    35    391 
  35   42    29    328 
  35   43    70    778 
  35   44    40    453 
  35   45    67    749 
  35   46    40    454 
  35   47    61    683 
  35   48    43    483 
  35   49    26    298 
  36    0    71    792 
  36    1    22    250 
  36    2    48    541 
  36    3    53    594 
  36    4    52    583 
  36    5    30    336 
  36    6    59    663 
  36    7    32    363 
  36    8    66    743 
  36    9    22    247 
  36   10    29    331 
  36   11    59    664 
  36   12    41    464 
  36   13    32    363 
  36   14    64    715 
  36   15    39    434 
  36   16    63    702 
  36   17    40    451 
  36   18    60    667 
  36   19    28    312 
  36   20    19    217 
  36   21    54    600 
  36   22    52    583 
  36   23    45    509 
  36   24    70    779 
  36   25    49    554 
  36   26    67    746 
  36   27    47    523 
  36   28    62    692 
  36   29    64    719 
  36   30    26    294 
  36   31    64    711 
  36   32    66    732 
  36   33    53    595 
  36   34    37    413 
  36   35    63    703 
  36   36    64    717 
  36   37    51    572 
  36   38    37    413 
  36   39    65    731 
  36   40    43    485 
  36   41    22    250 
  36   42    39    436 
  36   43    39    434 
  36   44    60    667 
  36   45    37    413 
  36   46    70    779 
  36   47    39    435 
  36   48    28    317 
  36   49    42    469 
  37    0    40    447 
  37    1    71    794 
  37    2    35    399 
  37    3    40    444 
  37    4    63    708 
  37    5    54    605 
  37    6    49    549 
  37    7    67    744 
  37    8    38    430 
  37    9    48    539 
  37   10    41    455 
  37   11    43    477 
  37   12    48    542 
  37   13    28    319 
  37   14    54    600 
  37   15    67    747 
  37   16    45    509 
  37   17    41    462 
  37   18    62    696 
  37   19    69    774 
  37   20    61    687 
  37   21    70    786 
  37   22    22    255 
  37   23    40    445 
  37   24    43    485 
  37   25    26    298 
  37   26    60    675 
  37   27    53    596 
  37   28    22    250 
  37   29    58    650 
  37   30    24    271 
  37   31    30    338 
  37   32    49    554 
  37   33    62    689 
  37   34    67    744 
  37   35    51    573 
  37   36    31    346 
  37   37    18    204 
  37   38    71    793 
  37   39    62    691 
  37   40    56    622 
  37   41    44    495 
  37   42    64    716 
  37   43    69    770 
  37   44    38    426 
  37   45    39    442 
  37   46    40    448 
  37   47    29    330 
  37   48    48    537 
  37   49    59    655 
  38    0    39    433 
  38    1    38    431 
  38    2    42    474 
  38    3    35    393 
  38    4    49    554 
  38    5    45    510 
  38    6    25    283 
  38    7    60    673 
  38    8    55    613 
  38    9    56    632 
  38   10    59    661 
  38   11    67    752 
  38   12    67    750 
  38   13    43    482 
  38   14    62    693 
  38   15    64    713 
  38   16    68    765 
  38   17    64    715 
  38   18    31    349 
  38   19    33    368 
  38   20    19    213 
  38   21    39    433 
  38   22    63    703 
  38   23    24    271 
  38   24    67    752 
  38   25    46    512 
  38   26    47    522 
  38   27    53    595 
  38   28    53    595 
  38   29    54    599 
  38   30    43    486 
  38   31    35    390 
  38   32    23    266 
  38   33    66    742 
  38   34    66    737 
  38   35    29    326 
  38   36    36    402 
  38   37    49    552 
  38   38    22    253 
  38   39    52    587 
  38   40    38    427 
  38   41    67    749 
  38   42    69    769 
  38   43    65    726 
  38   44    36    401 
  38   45    71    789 
  38   46    26    299 
  38   47    43    481 
  38   48    63    707 
  38   49    22    245 
  39    0    27    305 
  39    1    60    671 
  39    2    18    210 
  39    3    62    696 
  39    4    35    389 
  39    5    42    476 
  39    6    23    263 
  39    7    60    668 
  39    8    64    716 
  39    9    26    291 
  39   10    66    737 
  39   11    37    412 
  39   12    65    726 
  39   13    40    446 
  39   14    55    614 
  39   15    64    720 
  39   16    21    240 
  39   17    65    731 
  39   18    49    548 
  39   19    36    402 
  39   20    28    315 
  39   21    66    741 
  39   22    69    772 
  39   23    22    245 
  39   24    61    677 
  39   25    50    555 
  39   26    48    543 
  39   27    33    374 
  39   28    33    367 
  39   29    37    420 
  39   30    55    616 
  39   31    50    562 
  39   32    52    581 
  39   33    61    683 
  39   34    55    619 
  39   35    70    782 
  39   36    57    639 
  39   37    63    699 
  39   38    51    573 
  39   39    30    334 
  39   40    70    784 
  39   41    52    583 
  39   42    46    521 
  39   43    26    291 
  39   44    70    787 
  39   45    21    240 
  39   46    22    255 
  39   47    51    568 
  39   48    59    662 
  39   49    26    292 
  40    0    23    257 
  40    1    28    320 
  40    2    62    693 
  40    3    45    501 
  40    4    57    638 
  40    5    39    443 
  40    6    64    719 
  40    7    19    219 
  40    8    62    696 
  40    9    19    219 
  40   10    66    734 
  40   11    43    483 
  40   12    34    381 
  40   13    27    305 
  40   14    48    540 
  40   15    51    576 
  40   16    61    682 
  40   17    61    682 
  40   18    33    366 
  40   19    61    683 
  40   20    66    739 
  40   21    33    367 
  40   22    63    703 
  40   23    65    722 
  40   24    44    490 
  40   25    45    505 
  40   26    19    213 
  40   27    25    288 
  40   28    71    795 
  40   29    59    656 
  40   30    48    541 
  40   31    62    692 
  40   32    21    234 
  40   33    30    343 
  40   34    69    768 
  40   35    53    590 
  40   36    31    351 
  40   37    69    766 
  40   38    48    542 
  40   39    55    613 
  40   40    53    594 
  40   41    43    481 
  40   42    61    680 
  40   43    18    203 
  40   44    54    607 
  40   45    66    738 
  40   46    57    634 
  40   47    48    543 
  40   48    71    793 
  40   49    68    765 
  41    0    55    620 
  41    1    29    328 
  41    2    47    529 
  41    3    27    303 
  41    4    58    648 
  41    5    49    554 
  41    6    50    563 
  41    7    44    496 
  41    8    63    709 
  41    9    57    633 
  41   10    56    632 
  41   11    40    451 
  41   12    42    470 
  41   13    57    638 
  41   14    50    564 
  41   15    51    571 
  41   16    50    563 
  41   17    35    396 
  41   18    28    321 
  41   19    56    628 
  41   20    48    538 
  41   21    51    566 
  41   22    28    317 
  41   23    18    206 
  41   24    40    445 
  41   25    42    473 
  41   26    43    487 
  41   27    61    681 
  41   28    31    344 
  41   29    44    492 
  41   30    39    439 
  41   31    51    576 
  41   32    64    716 
  41   33    54    603 
  41   34    37    420 
  41   35    23    263 
  41   36    35    398 
  41   37    49    553 
  41   38    26    299 
  41   39    36    401 
  41   40    40    448 
  41   41    26    294 
  41   42    63    699 
  41   43    19    215 
  41   44    53    589 
  41   45    28    320 
  41   46    63    708 
  41   47    55    621 
  41   48    69    776 
  41   49    31    353 
  42    0    44    491 
  42    1    47    522 
  42    2    68    757 
  42    3    63    708 
  42    4    42    470 
  42    5    58    645 
  42    6    25    283 
  42    7    45    507 
  42    8    54    608 
  42    9    59    664 
  42   10    44    497 
  42   11    29    325 
  42   12    49    547 
  42   13    33    376 
  42   14    27    301 
  42   15    20    228 
  42   16    66    737 
  42   17    25    278 
  42   18    45    503 
  42   19    25    278 
  42   20    67    750 
  42   21    68    758 
  42   22    27    308 
  42   23    22    254 
  42   24    50    555 
  42   25    67    744 
  42   26    31    351 
  42   27    24    270 
  42   28    35    395 
  42   29    41    458 
  42   30    28    319 
  42   31    68    759 
  42   32    33    368 
  42   33    29    325 
  42   34    43    478 
  42   35    39    437 
  42   36    65    724 
  42   37    61    682 
  42   38    21    236 
  42   39    29    332 
  42   40    37    411 
  42   41    51    574 
  42   42    59    660 
  42   43    51    572 
  42   44    22    246 
  42   45    70    777 
  42   46    52    582 
  42   47    69    768 
  42   48    64    714 
  42   49    27    309 
  43    0    20    229 
  43    1    20    225 
  43    2    23    258 
  43    3    33    367 
  43    4    31    351 
  43    5    37    418 
  43    6    44    491 
  43    7    35    391 
  43    8    55    612 
  43    9    63    702 
  43   10    48    533 
  43   11    40    452 
  43   12    23    262 
  43   13    52    581 
  43   14    64    715 
  43   15    64    712 
  43   16    39    437 
  43   17    36    408 
  43   18    67    754 
  43   19    49    548 
  43   20    60    673 
  43   21    63    703 
  43   22    34    387 
  43   23    44    493 
  43   24    51    574 
  43   25    50    561 
  43   26    38    422 
  43   27    35    391 
  43   28    62    693 
  43   29    61    681 
  43   30    54    607 
  43   31    25    279 
  43   32    21    242 
  43   33    25    287 
  43   34    62    695 
  43   35    21    233 
  43   36    33    369 
  43   37    26    299 
  43   38    25    281 
  43   39    40    445 
  43   40    54    599 
  43   41    59    656 
  43   42    44    495 
  43   43    41    463 
  43   44    21    234 
  43   45    38    428 
  43   46    61    681 
  43   47    72    799 
  43   48    56    632 
  43   49    60    669 
  44    0    42    476 
  44    1    45    508 
  44    2    47    522 
  44    3    39    440 
  44    4    50    561 
  44    5    44    488 
  44    6    44    495 
  44    7    19    215 
  44    8    66    736 
  44    9    55    612 
  44   10    65    727 
  44   11    31    352 
  44   12    70    783 
  44   13    55    616 
  44   14    18    207 
  44   15    60    671 
  44   16    29    332 
  44   17    20    223 
  44   18    46    512 
  44   19    66    742 
  44   20    41    464 
  44   21    52    587 
  44   22    61    682 
  44   23    33    368 
  44   24    46    520 
  44   25    65    726 
  44   26    71    793 
  44   27    44    493 
  44   28    60    674 
  44   29    49    552 
  44   30    33    371 
  44   31    34    381 
  44   32    34    384 
  44   33    31    344 
  44   34    47    527 
  44   35    28    321 
  44   36    39    441 
  44   37    48    533 
  44   38    22    252 
  44   39    36    401 
  44   40    18    202 
  44   41    20    231 
  44   42    19    220 
  44   43    57    638 
  44   44    51    568 
  44   45    71    794 
  44   46    51    567 
  44   47    34    379 
  44   48    64    713 
  44   49    26    294 
  45    0    31    346 
  45    1    33    369 
  45    2    69    772 
  45    3    43    483 
  45    4    44    490 
  45    5    35    389 
  45    6    20    224 
  45    7    32    365 
  45    8    68    765 
  45    9    44    493 
  45   10    33    375 
  45   11    42    469 
  45   12    33    366 
  45   13    45    505 
  45   14    34    379 
  45   15    45    503 
  45   16    27    305 
  45   17    63    704 
  45   18    55    611 
  45   19    48    535 
  45   20    45    503 
  45   21    41    464 
  45   22    50    556 
  45   23    71    795 
  45   24    24    268 
  45   25    69    774 
  45   26    23    260 
  45   27    19    221 
  45   28    42    474 
  45   29    50    555 
  45   30    57    641 
  45   31    18    207 
  45   32    38    424 
  45   33    55    621 
  45   34    70    785 
  45   35    27    307 
  45   36    69    768 
  45   37    62    693 
  45   38    64    719 
  45   39    33    370 
  45   40    43    485 
  45   41    31    354 
  45   42    67    751 
  45   43    31    354 
  45   44    55    615 
  45   45    20    224 
  45   46    54    600 
  45   47    56    632 
  45   48    38    429 
  45   49    50    561 
  46    0    20    223 
  46    1    30    335 
  46    2    50    564 
  46    3    34    378 
  46    4    66    743 
  46    5    32    359 
  46    6    44    496 
  46    7    65    723 
  46    8    28    319 
  46    9    57    640 
  46   10    43    484 
  46   11    71    797 
  46   12    35    389 
  46   13    63    699 
  46   14    64    712 
  46   15    41    457 
  46   16    43    480 
  46   17    69    767 
  46   18    56    632 
  46   19    30    337 
  46   20    57    639 
  46   21    32    360 
  46   22    60    670 
  46   23    63    706 
  46   24    47    526 
  46   25    25    285 
  46   26    62    689 
  46   27    46    521 
  46   28    22    249 
  46   29    68    756 
  46   30    25    288 
  46   31    24    274 
  46   32    61    681 
  46   33    55    620 
  46   34    52    581 
  46   35    36    400 
  46   36    30    341 
  46   37    58    651 
  46   38    25    283 
  46   39    28    319 
  46   40    35    398 
  46   41    39    436 
  46   42    65    726 
  46   43    42    471 
  46   44    21    234 
  46   45    40    454 
  46   46    32    362 
  46   47    40    452 
  46   48    23    259 
  46   49    37    415 
  47    0    30    341 
  47    1    18    206 
  47    2    38    426 
  47    3    24    276 
  47    4    25    279 
  47    5    52    584 
  47    6    56    625 
  47    7    22    247 
  47    8    37    414 
  47    9    26    289 
  47   10    56    625 
  47   11    60    676 
  47   12    48    543 
  47   13    31    353 
  47   14    18    205 
  47   15    18    209 
  47   16    52    584 
  47   17    21    241 
  47   18    30    341 
  47   19    71    796 
  47   20    51    571 
  47   21    41    462 
  47   22    54    602 
  47   23    27    304 
  47   24    32    355 
  47   25    64    713 
  47   26    34    380 
  47   27    63    705 
  47   28    57    633 
  47   29    68    764 
  47   30    61    682 
  47   31    66    739 
  47   32    27    302 
  47   33    26    294 
  47   34    45    501 
  47   35    18    201 
  47   36    36    405 
  47   37    31    352 
  47   38    24    277 
  47   39    42    470 
  47   40    32    364 
  47   41    19    221 
  47   42    52    577 
  47   43    25    284 
  47   44    34    386 
  47   45    23    261 
  47   46    40    444 
  47   47    48    542 
  47   48    44    493 
  47   49    70    781 
  48    0    22    252 
  48    1    52    581 
  48    2    18    202 
  48    3    65    721 
  48    4    46    515 
  48    5    55    613 
  48    6    45    503 
  48    7    53    597 
  48    8    67    749 
  48    9    28    315 
  48   10    40    448 
  48   11    42    476 
  48   12    51    567 
  48   13    39    443 
  48   14    49    546 
  48   15    53    595 
  48   16    28    320 
  48   17    23    258 
  48   18    62    696 
  48   19    22    245 
  48   20    61    679 
  48   21    46    518 
  48   22    38    426 
  48   23    41    461 
  48   24    68    758 
  48   25    40    448 
  48   26    51    566 
  48   27    50    557 
  48   28    42    467 
  48   29    55    619 
  48   30    38    429 
  48   31    47    524 
  48   32    66    738 
  48   33    18    201 
  48   34    20    230 
  48   35    43    478 
  48   36    18    200 
  48   37    65    721 
  48   38    37    414 
  48   39    33    369 
  48   40    24    272 
  48   41    60    669 
  48   42    52    581 
  48   43    61    683 
  48   44    36    406 
  48   45    25    282 
  48   46    35    394 
  48   47    19    212 
  48   48    49    552 
  48   49    61    684 
  49    0    50    557 
  49    1    32    362 
  49    2    63    705 
  49    3    43    487 
  49    4    36    401 
  49    5    18    209 
  49    6    23    263 
  49    7    31    352 
  49    8    35    389 
  49    9    39    441 
  49   10    30    335 
  49   11    20    232 
  49   12    38    424 
  49   13    62    689 
  49   14    29    324 
  49   15    20    226 
  49   16    45    501 
  49   17    21    239 
  49   18    62    688 
  49   19    21    234 
  49   20    63    705 
  49   21    29    326 
  49   22    28    318 
  49   23    19    211 
  49   24    58    644 
  49   25    18    204 
  49   26    18    201 
  49   27    59    655 
  49   28    51    566 
  49   29    61    677 
  49   30    26    297 
  49   31    26    292 
  49   32    26    298 
  49   33    58    646 
  49   34    25    279 
  49   35    65    721 
  49   36    21    238 
  49   37    18    206 
  49   38    50    565 
  49   39    37    416 
  49   40    59    664 
  49   41    39    442 
  49   42    25    278 
  49   43    32    360 
  49   44    62    688 
  49   45    36    403 
  49   46    46    518 
  49   47    35    399 
  49   48    57    642 
  49   49    29    323 
