 50
 50

   12
    8
    8
    7
    4
   11
    8
    5
   19
   20
   13
    2
    6
   20
   15
    9
    4
   16
    5
    3
   12
   11
   18
    7
   20
    2
   10
   11
   20
   12
   20
    8
   20
    4
   20
    2
    1
    7
   17
   13
    8
   18
   12
    1
   20
    4
    9
   11
    5
    1

   17
   10
    3
    8
   17
   18
    7
    4
   18
   16
    9
   17
   19
   18
   20
    7
    5
   12
    6
   16
    3
    2
    4
   10
    2
   11
   10
   13
    7
   18
   11
   18
   13
    8
    3
   11
    3
    7
   11
    2
    3
    6
   20
    7
    1
   18
    6
   15
   16
   13

   0    0    69    726 
   0    1    46    489 
   0    2    24    261 
   0    3    68    715 
   0    4    57    598 
   0    5    75    796 
   0    6    21    222 
   0    7    31    335 
   0    8    48    510 
   0    9    35    373 
   0   10    55    578 
   0   11    71    745 
   0   12    38    408 
   0   13    67    707 
   0   14    48    510 
   0   15    24    261 
   0   16    24    253 
   0   17    21    229 
   0   18    38    401 
   0   19    36    384 
   0   20    23    246 
   0   21    31    329 
   0   22    37    398 
   0   23    38    404 
   0   24    30    325 
   0   25    25    267 
   0   26    68    720 
   0   27    54    567 
   0   28    31    333 
   0   29    48    507 
   0   30    61    644 
   0   31    43    458 
   0   32    65    687 
   0   33    72    755 
   0   34    24    261 
   0   35    21    224 
   0   36    64    679 
   0   37    51    537 
   0   38    29    312 
   0   39    70    739 
   0   40    76    799 
   0   41    21    230 
   0   42    22    234 
   0   43    53    559 
   0   44    30    316 
   0   45    58    616 
   0   46    35    372 
   0   47    32    344 
   0   48    64    679 
   0   49    68    713 
   1    0    57    598 
   1    1    49    523 
   1    2    73    775 
   1    3    68    720 
   1    4    68    718 
   1    5    53    563 
   1    6    55    586 
   1    7    20    212 
   1    8    31    333 
   1    9    52    555 
   1   10    52    549 
   1   11    35    370 
   1   12    43    460 
   1   13    64    675 
   1   14    37    398 
   1   15    65    684 
   1   16    40    428 
   1   17    44    470 
   1   18    39    416 
   1   19    58    613 
   1   20    47    498 
   1   21    51    537 
   1   22    43    453 
   1   23    68    717 
   1   24    61    644 
   1   25    59    629 
   1   26    40    422 
   1   27    30    325 
   1   28    53    558 
   1   29    37    389 
   1   30    25    267 
   1   31    50    527 
   1   32    37    392 
   1   33    42    441 
   1   34    43    460 
   1   35    25    270 
   1   36    59    628 
   1   37    75    793 
   1   38    25    271 
   1   39    37    396 
   1   40    45    479 
   1   41    53    566 
   1   42    33    350 
   1   43    41    432 
   1   44    44    468 
   1   45    39    412 
   1   46    51    542 
   1   47    61    640 
   1   48    64    681 
   1   49    58    616 
   2    0    68    717 
   2    1    50    534 
   2    2    23    247 
   2    3    21    222 
   2    4    27    286 
   2    5    38    400 
   2    6    65    688 
   2    7    41    432 
   2    8    53    556 
   2    9    72    756 
   2   10    70    744 
   2   11    49    519 
   2   12    27    285 
   2   13    45    477 
   2   14    43    461 
   2   15    62    651 
   2   16    52    547 
   2   17    21    228 
   2   18    37    394 
   2   19    29    309 
   2   20    24    254 
   2   21    31    326 
   2   22    61    643 
   2   23    68    723 
   2   24    57    604 
   2   25    75    791 
   2   26    66    698 
   2   27    72    761 
   2   28    21    230 
   2   29    63    670 
   2   30    30    316 
   2   31    41    435 
   2   32    39    418 
   2   33    51    542 
   2   34    34    363 
   2   35    45    477 
   2   36    65    685 
   2   37    56    588 
   2   38    40    428 
   2   39    72    765 
   2   40    53    562 
   2   41    55    581 
   2   42    43    456 
   2   43    42    447 
   2   44    63    662 
   2   45    73    766 
   2   46    47    495 
   2   47    55    579 
   2   48    44    466 
   2   49    73    768 
   3    0    72    757 
   3    1    35    377 
   3    2    41    435 
   3    3    67    708 
   3    4    24    260 
   3    5    33    352 
   3    6    45    474 
   3    7    22    238 
   3    8    70    744 
   3    9    38    399 
   3   10    24    260 
   3   11    25    272 
   3   12    63    670 
   3   13    72    760 
   3   14    46    486 
   3   15    46    486 
   3   16    23    242 
   3   17    68    720 
   3   18    68    722 
   3   19    47    494 
   3   20    20    218 
   3   21    32    345 
   3   22    63    669 
   3   23    73    774 
   3   24    20    216 
   3   25    45    475 
   3   26    63    664 
   3   27    40    420 
   3   28    20    216 
   3   29    27    292 
   3   30    60    633 
   3   31    42    445 
   3   32    67    712 
   3   33    67    708 
   3   34    57    601 
   3   35    72    757 
   3   36    54    576 
   3   37    61    646 
   3   38    59    629 
   3   39    36    383 
   3   40    26    281 
   3   41    59    625 
   3   42    70    744 
   3   43    68    717 
   3   44    37    397 
   3   45    32    341 
   3   46    45    473 
   3   47    57    602 
   3   48    31    333 
   3   49    61    641 
   4    0    28    298 
   4    1    51    537 
   4    2    64    677 
   4    3    71    749 
   4    4    20    211 
   4    5    60    630 
   4    6    35    368 
   4    7    47    497 
   4    8    59    620 
   4    9    27    292 
   4   10    45    472 
   4   11    54    572 
   4   12    29    309 
   4   13    62    659 
   4   14    28    304 
   4   15    30    316 
   4   16    40    426 
   4   17    57    601 
   4   18    36    384 
   4   19    45    482 
   4   20    28    294 
   4   21    31    326 
   4   22    60    635 
   4   23    22    241 
   4   24    73    766 
   4   25    25    272 
   4   26    45    478 
   4   27    72    764 
   4   28    52    549 
   4   29    45    477 
   4   30    28    304 
   4   31    39    409 
   4   32    65    691 
   4   33    53    556 
   4   34    24    261 
   4   35    25    272 
   4   36    67    707 
   4   37    49    516 
   4   38    20    215 
   4   39    62    655 
   4   40    76    800 
   4   41    30    321 
   4   42    30    315 
   4   43    74    777 
   4   44    57    599 
   4   45    28    301 
   4   46    59    628 
   4   47    25    267 
   4   48    36    387 
   4   49    62    652 
   5    0    24    258 
   5    1    60    632 
   5    2    53    565 
   5    3    47    499 
   5    4    52    552 
   5    5    69    727 
   5    6    20    212 
   5    7    54    571 
   5    8    39    413 
   5    9    64    674 
   5   10    33    351 
   5   11    35    369 
   5   12    21    221 
   5   13    44    468 
   5   14    65    686 
   5   15    37    388 
   5   16    71    749 
   5   17    61    645 
   5   18    38    402 
   5   19    33    355 
   5   20    60    636 
   5   21    42    448 
   5   22    69    733 
   5   23    41    440 
   5   24    52    554 
   5   25    33    353 
   5   26    23    249 
   5   27    45    480 
   5   28    73    772 
   5   29    63    669 
   5   30    25    271 
   5   31    46    489 
   5   32    69    725 
   5   33    71    753 
   5   34    42    442 
   5   35    29    314 
   5   36    35    374 
   5   37    44    465 
   5   38    65    686 
   5   39    20    217 
   5   40    21    227 
   5   41    57    607 
   5   42    40    424 
   5   43    43    461 
   5   44    27    284 
   5   45    56    594 
   5   46    42    448 
   5   47    44    471 
   5   48    52    555 
   5   49    60    631 
   6    0    56    590 
   6    1    51    536 
   6    2    25    264 
   6    3    73    772 
   6    4    71    751 
   6    5    33    350 
   6    6    73    770 
   6    7    31    326 
   6    8    43    453 
   6    9    37    396 
   6   10    51    536 
   6   11    32    338 
   6   12    34    357 
   6   13    52    546 
   6   14    19    202 
   6   15    24    255 
   6   16    48    508 
   6   17    21    222 
   6   18    55    581 
   6   19    76    800 
   6   20    63    671 
   6   21    47    501 
   6   22    52    551 
   6   23    26    275 
   6   24    49    523 
   6   25    44    462 
   6   26    21    230 
   6   27    44    470 
   6   28    32    339 
   6   29    63    666 
   6   30    75    788 
   6   31    62    651 
   6   32    49    519 
   6   33    38    401 
   6   34    21    221 
   6   35    34    363 
   6   36    74    783 
   6   37    28    295 
   6   38    47    502 
   6   39    28    296 
   6   40    34    359 
   6   41    55    581 
   6   42    43    452 
   6   43    73    766 
   6   44    47    493 
   6   45    37    397 
   6   46    65    690 
   6   47    74    779 
   6   48    45    479 
   6   49    54    575 
   7    0    28    298 
   7    1    28    294 
   7    2    60    630 
   7    3    37    388 
   7    4    45    481 
   7    5    65    683 
   7    6    37    391 
   7    7    22    235 
   7    8    75    792 
   7    9    62    652 
   7   10    33    352 
   7   11    24    258 
   7   12    40    422 
   7   13    21    222 
   7   14    35    369 
   7   15    62    651 
   7   16    28    301 
   7   17    30    325 
   7   18    64    675 
   7   19    54    574 
   7   20    19    205 
   7   21    25    268 
   7   22    61    648 
   7   23    52    546 
   7   24    56    593 
   7   25    32    344 
   7   26    45    472 
   7   27    47    500 
   7   28    21    221 
   7   29    70    739 
   7   30    67    712 
   7   31    59    620 
   7   32    51    537 
   7   33    42    444 
   7   34    34    365 
   7   35    56    593 
   7   36    25    265 
   7   37    49    520 
   7   38    42    443 
   7   39    70    743 
   7   40    43    461 
   7   41    65    688 
   7   42    32    336 
   7   43    29    306 
   7   44    74    782 
   7   45    49    519 
   7   46    37    391 
   7   47    34    365 
   7   48    63    668 
   7   49    44    464 
   8    0    42    447 
   8    1    53    565 
   8    2    24    261 
   8    3    59    622 
   8    4    53    557 
   8    5    53    558 
   8    6    50    534 
   8    7    38    405 
   8    8    51    544 
   8    9    70    740 
   8   10    72    755 
   8   11    36    386 
   8   12    69    724 
   8   13    42    441 
   8   14    33    355 
   8   15    54    567 
   8   16    40    427 
   8   17    34    363 
   8   18    69    733 
   8   19    62    656 
   8   20    51    540 
   8   21    33    355 
   8   22    47    502 
   8   23    38    401 
   8   24    62    659 
   8   25    38    404 
   8   26    76    800 
   8   27    63    664 
   8   28    26    280 
   8   29    22    239 
   8   30    42    449 
   8   31    22    231 
   8   32    60    631 
   8   33    56    589 
   8   34    71    745 
   8   35    29    314 
   8   36    26    279 
   8   37    71    752 
   8   38    53    566 
   8   39    69    724 
   8   40    53    563 
   8   41    40    422 
   8   42    54    570 
   8   43    41    430 
   8   44    64    674 
   8   45    76    799 
   8   46    38    406 
   8   47    24    252 
   8   48    39    417 
   8   49    44    462 
   9    0    30    315 
   9    1    23    249 
   9    2    28    297 
   9    3    32    343 
   9    4    24    255 
   9    5    68    719 
   9    6    65    685 
   9    7    71    748 
   9    8    23    246 
   9    9    72    757 
   9   10    60    633 
   9   11    24    262 
   9   12    62    652 
   9   13    20    212 
   9   14    70    735 
   9   15    32    336 
   9   16    75    795 
   9   17    75    791 
   9   18    32    341 
   9   19    75    790 
   9   20    51    537 
   9   21    38    406 
   9   22    57    608 
   9   23    59    628 
   9   24    61    640 
   9   25    67    703 
   9   26    73    766 
   9   27    27    286 
   9   28    26    279 
   9   29    45    481 
   9   30    38    401 
   9   31    42    449 
   9   32    35    373 
   9   33    60    635 
   9   34    24    262 
   9   35    58    617 
   9   36    59    626 
   9   37    67    705 
   9   38    25    266 
   9   39    61    640 
   9   40    66    698 
   9   41    69    729 
   9   42    32    345 
   9   43    55    581 
   9   44    61    647 
   9   45    58    616 
   9   46    74    778 
   9   47    71    750 
   9   48    69    729 
   9   49    28    302 
  10    0    68    713 
  10    1    21    228 
  10    2    63    666 
  10    3    28    296 
  10    4    59    619 
  10    5    65    688 
  10    6    38    403 
  10    7    52    551 
  10    8    61    647 
  10    9    29    313 
  10   10    58    615 
  10   11    67    711 
  10   12    31    328 
  10   13    48    509 
  10   14    72    757 
  10   15    52    550 
  10   16    70    740 
  10   17    61    641 
  10   18    54    573 
  10   19    27    291 
  10   20    62    660 
  10   21    28    298 
  10   22    65    683 
  10   23    22    231 
  10   24    72    759 
  10   25    57    606 
  10   26    19    201 
  10   27    68    718 
  10   28    36    383 
  10   29    32    342 
  10   30    50    532 
  10   31    42    449 
  10   32    22    231 
  10   33    55    582 
  10   34    40    421 
  10   35    24    254 
  10   36    42    449 
  10   37    48    504 
  10   38    48    506 
  10   39    58    613 
  10   40    30    322 
  10   41    61    642 
  10   42    59    620 
  10   43    28    303 
  10   44    63    666 
  10   45    21    223 
  10   46    66    697 
  10   47    26    282 
  10   48    53    564 
  10   49    33    347 
  11    0    66    701 
  11    1    47    495 
  11    2    57    605 
  11    3    51    537 
  11    4    75    795 
  11    5    52    548 
  11    6    49    514 
  11    7    45    479 
  11    8    67    704 
  11    9    26    278 
  11   10    24    258 
  11   11    62    652 
  11   12    73    767 
  11   13    22    231 
  11   14    72    756 
  11   15    46    490 
  11   16    57    607 
  11   17    39    416 
  11   18    72    756 
  11   19    30    317 
  11   20    57    605 
  11   21    64    676 
  11   22    69    728 
  11   23    61    646 
  11   24    25    263 
  11   25    63    666 
  11   26    56    592 
  11   27    35    374 
  11   28    27    289 
  11   29    52    551 
  11   30    42    441 
  11   31    70    740 
  11   32    74    784 
  11   33    49    516 
  11   34    53    557 
  11   35    67    711 
  11   36    38    407 
  11   37    59    625 
  11   38    72    755 
  11   39    22    236 
  11   40    37    392 
  11   41    23    243 
  11   42    68    715 
  11   43    50    529 
  11   44    71    749 
  11   45    51    544 
  11   46    28    300 
  11   47    54    575 
  11   48    59    621 
  11   49    75    795 
  12    0    26    279 
  12    1    34    365 
  12    2    64    675 
  12    3    34    358 
  12    4    44    469 
  12    5    37    396 
  12    6    21    225 
  12    7    40    428 
  12    8    60    633 
  12    9    26    280 
  12   10    74    782 
  12   11    59    622 
  12   12    49    521 
  12   13    24    258 
  12   14    42    446 
  12   15    60    636 
  12   16    24    258 
  12   17    70    742 
  12   18    64    673 
  12   19    39    410 
  12   20    49    524 
  12   21    61    641 
  12   22    26    273 
  12   23    24    262 
  12   24    71    748 
  12   25    31    335 
  12   26    65    685 
  12   27    54    569 
  12   28    52    550 
  12   29    41    439 
  12   30    29    312 
  12   31    75    791 
  12   32    34    364 
  12   33    27    286 
  12   34    61    645 
  12   35    21    226 
  12   36    54    570 
  12   37    44    462 
  12   38    66    694 
  12   39    25    264 
  12   40    65    682 
  12   41    71    746 
  12   42    40    427 
  12   43    70    740 
  12   44    35    370 
  12   45    50    529 
  12   46    61    648 
  12   47    22    234 
  12   48    53    566 
  12   49    57    607 
  13    0    57    608 
  13    1    49    516 
  13    2    72    764 
  13    3    50    526 
  13    4    32    342 
  13    5    19    208 
  13    6    74    782 
  13    7    70    744 
  13    8    72    763 
  13    9    68    723 
  13   10    19    205 
  13   11    67    703 
  13   12    20    211 
  13   13    57    598 
  13   14    41    438 
  13   15    62    654 
  13   16    40    421 
  13   17    62    652 
  13   18    30    324 
  13   19    34    366 
  13   20    48    504 
  13   21    47    497 
  13   22    72    755 
  13   23    46    485 
  13   24    68    721 
  13   25    65    690 
  13   26    51    540 
  13   27    28    303 
  13   28    32    342 
  13   29    62    659 
  13   30    65    684 
  13   31    51    540 
  13   32    39    410 
  13   33    42    445 
  13   34    57    608 
  13   35    67    704 
  13   36    34    364 
  13   37    21    225 
  13   38    47    501 
  13   39    59    625 
  13   40    49    521 
  13   41    65    683 
  13   42    39    415 
  13   43    64    677 
  13   44    68    723 
  13   45    35    371 
  13   46    42    446 
  13   47    20    213 
  13   48    46    491 
  13   49    25    265 
  14    0    25    270 
  14    1    64    673 
  14    2    65    689 
  14    3    71    753 
  14    4    49    519 
  14    5    33    352 
  14    6    72    759 
  14    7    25    270 
  14    8    37    398 
  14    9    29    314 
  14   10    67    707 
  14   11    50    529 
  14   12    36    381 
  14   13    21    226 
  14   14    21    227 
  14   15    36    387 
  14   16    73    773 
  14   17    60    630 
  14   18    52    552 
  14   19    64    679 
  14   20    67    705 
  14   21    34    360 
  14   22    34    363 
  14   23    42    446 
  14   24    56    595 
  14   25    68    717 
  14   26    48    510 
  14   27    76    797 
  14   28    50    533 
  14   29    43    452 
  14   30    36    379 
  14   31    48    506 
  14   32    34    364 
  14   33    31    326 
  14   34    31    330 
  14   35    59    619 
  14   36    39    417 
  14   37    24    257 
  14   38    75    792 
  14   39    29    308 
  14   40    28    298 
  14   41    53    566 
  14   42    35    369 
  14   43    48    513 
  14   44    44    464 
  14   45    22    236 
  14   46    75    789 
  14   47    29    313 
  14   48    48    505 
  14   49    21    227 
  15    0    59    629 
  15    1    33    351 
  15    2    56    592 
  15    3    61    646 
  15    4    66    700 
  15    5    42    442 
  15    6    46    492 
  15    7    69    732 
  15    8    21    222 
  15    9    36    380 
  15   10    67    705 
  15   11    43    451 
  15   12    47    502 
  15   13    47    500 
  15   14    35    370 
  15   15    49    515 
  15   16    67    706 
  15   17    47    503 
  15   18    74    780 
  15   19    45    478 
  15   20    42    450 
  15   21    19    205 
  15   22    28    294 
  15   23    55    586 
  15   24    71    750 
  15   25    25    269 
  15   26    72    765 
  15   27    26    277 
  15   28    40    426 
  15   29    29    305 
  15   30    58    610 
  15   31    71    748 
  15   32    70    740 
  15   33    34    360 
  15   34    70    736 
  15   35    65    685 
  15   36    63    668 
  15   37    23    247 
  15   38    50    525 
  15   39    20    211 
  15   40    56    594 
  15   41    26    276 
  15   42    29    305 
  15   43    19    203 
  15   44    65    683 
  15   45    33    349 
  15   46    31    333 
  15   47    19    207 
  15   48    21    226 
  15   49    71    747 
  16    0    34    361 
  16    1    63    662 
  16    2    19    201 
  16    3    32    341 
  16    4    49    515 
  16    5    65    687 
  16    6    38    405 
  16    7    31    331 
  16    8    68    717 
  16    9    32    343 
  16   10    65    687 
  16   11    73    773 
  16   12    70    736 
  16   13    31    335 
  16   14    23    250 
  16   15    55    583 
  16   16    70    737 
  16   17    29    308 
  16   18    30    319 
  16   19    42    443 
  16   20    47    502 
  16   21    27    290 
  16   22    66    692 
  16   23    35    370 
  16   24    62    656 
  16   25    31    329 
  16   26    34    358 
  16   27    20    219 
  16   28    34    365 
  16   29    58    614 
  16   30    69    729 
  16   31    70    736 
  16   32    47    494 
  16   33    45    481 
  16   34    24    261 
  16   35    55    585 
  16   36    20    215 
  16   37    42    448 
  16   38    38    403 
  16   39    51    539 
  16   40    52    552 
  16   41    40    425 
  16   42    71    748 
  16   43    44    465 
  16   44    54    575 
  16   45    27    292 
  16   46    74    778 
  16   47    49    517 
  16   48    65    684 
  16   49    49    517 
  17    0    52    551 
  17    1    75    787 
  17    2    33    356 
  17    3    73    767 
  17    4    55    580 
  17    5    73    768 
  17    6    26    277 
  17    7    20    218 
  17    8    45    480 
  17    9    64    680 
  17   10    34    366 
  17   11    66    699 
  17   12    53    556 
  17   13    64    678 
  17   14    56    596 
  17   15    19    206 
  17   16    40    429 
  17   17    28    295 
  17   18    22    239 
  17   19    74    777 
  17   20    71    745 
  17   21    35    377 
  17   22    34    366 
  17   23    53    566 
  17   24    29    313 
  17   25    27    284 
  17   26    44    464 
  17   27    26    274 
  17   28    67    708 
  17   29    75    792 
  17   30    22    236 
  17   31    24    252 
  17   32    71    747 
  17   33    50    526 
  17   34    28    297 
  17   35    37    396 
  17   36    46    487 
  17   37    31    335 
  17   38    55    577 
  17   39    48    513 
  17   40    42    444 
  17   41    28    302 
  17   42    21    222 
  17   43    47    495 
  17   44    28    299 
  17   45    40    424 
  17   46    29    313 
  17   47    39    419 
  17   48    51    536 
  17   49    39    409 
  18    0    23    244 
  18    1    64    677 
  18    2    62    655 
  18    3    74    779 
  18    4    75    794 
  18    5    74    780 
  18    6    25    266 
  18    7    31    332 
  18    8    74    784 
  18    9    36    378 
  18   10    66    699 
  18   11    73    770 
  18   12    76    799 
  18   13    53    564 
  18   14    23    244 
  18   15    46    484 
  18   16    60    633 
  18   17    74    776 
  18   18    71    747 
  18   19    53    558 
  18   20    45    475 
  18   21    59    625 
  18   22    20    220 
  18   23    69    724 
  18   24    49    522 
  18   25    20    216 
  18   26    60    637 
  18   27    34    363 
  18   28    63    664 
  18   29    22    240 
  18   30    35    367 
  18   31    41    438 
  18   32    20    218 
  18   33    45    477 
  18   34    63    667 
  18   35    74    783 
  18   36    50    528 
  18   37    75    791 
  18   38    28    294 
  18   39    74    778 
  18   40    47    498 
  18   41    56    596 
  18   42    28    296 
  18   43    63    662 
  18   44    30    320 
  18   45    66    702 
  18   46    45    476 
  18   47    65    689 
  18   48    73    775 
  18   49    67    710 
  19    0    27    289 
  19    1    43    454 
  19    2    28    296 
  19    3    59    621 
  19    4    36    387 
  19    5    33    355 
  19    6    61    640 
  19    7    47    493 
  19    8    27    290 
  19    9    20    214 
  19   10    44    468 
  19   11    53    562 
  19   12    54    572 
  19   13    28    295 
  19   14    51    537 
  19   15    38    404 
  19   16    23    248 
  19   17    55    587 
  19   18    57    608 
  19   19    35    377 
  19   20    30    325 
  19   21    67    704 
  19   22    61    650 
  19   23    70    734 
  19   24    65    690 
  19   25    55    583 
  19   26    27    290 
  19   27    48    513 
  19   28    40    424 
  19   29    59    628 
  19   30    21    229 
  19   31    58    617 
  19   32    28    296 
  19   33    74    777 
  19   34    21    222 
  19   35    51    535 
  19   36    23    248 
  19   37    39    410 
  19   38    61    650 
  19   39    31    335 
  19   40    49    521 
  19   41    49    515 
  19   42    52    548 
  19   43    47    500 
  19   44    55    580 
  19   45    53    561 
  19   46    67    703 
  19   47    47    498 
  19   48    74    779 
  19   49    58    610 
  20    0    66    702 
  20    1    43    461 
  20    2    55    578 
  20    3    70    743 
  20    4    27    289 
  20    5    19    205 
  20    6    74    783 
  20    7    30    322 
  20    8    54    575 
  20    9    74    784 
  20   10    53    563 
  20   11    76    797 
  20   12    28    297 
  20   13    75    787 
  20   14    54    569 
  20   15    68    723 
  20   16    65    691 
  20   17    40    429 
  20   18    57    600 
  20   19    65    682 
  20   20    33    356 
  20   21    40    422 
  20   22    25    269 
  20   23    53    566 
  20   24    41    437 
  20   25    35    369 
  20   26    38    399 
  20   27    69    729 
  20   28    52    550 
  20   29    66    694 
  20   30    43    456 
  20   31    30    316 
  20   32    42    447 
  20   33    50    529 
  20   34    29    311 
  20   35    69    731 
  20   36    57    601 
  20   37    33    355 
  20   38    74    783 
  20   39    44    463 
  20   40    60    637 
  20   41    74    784 
  20   42    38    407 
  20   43    22    237 
  20   44    24    262 
  20   45    73    773 
  20   46    70    734 
  20   47    29    310 
  20   48    73    771 
  20   49    34    361 
  21    0    66    702 
  21    1    70    737 
  21    2    47    494 
  21    3    36    386 
  21    4    42    441 
  21    5    73    773 
  21    6    39    416 
  21    7    21    222 
  21    8    56    589 
  21    9    34    357 
  21   10    58    611 
  21   11    73    768 
  21   12    31    331 
  21   13    26    278 
  21   14    21    228 
  21   15    33    352 
  21   16    56    589 
  21   17    56    594 
  21   18    36    385 
  21   19    56    594 
  21   20    41    435 
  21   21    62    660 
  21   22    41    430 
  21   23    38    407 
  21   24    37    389 
  21   25    21    221 
  21   26    34    363 
  21   27    57    600 
  21   28    19    207 
  21   29    65    691 
  21   30    64    676 
  21   31    42    444 
  21   32    40    421 
  21   33    22    233 
  21   34    33    355 
  21   35    58    618 
  21   36    21    221 
  21   37    58    612 
  21   38    40    423 
  21   39    37    396 
  21   40    19    201 
  21   41    25    266 
  21   42    47    494 
  21   43    34    363 
  21   44    31    335 
  21   45    70    740 
  21   46    32    344 
  21   47    28    300 
  21   48    59    628 
  21   49    60    636 
  22    0    29    311 
  22    1    46    487 
  22    2    51    536 
  22    3    75    788 
  22    4    40    420 
  22    5    71    749 
  22    6    25    268 
  22    7    27    286 
  22    8    52    546 
  22    9    39    419 
  22   10    33    348 
  22   11    54    576 
  22   12    48    504 
  22   13    69    732 
  22   14    69    726 
  22   15    41    431 
  22   16    47    503 
  22   17    43    458 
  22   18    42    447 
  22   19    61    644 
  22   20    24    253 
  22   21    32    340 
  22   22    33    356 
  22   23    48    507 
  22   24    48    506 
  22   25    45    481 
  22   26    50    534 
  22   27    34    365 
  22   28    66    694 
  22   29    75    794 
  22   30    51    537 
  22   31    31    333 
  22   32    19    209 
  22   33    33    355 
  22   34    42    448 
  22   35    59    629 
  22   36    64    674 
  22   37    20    212 
  22   38    68    722 
  22   39    60    631 
  22   40    21    223 
  22   41    56    593 
  22   42    53    561 
  22   43    36    382 
  22   44    52    555 
  22   45    42    443 
  22   46    22    237 
  22   47    24    256 
  22   48    30    317 
  22   49    30    319 
  23    0    54    575 
  23    1    50    526 
  23    2    48    504 
  23    3    69    729 
  23    4    60    637 
  23    5    26    279 
  23    6    65    684 
  23    7    75    789 
  23    8    50    530 
  23    9    69    725 
  23   10    44    463 
  23   11    37    398 
  23   12    65    690 
  23   13    43    458 
  23   14    49    524 
  23   15    66    700 
  23   16    55    583 
  23   17    52    550 
  23   18    49    518 
  23   19    21    228 
  23   20    52    553 
  23   21    65    682 
  23   22    65    684 
  23   23    36    380 
  23   24    61    646 
  23   25    73    775 
  23   26    37    389 
  23   27    54    571 
  23   28    46    483 
  23   29    19    206 
  23   30    70    736 
  23   31    73    768 
  23   32    73    773 
  23   33    65    684 
  23   34    76    800 
  23   35    68    720 
  23   36    27    291 
  23   37    37    388 
  23   38    48    508 
  23   39    75    795 
  23   40    33    349 
  23   41    35    375 
  23   42    22    239 
  23   43    72    759 
  23   44    47    499 
  23   45    63    666 
  23   46    26    283 
  23   47    63    665 
  23   48    27    289 
  23   49    49    515 
  24    0    70    735 
  24    1    40    424 
  24    2    62    658 
  24    3    20    219 
  24    4    19    201 
  24    5    70    739 
  24    6    48    511 
  24    7    52    549 
  24    8    69    733 
  24    9    31    331 
  24   10    28    303 
  24   11    55    587 
  24   12    59    627 
  24   13    41    436 
  24   14    70    743 
  24   15    31    327 
  24   16    29    311 
  24   17    36    382 
  24   18    35    376 
  24   19    20    212 
  24   20    69    732 
  24   21    75    789 
  24   22    39    412 
  24   23    44    467 
  24   24    20    210 
  24   25    74    777 
  24   26    28    299 
  24   27    67    707 
  24   28    59    623 
  24   29    44    462 
  24   30    21    223 
  24   31    69    729 
  24   32    70    739 
  24   33    67    711 
  24   34    67    710 
  24   35    59    625 
  24   36    44    464 
  24   37    36    380 
  24   38    21    228 
  24   39    22    235 
  24   40    60    634 
  24   41    72    765 
  24   42    27    293 
  24   43    56    590 
  24   44    42    441 
  24   45    46    489 
  24   46    55    582 
  24   47    65    688 
  24   48    52    552 
  24   49    41    440 
  25    0    63    671 
  25    1    67    709 
  25    2    57    608 
  25    3    28    304 
  25    4    36    387 
  25    5    27    284 
  25    6    43    452 
  25    7    27    291 
  25    8    35    372 
  25    9    37    391 
  25   10    35    372 
  25   11    41    431 
  25   12    52    552 
  25   13    70    734 
  25   14    46    486 
  25   15    73    768 
  25   16    61    649 
  25   17    32    343 
  25   18    71    749 
  25   19    26    281 
  25   20    22    239 
  25   21    28    297 
  25   22    56    595 
  25   23    76    799 
  25   24    68    715 
  25   25    64    672 
  25   26    31    335 
  25   27    19    208 
  25   28    22    237 
  25   29    47    502 
  25   30    19    207 
  25   31    36    384 
  25   32    34    362 
  25   33    22    237 
  25   34    63    665 
  25   35    51    540 
  25   36    62    654 
  25   37    28    296 
  25   38    60    638 
  25   39    60    630 
  25   40    34    357 
  25   41    21    221 
  25   42    44    466 
  25   43    22    233 
  25   44    63    663 
  25   45    60    630 
  25   46    40    420 
  25   47    20    214 
  25   48    65    683 
  25   49    29    308 
  26    0    38    403 
  26    1    33    352 
  26    2    24    260 
  26    3    50    532 
  26    4    36    379 
  26    5    55    582 
  26    6    57    607 
  26    7    74    780 
  26    8    23    250 
  26    9    44    467 
  26   10    64    681 
  26   11    28    295 
  26   12    53    565 
  26   13    56    593 
  26   14    37    389 
  26   15    20    220 
  26   16    55    584 
  26   17    72    765 
  26   18    20    212 
  26   19    21    225 
  26   20    64    672 
  26   21    73    767 
  26   22    19    207 
  26   23    20    214 
  26   24    37    396 
  26   25    21    230 
  26   26    67    706 
  26   27    67    712 
  26   28    55    585 
  26   29    22    239 
  26   30    37    393 
  26   31    35    371 
  26   32    61    647 
  26   33    37    393 
  26   34    38    402 
  26   35    36    381 
  26   36    24    261 
  26   37    52    551 
  26   38    47    501 
  26   39    33    348 
  26   40    70    742 
  26   41    51    545 
  26   42    56    588 
  26   43    74    784 
  26   44    67    712 
  26   45    30    322 
  26   46    74    782 
  26   47    65    684 
  26   48    66    695 
  26   49    35    374 
  27    0    57    598 
  27    1    39    409 
  27    2    27    291 
  27    3    51    537 
  27    4    38    407 
  27    5    70    738 
  27    6    58    612 
  27    7    65    682 
  27    8    57    600 
  27    9    30    317 
  27   10    57    598 
  27   11    48    513 
  27   12    22    233 
  27   13    69    733 
  27   14    30    315 
  27   15    61    650 
  27   16    27    286 
  27   17    67    708 
  27   18    68    721 
  27   19    56    593 
  27   20    54    569 
  27   21    67    704 
  27   22    30    325 
  27   23    72    764 
  27   24    52    546 
  27   25    50    531 
  27   26    21    222 
  27   27    27    285 
  27   28    58    610 
  27   29    51    544 
  27   30    70    740 
  27   31    43    460 
  27   32    41    431 
  27   33    44    462 
  27   34    65    686 
  27   35    68    714 
  27   36    20    214 
  27   37    42    448 
  27   38    66    693 
  27   39    73    771 
  27   40    68    715 
  27   41    52    549 
  27   42    56    592 
  27   43    67    707 
  27   44    32    344 
  27   45    46    484 
  27   46    35    375 
  27   47    30    318 
  27   48    55    582 
  27   49    48    508 
  28    0    30    319 
  28    1    53    566 
  28    2    64    673 
  28    3    52    549 
  28    4    55    586 
  28    5    67    712 
  28    6    37    392 
  28    7    41    432 
  28    8    36    387 
  28    9    59    623 
  28   10    44    462 
  28   11    25    265 
  28   12    23    249 
  28   13    41    440 
  28   14    30    318 
  28   15    53    560 
  28   16    48    508 
  28   17    55    580 
  28   18    66    697 
  28   19    74    781 
  28   20    57    604 
  28   21    74    779 
  28   22    61    641 
  28   23    58    613 
  28   24    28    297 
  28   25    21    226 
  28   26    48    507 
  28   27    57    605 
  28   28    65    691 
  28   29    55    580 
  28   30    25    268 
  28   31    51    537 
  28   32    21    224 
  28   33    33    352 
  28   34    32    342 
  28   35    45    475 
  28   36    39    411 
  28   37    40    422 
  28   38    36    384 
  28   39    68    719 
  28   40    27    293 
  28   41    55    583 
  28   42    53    566 
  28   43    41    430 
  28   44    54    569 
  28   45    21    229 
  28   46    58    610 
  28   47    20    212 
  28   48    41    436 
  28   49    59    620 
  29    0    72    758 
  29    1    27    284 
  29    2    58    611 
  29    3    21    227 
  29    4    64    677 
  29    5    53    560 
  29    6    23    248 
  29    7    53    566 
  29    8    76    797 
  29    9    34    366 
  29   10    21    229 
  29   11    32    341 
  29   12    22    232 
  29   13    24    256 
  29   14    57    601 
  29   15    71    749 
  29   16    54    571 
  29   17    23    250 
  29   18    26    276 
  29   19    37    392 
  29   20    55    577 
  29   21    36    380 
  29   22    36    379 
  29   23    58    615 
  29   24    20    216 
  29   25    76    798 
  29   26    68    714 
  29   27    44    470 
  29   28    61    644 
  29   29    33    347 
  29   30    68    722 
  29   31    40    425 
  29   32    45    481 
  29   33    54    574 
  29   34    70    740 
  29   35    26    279 
  29   36    35    372 
  29   37    36    378 
  29   38    25    266 
  29   39    23    242 
  29   40    33    352 
  29   41    58    613 
  29   42    41    431 
  29   43    19    207 
  29   44    58    612 
  29   45    24    262 
  29   46    56    588 
  29   47    71    746 
  29   48    23    246 
  29   49    31    333 
  30    0    36    384 
  30    1    37    390 
  30    2    53    560 
  30    3    65    684 
  30    4    42    447 
  30    5    56    592 
  30    6    76    798 
  30    7    58    615 
  30    8    33    346 
  30    9    74    786 
  30   10    42    442 
  30   11    32    339 
  30   12    59    620 
  30   13    20    215 
  30   14    50    532 
  30   15    60    637 
  30   16    73    773 
  30   17    75    794 
  30   18    25    271 
  30   19    55    587 
  30   20    32    343 
  30   21    43    458 
  30   22    38    405 
  30   23    73    771 
  30   24    35    376 
  30   25    56    594 
  30   26    73    766 
  30   27    75    795 
  30   28    44    465 
  30   29    26    275 
  30   30    28    294 
  30   31    34    359 
  30   32    63    669 
  30   33    62    652 
  30   34    62    658 
  30   35    19    200 
  30   36    70    737 
  30   37    64    672 
  30   38    34    360 
  30   39    64    680 
  30   40    62    657 
  30   41    61    641 
  30   42    45    474 
  30   43    66    698 
  30   44    74    784 
  30   45    74    781 
  30   46    60    636 
  30   47    72    755 
  30   48    51    537 
  30   49    25    270 
  31    0    70    740 
  31    1    68    723 
  31    2    69    730 
  31    3    63    667 
  31    4    59    627 
  31    5    63    663 
  31    6    64    680 
  31    7    31    327 
  31    8    40    420 
  31    9    51    544 
  31   10    63    662 
  31   11    41    440 
  31   12    69    732 
  31   13    62    652 
  31   14    51    535 
  31   15    32    339 
  31   16    67    706 
  31   17    36    379 
  31   18    51    538 
  31   19    44    463 
  31   20    51    536 
  31   21    40    420 
  31   22    75    794 
  31   23    26    282 
  31   24    38    406 
  31   25    35    375 
  31   26    25    267 
  31   27    53    562 
  31   28    47    503 
  31   29    39    410 
  31   30    20    214 
  31   31    61    649 
  31   32    45    479 
  31   33    57    600 
  31   34    59    620 
  31   35    27    292 
  31   36    36    379 
  31   37    74    781 
  31   38    48    510 
  31   39    72    762 
  31   40    38    406 
  31   41    20    215 
  31   42    32    345 
  31   43    53    566 
  31   44    63    670 
  31   45    40    426 
  31   46    32    345 
  31   47    27    286 
  31   48    61    646 
  31   49    21    226 
  32    0    46    492 
  32    1    71    748 
  32    2    75    794 
  32    3    50    528 
  32    4    52    549 
  32    5    35    370 
  32    6    60    639 
  32    7    30    322 
  32    8    39    413 
  32    9    37    398 
  32   10    37    391 
  32   11    33    347 
  32   12    57    608 
  32   13    45    478 
  32   14    66    702 
  32   15    21    223 
  32   16    58    610 
  32   17    55    586 
  32   18    74    779 
  32   19    50    528 
  32   20    26    283 
  32   21    68    719 
  32   22    39    411 
  32   23    70    739 
  32   24    62    658 
  32   25    27    293 
  32   26    32    343 
  32   27    74    786 
  32   28    73    766 
  32   29    28    304 
  32   30    25    271 
  32   31    46    486 
  32   32    25    264 
  32   33    50    531 
  32   34    60    634 
  32   35    55    583 
  32   36    64    673 
  32   37    27    288 
  32   38    76    797 
  32   39    25    270 
  32   40    64    677 
  32   41    50    529 
  32   42    53    566 
  32   43    19    203 
  32   44    75    788 
  32   45    20    210 
  32   46    33    354 
  32   47    42    443 
  32   48    60    636 
  32   49    40    422 
  33    0    51    545 
  33    1    25    263 
  33    2    46    483 
  33    3    35    375 
  33    4    54    567 
  33    5    29    313 
  33    6    21    228 
  33    7    73    771 
  33    8    56    595 
  33    9    47    497 
  33   10    72    760 
  33   11    34    362 
  33   12    35    369 
  33   13    60    632 
  33   14    58    609 
  33   15    58    617 
  33   16    62    657 
  33   17    24    256 
  33   18    72    760 
  33   19    41    434 
  33   20    30    325 
  33   21    44    462 
  33   22    65    688 
  33   23    56    588 
  33   24    61    646 
  33   25    56    591 
  33   26    44    468 
  33   27    47    503 
  33   28    27    291 
  33   29    25    272 
  33   30    44    470 
  33   31    70    734 
  33   32    71    753 
  33   33    70    743 
  33   34    66    700 
  33   35    35    375 
  33   36    22    233 
  33   37    59    621 
  33   38    57    602 
  33   39    73    774 
  33   40    42    444 
  33   41    50    531 
  33   42    75    795 
  33   43    23    242 
  33   44    35    377 
  33   45    64    673 
  33   46    64    680 
  33   47    33    347 
  33   48    28    297 
  33   49    73    768 
  34    0    39    418 
  34    1    45    473 
  34    2    27    292 
  34    3    74    784 
  34    4    26    276 
  34    5    25    263 
  34    6    19    200 
  34    7    41    436 
  34    8    28    297 
  34    9    32    344 
  34   10    29    305 
  34   11    68    715 
  34   12    70    737 
  34   13    69    732 
  34   14    59    627 
  34   15    39    416 
  34   16    29    305 
  34   17    30    319 
  34   18    37    388 
  34   19    61    640 
  34   20    22    233 
  34   21    51    535 
  34   22    60    638 
  34   23    68    722 
  34   24    49    523 
  34   25    53    562 
  34   26    69    728 
  34   27    52    549 
  34   28    68    719 
  34   29    22    235 
  34   30    40    425 
  34   31    73    767 
  34   32    23    244 
  34   33    51    539 
  34   34    34    362 
  34   35    68    715 
  34   36    37    388 
  34   37    39    414 
  34   38    57    605 
  34   39    48    506 
  34   40    67    705 
  34   41    66    701 
  34   42    28    295 
  34   43    31    335 
  34   44    68    721 
  34   45    73    771 
  34   46    29    311 
  34   47    45    482 
  34   48    19    203 
  34   49    53    562 
  35    0    60    633 
  35    1    41    432 
  35    2    69    729 
  35    3    34    366 
  35    4    41    440 
  35    5    39    418 
  35    6    47    498 
  35    7    50    528 
  35    8    75    788 
  35    9    70    735 
  35   10    54    568 
  35   11    20    218 
  35   12    38    404 
  35   13    73    767 
  35   14    53    564 
  35   15    30    319 
  35   16    64    674 
  35   17    60    637 
  35   18    34    366 
  35   19    39    409 
  35   20    75    788 
  35   21    45    481 
  35   22    59    624 
  35   23    25    269 
  35   24    55    585 
  35   25    32    343 
  35   26    48    508 
  35   27    35    373 
  35   28    72    763 
  35   29    73    767 
  35   30    40    427 
  35   31    69    726 
  35   32    34    365 
  35   33    28    304 
  35   34    60    633 
  35   35    49    522 
  35   36    25    269 
  35   37    49    520 
  35   38    73    774 
  35   39    71    753 
  35   40    33    348 
  35   41    41    437 
  35   42    55    584 
  35   43    24    260 
  35   44    71    752 
  35   45    73    772 
  35   46    54    574 
  35   47    54    572 
  35   48    23    249 
  35   49    49    522 
  36    0    58    617 
  36    1    53    559 
  36    2    54    568 
  36    3    40    420 
  36    4    24    259 
  36    5    31    327 
  36    6    41    432 
  36    7    32    345 
  36    8    66    699 
  36    9    21    229 
  36   10    27    284 
  36   11    53    563 
  36   12    48    510 
  36   13    56    588 
  36   14    62    659 
  36   15    22    234 
  36   16    44    466 
  36   17    67    711 
  36   18    19    208 
  36   19    23    244 
  36   20    75    794 
  36   21    74    779 
  36   22    21    221 
  36   23    59    625 
  36   24    36    383 
  36   25    30    322 
  36   26    72    762 
  36   27    23    246 
  36   28    35    372 
  36   29    66    695 
  36   30    31    332 
  36   31    56    591 
  36   32    54    574 
  36   33    24    254 
  36   34    57    606 
  36   35    44    470 
  36   36    73    774 
  36   37    51    536 
  36   38    38    403 
  36   39    50    529 
  36   40    55    581 
  36   41    43    457 
  36   42    34    364 
  36   43    70    738 
  36   44    54    573 
  36   45    37    393 
  36   46    25    267 
  36   47    65    684 
  36   48    62    660 
  36   49    60    638 
  37    0    60    632 
  37    1    63    670 
  37    2    39    410 
  37    3    31    329 
  37    4    42    443 
  37    5    32    343 
  37    6    39    410 
  37    7    61    650 
  37    8    29    309 
  37    9    27    287 
  37   10    69    732 
  37   11    22    240 
  37   12    47    503 
  37   13    64    681 
  37   14    44    469 
  37   15    65    688 
  37   16    62    653 
  37   17    25    268 
  37   18    60    632 
  37   19    62    654 
  37   20    27    287 
  37   21    34    366 
  37   22    50    527 
  37   23    26    283 
  37   24    41    436 
  37   25    42    449 
  37   26    19    209 
  37   27    49    516 
  37   28    43    456 
  37   29    25    271 
  37   30    32    336 
  37   31    30    320 
  37   32    36    381 
  37   33    53    565 
  37   34    63    670 
  37   35    73    770 
  37   36    53    556 
  37   37    70    741 
  37   38    67    711 
  37   39    62    654 
  37   40    70    735 
  37   41    21    227 
  37   42    63    665 
  37   43    73    771 
  37   44    72    764 
  37   45    56    593 
  37   46    37    398 
  37   47    39    415 
  37   48    41    438 
  37   49    38    402 
  38    0    76    798 
  38    1    34    364 
  38    2    28    297 
  38    3    76    800 
  38    4    51    540 
  38    5    40    423 
  38    6    73    772 
  38    7    43    456 
  38    8    26    281 
  38    9    32    338 
  38   10    53    564 
  38   11    24    261 
  38   12    28    301 
  38   13    62    660 
  38   14    31    335 
  38   15    26    276 
  38   16    27    286 
  38   17    61    645 
  38   18    22    240 
  38   19    69    728 
  38   20    28    301 
  38   21    57    602 
  38   22    33    355 
  38   23    68    715 
  38   24    43    459 
  38   25    60    633 
  38   26    29    310 
  38   27    60    633 
  38   28    67    708 
  38   29    59    623 
  38   30    53    558 
  38   31    35    376 
  38   32    70    738 
  38   33    34    364 
  38   34    74    781 
  38   35    56    592 
  38   36    73    770 
  38   37    71    753 
  38   38    40    422 
  38   39    36    384 
  38   40    42    443 
  38   41    24    256 
  38   42    55    587 
  38   43    59    628 
  38   44    64    679 
  38   45    19    209 
  38   46    19    207 
  38   47    22    238 
  38   48    39    418 
  38   49    71    745 
  39    0    76    799 
  39    1    41    433 
  39    2    49    516 
  39    3    75    789 
  39    4    42    443 
  39    5    63    661 
  39    6    37    389 
  39    7    47    499 
  39    8    58    617 
  39    9    44    464 
  39   10    36    381 
  39   11    74    779 
  39   12    34    361 
  39   13    36    383 
  39   14    28    303 
  39   15    31    332 
  39   16    37    392 
  39   17    22    240 
  39   18    39    417 
  39   19    74    782 
  39   20    75    793 
  39   21    52    547 
  39   22    42    446 
  39   23    23    248 
  39   24    67    709 
  39   25    67    703 
  39   26    26    276 
  39   27    19    206 
  39   28    49    521 
  39   29    38    403 
  39   30    47    497 
  39   31    49    523 
  39   32    61    640 
  39   33    41    436 
  39   34    44    462 
  39   35    59    619 
  39   36    72    761 
  39   37    55    581 
  39   38    51    542 
  39   39    54    569 
  39   40    50    526 
  39   41    54    574 
  39   42    43    454 
  39   43    57    604 
  39   44    38    402 
  39   45    64    680 
  39   46    26    277 
  39   47    36    387 
  39   48    28    298 
  39   49    46    487 
  40    0    60    635 
  40    1    39    411 
  40    2    27    292 
  40    3    41    433 
  40    4    35    372 
  40    5    72    760 
  40    6    26    283 
  40    7    60    636 
  40    8    75    791 
  40    9    38    401 
  40   10    30    320 
  40   11    42    446 
  40   12    24    255 
  40   13    45    478 
  40   14    37    397 
  40   15    66    701 
  40   16    64    672 
  40   17    68    723 
  40   18    40    424 
  40   19    73    768 
  40   20    67    708 
  40   21    56    594 
  40   22    20    215 
  40   23    47    493 
  40   24    29    309 
  40   25    45    475 
  40   26    55    586 
  40   27    66    700 
  40   28    54    570 
  40   29    52    546 
  40   30    59    626 
  40   31    19    207 
  40   32    37    398 
  40   33    65    687 
  40   34    26    282 
  40   35    21    222 
  40   36    33    348 
  40   37    53    566 
  40   38    29    313 
  40   39    49    514 
  40   40    51    544 
  40   41    51    541 
  40   42    35    374 
  40   43    44    471 
  40   44    66    698 
  40   45    65    689 
  40   46    25    268 
  40   47    20    214 
  40   48    62    655 
  40   49    20    214 
  41    0    63    669 
  41    1    35    374 
  41    2    71    747 
  41    3    48    509 
  41    4    29    312 
  41    5    24    260 
  41    6    44    471 
  41    7    43    452 
  41    8    46    485 
  41    9    29    305 
  41   10    26    278 
  41   11    30    322 
  41   12    64    672 
  41   13    55    585 
  41   14    63    661 
  41   15    56    592 
  41   16    26    276 
  41   17    20    211 
  41   18    51    542 
  41   19    70    735 
  41   20    67    709 
  41   21    36    381 
  41   22    41    436 
  41   23    67    712 
  41   24    26    283 
  41   25    34    359 
  41   26    45    472 
  41   27    75    788 
  41   28    47    501 
  41   29    58    610 
  41   30    41    432 
  41   31    33    347 
  41   32    21    226 
  41   33    75    787 
  41   34    51    539 
  41   35    66    693 
  41   36    30    323 
  41   37    45    473 
  41   38    68    723 
  41   39    56    593 
  41   40    23    250 
  41   41    26    283 
  41   42    57    604 
  41   43    63    669 
  41   44    19    208 
  41   45    64    674 
  41   46    76    800 
  41   47    59    621 
  41   48    40    423 
  41   49    40    420 
  42    0    26    282 
  42    1    63    664 
  42    2    57    603 
  42    3    72    763 
  42    4    34    364 
  42    5    65    684 
  42    6    71    749 
  42    7    62    655 
  42    8    63    671 
  42    9    23    251 
  42   10    59    625 
  42   11    40    423 
  42   12    48    512 
  42   13    21    230 
  42   14    25    263 
  42   15    70    738 
  42   16    60    634 
  42   17    75    788 
  42   18    19    209 
  42   19    44    462 
  42   20    45    478 
  42   21    66    693 
  42   22    58    611 
  42   23    34    361 
  42   24    69    730 
  42   25    20    210 
  42   26    27    289 
  42   27    60    636 
  42   28    65    683 
  42   29    33    354 
  42   30    73    766 
  42   31    66    697 
  42   32    70    739 
  42   33    23    245 
  42   34    74    781 
  42   35    65    682 
  42   36    68    714 
  42   37    23    251 
  42   38    39    415 
  42   39    20    219 
  42   40    62    657 
  42   41    23    248 
  42   42    53    559 
  42   43    22    241 
  42   44    66    693 
  42   45    51    541 
  42   46    36    385 
  42   47    23    251 
  42   48    70    736 
  42   49    26    280 
  43    0    33    349 
  43    1    66    692 
  43    2    19    209 
  43    3    24    260 
  43    4    72    762 
  43    5    59    620 
  43    6    73    770 
  43    7    19    207 
  43    8    56    592 
  43    9    56    594 
  43   10    60    636 
  43   11    32    337 
  43   12    44    468 
  43   13    33    353 
  43   14    66    701 
  43   15    66    699 
  43   16    28    303 
  43   17    53    556 
  43   18    55    584 
  43   19    39    409 
  43   20    51    542 
  43   21    63    663 
  43   22    66    697 
  43   23    26    277 
  43   24    62    651 
  43   25    58    609 
  43   26    37    397 
  43   27    41    439 
  43   28    46    489 
  43   29    33    355 
  43   30    26    282 
  43   31    33    352 
  43   32    30    318 
  43   33    61    647 
  43   34    31    328 
  43   35    24    262 
  43   36    45    478 
  43   37    59    627 
  43   38    54    571 
  43   39    23    250 
  43   40    33    354 
  43   41    24    260 
  43   42    61    640 
  43   43    71    746 
  43   44    72    762 
  43   45    29    305 
  43   46    54    567 
  43   47    38    400 
  43   48    46    488 
  43   49    70    736 
  44    0    45    475 
  44    1    63    662 
  44    2    56    592 
  44    3    68    713 
  44    4    50    528 
  44    5    28    304 
  44    6    74    779 
  44    7    44    464 
  44    8    67    710 
  44    9    26    283 
  44   10    40    423 
  44   11    29    313 
  44   12    22    241 
  44   13    21    225 
  44   14    70    744 
  44   15    35    370 
  44   16    48    509 
  44   17    51    541 
  44   18    38    400 
  44   19    31    328 
  44   20    34    362 
  44   21    62    654 
  44   22    36    385 
  44   23    51    540 
  44   24    21    222 
  44   25    60    634 
  44   26    70    742 
  44   27    61    646 
  44   28    39    413 
  44   29    31    331 
  44   30    61    642 
  44   31    31    332 
  44   32    71    749 
  44   33    21    225 
  44   34    55    582 
  44   35    63    671 
  44   36    50    533 
  44   37    72    763 
  44   38    61    645 
  44   39    20    217 
  44   40    51    542 
  44   41    73    770 
  44   42    31    330 
  44   43    42    445 
  44   44    43    451 
  44   45    42    450 
  44   46    53    556 
  44   47    39    413 
  44   48    32    339 
  44   49    29    311 
  45    0    22    232 
  45    1    36    385 
  45    2    37    389 
  45    3    43    457 
  45    4    43    454 
  45    5    69    724 
  45    6    62    653 
  45    7    21    226 
  45    8    62    655 
  45    9    31    329 
  45   10    39    412 
  45   11    63    664 
  45   12    22    236 
  45   13    45    475 
  45   14    20    217 
  45   15    40    428 
  45   16    20    220 
  45   17    56    592 
  45   18    53    562 
  45   19    69    730 
  45   20    33    349 
  45   21    45    473 
  45   22    74    780 
  45   23    75    795 
  45   24    28    303 
  45   25    75    795 
  45   26    75    795 
  45   27    28    297 
  45   28    29    314 
  45   29    35    370 
  45   30    19    207 
  45   31    28    302 
  45   32    52    547 
  45   33    28    295 
  45   34    62    658 
  45   35    57    600 
  45   36    69    728 
  45   37    33    354 
  45   38    33    346 
  45   39    35    376 
  45   40    44    468 
  45   41    51    539 
  45   42    44    470 
  45   43    27    290 
  45   44    29    313 
  45   45    68    714 
  45   46    23    244 
  45   47    48    508 
  45   48    35    367 
  45   49    36    386 
  46    0    73    772 
  46    1    33    347 
  46    2    41    436 
  46    3    29    308 
  46    4    67    709 
  46    5    70    736 
  46    6    69    730 
  46    7    57    606 
  46    8    29    309 
  46    9    62    655 
  46   10    67    708 
  46   11    35    373 
  46   12    37    390 
  46   13    60    637 
  46   14    68    720 
  46   15    56    588 
  46   16    58    615 
  46   17    41    430 
  46   18    59    620 
  46   19    69    732 
  46   20    62    660 
  46   21    69    730 
  46   22    64    675 
  46   23    36    384 
  46   24    50    534 
  46   25    32    344 
  46   26    28    302 
  46   27    25    272 
  46   28    56    593 
  46   29    28    304 
  46   30    35    375 
  46   31    24    257 
  46   32    75    790 
  46   33    51    542 
  46   34    34    363 
  46   35    21    221 
  46   36    69    730 
  46   37    40    425 
  46   38    71    748 
  46   39    69    731 
  46   40    70    741 
  46   41    72    764 
  46   42    70    740 
  46   43    48    512 
  46   44    42    448 
  46   45    27    292 
  46   46    64    681 
  46   47    32    338 
  46   48    63    666 
  46   49    32    336 
  47    0    51    542 
  47    1    60    636 
  47    2    41    437 
  47    3    34    361 
  47    4    24    259 
  47    5    30    315 
  47    6    26    282 
  47    7    27    289 
  47    8    27    287 
  47    9    62    653 
  47   10    34    364 
  47   11    26    277 
  47   12    71    751 
  47   13    25    270 
  47   14    27    284 
  47   15    24    253 
  47   16    30    322 
  47   17    31    328 
  47   18    20    216 
  47   19    25    265 
  47   20    64    674 
  47   21    26    281 
  47   22    31    327 
  47   23    34    360 
  47   24    68    718 
  47   25    44    467 
  47   26    73    774 
  47   27    28    303 
  47   28    29    310 
  47   29    51    544 
  47   30    33    346 
  47   31    22    236 
  47   32    41    440 
  47   33    33    348 
  47   34    47    497 
  47   35    40    428 
  47   36    25    272 
  47   37    50    534 
  47   38    36    378 
  47   39    64    681 
  47   40    19    203 
  47   41    62    658 
  47   42    30    324 
  47   43    27    288 
  47   44    46    491 
  47   45    22    237 
  47   46    73    773 
  47   47    41    430 
  47   48    28    300 
  47   49    67    707 
  48    0    24    258 
  48    1    65    683 
  48    2    19    204 
  48    3    24    258 
  48    4    31    329 
  48    5    21    222 
  48    6    49    514 
  48    7    73    770 
  48    8    69    729 
  48    9    53    556 
  48   10    36    383 
  48   11    43    459 
  48   12    41    436 
  48   13    51    544 
  48   14    35    368 
  48   15    59    628 
  48   16    65    683 
  48   17    30    315 
  48   18    24    255 
  48   19    42    442 
  48   20    28    301 
  48   21    41    431 
  48   22    41    433 
  48   23    73    771 
  48   24    49    522 
  48   25    75    795 
  48   26    60    632 
  48   27    62    659 
  48   28    50    525 
  48   29    60    634 
  48   30    69    733 
  48   31    43    451 
  48   32    32    342 
  48   33    31    331 
  48   34    75    791 
  48   35    23    242 
  48   36    26    273 
  48   37    35    368 
  48   38    35    370 
  48   39    67    709 
  48   40    73    767 
  48   41    29    307 
  48   42    43    452 
  48   43    30    319 
  48   44    28    300 
  48   45    59    624 
  48   46    22    231 
  48   47    65    682 
  48   48    66    701 
  48   49    59    629 
  49    0    28    303 
  49    1    67    709 
  49    2    46    490 
  49    3    38    407 
  49    4    23    242 
  49    5    22    232 
  49    6    60    638 
  49    7    48    508 
  49    8    39    416 
  49    9    31    328 
  49   10    51    543 
  49   11    58    611 
  49   12    64    678 
  49   13    64    680 
  49   14    69    732 
  49   15    52    546 
  49   16    26    283 
  49   17    20    214 
  49   18    56    594 
  49   19    38    400 
  49   20    38    403 
  49   21    34    364 
  49   22    64    679 
  49   23    63    666 
  49   24    31    334 
  49   25    72    761 
  49   26    19    204 
  49   27    29    311 
  49   28    58    615 
  49   29    56    588 
  49   30    48    512 
  49   31    44    462 
  49   32    74    778 
  49   33    30    317 
  49   34    21    223 
  49   35    41    430 
  49   36    49    518 
  49   37    29    305 
  49   38    49    523 
  49   39    75    795 
  49   40    22    238 
  49   41    20    214 
  49   42    37    388 
  49   43    54    572 
  49   44    45    477 
  49   45    36    382 
  49   46    38    404 
  49   47    54    576 
  49   48    66    693 
  49   49    50    534 
