 50
 50

    1
   18
   13
   11
    2
    9
   17
   15
    7
    6
    3
    2
    8
    1
   20
    4
   10
    3
   11
    7
   17
   12
    4
   15
   19
    9
   16
    9
   13
   12
    2
    6
    1
   10
    9
    1
   11
    5
    5
   17
   17
    8
    2
    4
    2
   13
   14
   19
    3
    2

    1
   15
   11
    4
    4
   19
    4
   19
    3
    2
    6
   16
    5
   19
   18
    2
    7
    8
    3
    3
    5
    8
   19
   12
   12
    1
    6
    2
   15
   13
    9
   14
    9
   11
    7
   18
    6
    7
   12
    5
   17
    6
    3
   15
   14
    5
    3
    1
    1
   20

   0    0    43    395 
   0    1    76    691 
   0    2    55    499 
   0    3    81    733 
   0    4    37    337 
   0    5    45    408 
   0    6    33    298 
   0    7    88    792 
   0    8    84    764 
   0    9    85    770 
   0   10    57    515 
   0   11    60    543 
   0   12    49    442 
   0   13    39    357 
   0   14    33    298 
   0   15    69    627 
   0   16    46    418 
   0   17    41    374 
   0   18    88    796 
   0   19    35    323 
   0   20    79    713 
   0   21    69    625 
   0   22    86    781 
   0   23    56    511 
   0   24    25    229 
   0   25    22    201 
   0   26    24    220 
   0   27    53    477 
   0   28    55    501 
   0   29    54    487 
   0   30    72    654 
   0   31    54    492 
   0   32    26    235 
   0   33    40    361 
   0   34    88    796 
   0   35    54    492 
   0   36    82    740 
   0   37    80    727 
   0   38    73    662 
   0   39    88    799 
   0   40    66    596 
   0   41    72    649 
   0   42    64    577 
   0   43    31    284 
   0   44    50    457 
   0   45    56    512 
   0   46    81    729 
   0   47    38    350 
   0   48    75    677 
   0   49    45    405 
   1    0    88    797 
   1    1    53    480 
   1    2    82    739 
   1    3    66    600 
   1    4    68    620 
   1    5    60    544 
   1    6    57    514 
   1    7    22    202 
   1    8    86    782 
   1    9    38    350 
   1   10    43    395 
   1   11    88    800 
   1   12    77    698 
   1   13    24    223 
   1   14    30    278 
   1   15    76    684 
   1   16    23    214 
   1   17    44    403 
   1   18    36    326 
   1   19    41    373 
   1   20    62    558 
   1   21    62    558 
   1   22    26    239 
   1   23    27    248 
   1   24    86    774 
   1   25    74    674 
   1   26    88    798 
   1   27    66    597 
   1   28    78    708 
   1   29    65    593 
   1   30    41    371 
   1   31    62    565 
   1   32    49    446 
   1   33    71    640 
   1   34    80    728 
   1   35    50    457 
   1   36    45    410 
   1   37    78    705 
   1   38    71    641 
   1   39    72    656 
   1   40    55    503 
   1   41    37    341 
   1   42    47    427 
   1   43    23    214 
   1   44    75    682 
   1   45    75    675 
   1   46    47    425 
   1   47    88    793 
   1   48    68    613 
   1   49    72    651 
   2    0    83    752 
   2    1    47    423 
   2    2    73    658 
   2    3    51    464 
   2    4    73    658 
   2    5    49    448 
   2    6    46    419 
   2    7    63    570 
   2    8    78    705 
   2    9    52    476 
   2   10    70    630 
   2   11    58    522 
   2   12    69    628 
   2   13    24    220 
   2   14    46    419 
   2   15    27    251 
   2   16    66    597 
   2   17    50    452 
   2   18    40    361 
   2   19    54    488 
   2   20    56    505 
   2   21    53    484 
   2   22    46    417 
   2   23    58    529 
   2   24    79    714 
   2   25    68    619 
   2   26    77    694 
   2   27    87    788 
   2   28    66    601 
   2   29    70    633 
   2   30    72    648 
   2   31    60    547 
   2   32    24    224 
   2   33    32    288 
   2   34    43    393 
   2   35    60    540 
   2   36    43    389 
   2   37    62    560 
   2   38    42    381 
   2   39    77    699 
   2   40    22    200 
   2   41    86    775 
   2   42    59    537 
   2   43    40    366 
   2   44    54    487 
   2   45    58    523 
   2   46    36    332 
   2   47    35    321 
   2   48    84    761 
   2   49    42    378 
   3    0    33    299 
   3    1    49    446 
   3    2    69    627 
   3    3    37    336 
   3    4    40    363 
   3    5    51    463 
   3    6    64    582 
   3    7    48    437 
   3    8    80    728 
   3    9    68    618 
   3   10    87    786 
   3   11    87    784 
   3   12    61    557 
   3   13    72    652 
   3   14    49    449 
   3   15    47    429 
   3   16    68    616 
   3   17    77    695 
   3   18    43    393 
   3   19    56    508 
   3   20    84    756 
   3   21    67    607 
   3   22    73    661 
   3   23    79    715 
   3   24    47    429 
   3   25    32    295 
   3   26    55    497 
   3   27    25    227 
   3   28    51    466 
   3   29    43    387 
   3   30    62    560 
   3   31    78    710 
   3   32    33    302 
   3   33    46    419 
   3   34    32    294 
   3   35    26    239 
   3   36    71    640 
   3   37    34    310 
   3   38    82    744 
   3   39    35    315 
   3   40    47    425 
   3   41    43    395 
   3   42    65    586 
   3   43    26    236 
   3   44    42    378 
   3   45    43    393 
   3   46    25    229 
   3   47    55    500 
   3   48    34    311 
   3   49    46    414 
   4    0    47    429 
   4    1    50    450 
   4    2    52    472 
   4    3    24    221 
   4    4    71    646 
   4    5    28    252 
   4    6    55    501 
   4    7    34    313 
   4    8    67    607 
   4    9    49    441 
   4   10    62    564 
   4   11    34    314 
   4   12    47    431 
   4   13    31    282 
   4   14    76    689 
   4   15    84    762 
   4   16    37    336 
   4   17    59    539 
   4   18    42    378 
   4   19    37    335 
   4   20    64    578 
   4   21    80    721 
   4   22    65    586 
   4   23    29    263 
   4   24    67    604 
   4   25    43    388 
   4   26    87    788 
   4   27    46    417 
   4   28    42    380 
   4   29    64    580 
   4   30    56    510 
   4   31    67    609 
   4   32    66    597 
   4   33    26    238 
   4   34    42    381 
   4   35    76    691 
   4   36    71    640 
   4   37    72    655 
   4   38    33    305 
   4   39    43    389 
   4   40    87    790 
   4   41    78    709 
   4   42    54    487 
   4   43    39    355 
   4   44    72    652 
   4   45    84    756 
   4   46    54    488 
   4   47    25    228 
   4   48    42    381 
   4   49    31    280 
   5    0    67    604 
   5    1    88    794 
   5    2    56    504 
   5    3    47    431 
   5    4    44    404 
   5    5    28    254 
   5    6    87    785 
   5    7    55    500 
   5    8    54    489 
   5    9    58    526 
   5   10    74    670 
   5   11    31    281 
   5   12    76    691 
   5   13    62    564 
   5   14    72    651 
   5   15    30    278 
   5   16    56    507 
   5   17    25    230 
   5   18    79    712 
   5   19    38    349 
   5   20    23    215 
   5   21    71    642 
   5   22    46    416 
   5   23    67    609 
   5   24    52    471 
   5   25    54    492 
   5   26    82    740 
   5   27    30    271 
   5   28    54    487 
   5   29    51    462 
   5   30    75    679 
   5   31    69    628 
   5   32    38    343 
   5   33    26    235 
   5   34    23    212 
   5   35    84    759 
   5   36    25    232 
   5   37    34    311 
   5   38    23    210 
   5   39    77    701 
   5   40    40    364 
   5   41    31    282 
   5   42    43    394 
   5   43    23    214 
   5   44    58    523 
   5   45    43    392 
   5   46    79    711 
   5   47    42    380 
   5   48    40    365 
   5   49    43    388 
   6    0    85    771 
   6    1    24    220 
   6    2    27    251 
   6    3    55    503 
   6    4    75    682 
   6    5    59    533 
   6    6    58    529 
   6    7    80    725 
   6    8    44    397 
   6    9    46    420 
   6   10    86    781 
   6   11    33    305 
   6   12    31    279 
   6   13    35    323 
   6   14    53    485 
   6   15    57    518 
   6   16    85    772 
   6   17    80    726 
   6   18    74    671 
   6   19    26    240 
   6   20    75    679 
   6   21    58    523 
   6   22    84    759 
   6   23    54    490 
   6   24    25    231 
   6   25    26    237 
   6   26    26    237 
   6   27    74    667 
   6   28    29    269 
   6   29    65    592 
   6   30    46    419 
   6   31    74    669 
   6   32    65    593 
   6   33    82    742 
   6   34    72    654 
   6   35    54    493 
   6   36    74    668 
   6   37    33    304 
   6   38    50    451 
   6   39    29    261 
   6   40    43    391 
   6   41    58    527 
   6   42    59    534 
   6   43    66    602 
   6   44    38    344 
   6   45    48    435 
   6   46    23    208 
   6   47    31    282 
   6   48    39    353 
   6   49    44    402 
   7    0    79    712 
   7    1    75    676 
   7    2    77    694 
   7    3    34    313 
   7    4    68    618 
   7    5    85    771 
   7    6    80    727 
   7    7    70    630 
   7    8    66    598 
   7    9    43    389 
   7   10    39    357 
   7   11    38    342 
   7   12    75    677 
   7   13    34    307 
   7   14    47    426 
   7   15    39    353 
   7   16    46    421 
   7   17    49    443 
   7   18    75    681 
   7   19    61    557 
   7   20    47    429 
   7   21    43    391 
   7   22    46    419 
   7   23    34    314 
   7   24    69    624 
   7   25    63    569 
   7   26    25    232 
   7   27    61    552 
   7   28    67    610 
   7   29    64    584 
   7   30    40    364 
   7   31    63    569 
   7   32    56    509 
   7   33    72    649 
   7   34    62    561 
   7   35    46    422 
   7   36    52    469 
   7   37    61    557 
   7   38    52    469 
   7   39    64    581 
   7   40    23    215 
   7   41    59    532 
   7   42    86    776 
   7   43    26    237 
   7   44    64    582 
   7   45    45    410 
   7   46    39    355 
   7   47    73    661 
   7   48    28    259 
   7   49    75    676 
   8    0    49    449 
   8    1    49    446 
   8    2    82    746 
   8    3    45    410 
   8    4    74    672 
   8    5    58    525 
   8    6    72    654 
   8    7    62    566 
   8    8    23    214 
   8    9    23    213 
   8   10    46    421 
   8   11    48    439 
   8   12    88    798 
   8   13    31    287 
   8   14    51    461 
   8   15    63    569 
   8   16    64    583 
   8   17    32    294 
   8   18    35    323 
   8   19    84    759 
   8   20    34    312 
   8   21    33    303 
   8   22    67    606 
   8   23    52    471 
   8   24    51    463 
   8   25    29    264 
   8   26    64    583 
   8   27    33    300 
   8   28    37    336 
   8   29    38    349 
   8   30    26    235 
   8   31    88    797 
   8   32    30    274 
   8   33    30    277 
   8   34    25    233 
   8   35    23    208 
   8   36    30    270 
   8   37    29    266 
   8   38    53    479 
   8   39    55    496 
   8   40    33    298 
   8   41    47    424 
   8   42    64    579 
   8   43    46    419 
   8   44    38    344 
   8   45    67    608 
   8   46    30    273 
   8   47    84    756 
   8   48    88    800 
   8   49    55    499 
   9    0    31    286 
   9    1    30    270 
   9    2    42    381 
   9    3    47    431 
   9    4    59    532 
   9    5    77    697 
   9    6    84    759 
   9    7    40    361 
   9    8    33    302 
   9    9    63    572 
   9   10    56    506 
   9   11    74    669 
   9   12    35    320 
   9   13    36    329 
   9   14    88    799 
   9   15    34    310 
   9   16    26    240 
   9   17    73    658 
   9   18    66    601 
   9   19    55    500 
   9   20    85    772 
   9   21    54    493 
   9   22    86    780 
   9   23    41    369 
   9   24    34    308 
   9   25    25    225 
   9   26    62    560 
   9   27    29    263 
   9   28    58    525 
   9   29    24    219 
   9   30    72    652 
   9   31    80    724 
   9   32    26    237 
   9   33    82    742 
   9   34    68    613 
   9   35    56    506 
   9   36    22    204 
   9   37    42    383 
   9   38    37    339 
   9   39    84    758 
   9   40    40    368 
   9   41    73    664 
   9   42    23    215 
   9   43    61    549 
   9   44    49    446 
   9   45    88    796 
   9   46    63    571 
   9   47    58    522 
   9   48    76    692 
   9   49    62    561 
  10    0    25    233 
  10    1    29    262 
  10    2    40    364 
  10    3    32    291 
  10    4    48    434 
  10    5    45    411 
  10    6    45    409 
  10    7    57    520 
  10    8    84    758 
  10    9    23    211 
  10   10    52    475 
  10   11    31    282 
  10   12    54    488 
  10   13    64    583 
  10   14    80    720 
  10   15    58    528 
  10   16    64    583 
  10   17    60    548 
  10   18    40    365 
  10   19    44    396 
  10   20    59    537 
  10   21    48    436 
  10   22    64    582 
  10   23    38    342 
  10   24    56    510 
  10   25    31    284 
  10   26    85    766 
  10   27    64    577 
  10   28    25    228 
  10   29    24    216 
  10   30    76    690 
  10   31    30    277 
  10   32    64    579 
  10   33    55    501 
  10   34    79    711 
  10   35    44    396 
  10   36    57    519 
  10   37    29    266 
  10   38    32    288 
  10   39    22    205 
  10   40    41    377 
  10   41    37    340 
  10   42    28    255 
  10   43    36    327 
  10   44    38    344 
  10   45    32    295 
  10   46    34    307 
  10   47    85    769 
  10   48    59    537 
  10   49    70    631 
  11    0    51    463 
  11    1    34    311 
  11    2    69    624 
  11    3    84    760 
  11    4    55    498 
  11    5    40    361 
  11    6    85    765 
  11    7    62    564 
  11    8    84    762 
  11    9    44    399 
  11   10    82    746 
  11   11    55    503 
  11   12    69    624 
  11   13    55    500 
  11   14    54    489 
  11   15    84    757 
  11   16    53    482 
  11   17    35    317 
  11   18    48    437 
  11   19    28    255 
  11   20    68    613 
  11   21    38    343 
  11   22    61    554 
  11   23    72    653 
  11   24    58    529 
  11   25    30    278 
  11   26    34    307 
  11   27    38    347 
  11   28    35    322 
  11   29    27    247 
  11   30    74    674 
  11   31    75    677 
  11   32    24    221 
  11   33    53    482 
  11   34    55    499 
  11   35    74    669 
  11   36    45    413 
  11   37    29    264 
  11   38    62    563 
  11   39    77    698 
  11   40    85    769 
  11   41    62    559 
  11   42    74    668 
  11   43    36    328 
  11   44    42    378 
  11   45    87    790 
  11   46    56    511 
  11   47    81    734 
  11   48    79    711 
  11   49    78    703 
  12    0    23    213 
  12    1    37    339 
  12    2    69    628 
  12    3    23    211 
  12    4    86    777 
  12    5    41    369 
  12    6    42    382 
  12    7    25    232 
  12    8    48    435 
  12    9    63    575 
  12   10    41    377 
  12   11    52    476 
  12   12    73    662 
  12   13    82    745 
  12   14    52    468 
  12   15    63    572 
  12   16    38    342 
  12   17    31    282 
  12   18    41    371 
  12   19    32    290 
  12   20    55    499 
  12   21    81    734 
  12   22    81    735 
  12   23    39    354 
  12   24    78    706 
  12   25    84    760 
  12   26    54    494 
  12   27    48    438 
  12   28    48    432 
  12   29    59    534 
  12   30    59    536 
  12   31    25    233 
  12   32    23    211 
  12   33    82    744 
  12   34    67    607 
  12   35    74    673 
  12   36    73    665 
  12   37    40    361 
  12   38    73    659 
  12   39    51    463 
  12   40    58    523 
  12   41    56    509 
  12   42    86    776 
  12   43    36    327 
  12   44    77    694 
  12   45    76    690 
  12   46    85    765 
  12   47    49    449 
  12   48    72    649 
  12   49    62    560 
  13    0    88    797 
  13    1    77    699 
  13    2    49    441 
  13    3    57    513 
  13    4    63    573 
  13    5    85    771 
  13    6    34    313 
  13    7    75    678 
  13    8    48    434 
  13    9    64    582 
  13   10    88    797 
  13   11    43    391 
  13   12    63    568 
  13   13    24    221 
  13   14    53    481 
  13   15    23    212 
  13   16    60    547 
  13   17    54    493 
  13   18    71    643 
  13   19    74    670 
  13   20    31    283 
  13   21    32    295 
  13   22    72    654 
  13   23    28    258 
  13   24    46    422 
  13   25    25    228 
  13   26    54    492 
  13   27    23    215 
  13   28    70    634 
  13   29    83    753 
  13   30    46    421 
  13   31    42    379 
  13   32    79    715 
  13   33    68    617 
  13   34    80    722 
  13   35    71    642 
  13   36    42    386 
  13   37    69    621 
  13   38    25    225 
  13   39    53    478 
  13   40    35    321 
  13   41    35    315 
  13   42    55    502 
  13   43    72    650 
  13   44    46    414 
  13   45    41    376 
  13   46    87    783 
  13   47    81    731 
  13   48    30    275 
  13   49    37    336 
  14    0    74    666 
  14    1    36    324 
  14    2    30    278 
  14    3    79    717 
  14    4    36    331 
  14    5    53    483 
  14    6    41    372 
  14    7    34    310 
  14    8    27    243 
  14    9    68    620 
  14   10    46    416 
  14   11    29    263 
  14   12    54    489 
  14   13    69    629 
  14   14    80    726 
  14   15    43    389 
  14   16    69    628 
  14   17    35    319 
  14   18    61    553 
  14   19    42    378 
  14   20    57    520 
  14   21    57    514 
  14   22    41    369 
  14   23    28    260 
  14   24    47    428 
  14   25    30    277 
  14   26    61    550 
  14   27    32    295 
  14   28    30    274 
  14   29    38    346 
  14   30    31    283 
  14   31    31    284 
  14   32    26    242 
  14   33    23    208 
  14   34    41    377 
  14   35    88    799 
  14   36    63    574 
  14   37    69    623 
  14   38    63    572 
  14   39    22    204 
  14   40    32    293 
  14   41    72    652 
  14   42    74    673 
  14   43    34    309 
  14   44    85    769 
  14   45    47    431 
  14   46    70    637 
  14   47    83    748 
  14   48    25    230 
  14   49    72    656 
  15    0    83    755 
  15    1    47    431 
  15    2    45    413 
  15    3    88    800 
  15    4    31    282 
  15    5    25    226 
  15    6    45    409 
  15    7    86    777 
  15    8    49    448 
  15    9    41    377 
  15   10    62    566 
  15   11    76    689 
  15   12    29    263 
  15   13    51    460 
  15   14    29    262 
  15   15    85    770 
  15   16    23    213 
  15   17    81    730 
  15   18    66    596 
  15   19    42    385 
  15   20    53    482 
  15   21    52    470 
  15   22    27    251 
  15   23    72    654 
  15   24    80    725 
  15   25    36    332 
  15   26    34    311 
  15   27    38    348 
  15   28    66    602 
  15   29    67    611 
  15   30    68    614 
  15   31    58    522 
  15   32    70    637 
  15   33    53    479 
  15   34    73    660 
  15   35    84    757 
  15   36    47    426 
  15   37    68    612 
  15   38    80    720 
  15   39    84    758 
  15   40    82    739 
  15   41    69    621 
  15   42    23    213 
  15   43    40    364 
  15   44    63    572 
  15   45    48    433 
  15   46    28    259 
  15   47    53    479 
  15   48    68    613 
  15   49    33    298 
  16    0    26    239 
  16    1    72    652 
  16    2    57    514 
  16    3    88    798 
  16    4    53    485 
  16    5    56    506 
  16    6    79    714 
  16    7    32    288 
  16    8    60    540 
  16    9    35    320 
  16   10    32    293 
  16   11    24    223 
  16   12    74    671 
  16   13    74    673 
  16   14    73    663 
  16   15    41    371 
  16   16    84    758 
  16   17    71    647 
  16   18    76    685 
  16   19    47    427 
  16   20    68    619 
  16   21    50    454 
  16   22    55    500 
  16   23    34    312 
  16   24    27    248 
  16   25    71    647 
  16   26    50    456 
  16   27    84    758 
  16   28    60    545 
  16   29    66    600 
  16   30    87    791 
  16   31    42    381 
  16   32    25    227 
  16   33    54    489 
  16   34    31    282 
  16   35    38    348 
  16   36    34    314 
  16   37    56    510 
  16   38    79    713 
  16   39    69    621 
  16   40    24    217 
  16   41    26    238 
  16   42    71    645 
  16   43    78    707 
  16   44    66    595 
  16   45    88    798 
  16   46    69    628 
  16   47    23    211 
  16   48    31    286 
  16   49    44    396 
  17    0    76    689 
  17    1    52    470 
  17    2    76    690 
  17    3    26    237 
  17    4    22    200 
  17    5    82    739 
  17    6    49    449 
  17    7    43    388 
  17    8    50    451 
  17    9    54    488 
  17   10    40    361 
  17   11    49    446 
  17   12    58    523 
  17   13    28    252 
  17   14    47    425 
  17   15    47    424 
  17   16    42    379 
  17   17    77    701 
  17   18    81    731 
  17   19    52    475 
  17   20    49    443 
  17   21    83    747 
  17   22    24    217 
  17   23    35    315 
  17   24    31    280 
  17   25    28    252 
  17   26    55    501 
  17   27    80    721 
  17   28    29    261 
  17   29    62    561 
  17   30    62    566 
  17   31    59    536 
  17   32    87    790 
  17   33    45    413 
  17   34    23    213 
  17   35    64    583 
  17   36    33    299 
  17   37    77    701 
  17   38    39    358 
  17   39    24    218 
  17   40    64    583 
  17   41    26    240 
  17   42    68    618 
  17   43    71    642 
  17   44    45    407 
  17   45    65    591 
  17   46    42    378 
  17   47    37    338 
  17   48    63    571 
  17   49    24    217 
  18    0    52    476 
  18    1    73    661 
  18    2    49    444 
  18    3    69    625 
  18    4    23    211 
  18    5    76    687 
  18    6    34    314 
  18    7    80    724 
  18    8    70    635 
  18    9    41    377 
  18   10    82    740 
  18   11    77    699 
  18   12    66    598 
  18   13    70    638 
  18   14    88    800 
  18   15    31    282 
  18   16    79    711 
  18   17    34    307 
  18   18    27    246 
  18   19    73    661 
  18   20    44    402 
  18   21    45    407 
  18   22    37    341 
  18   23    42    384 
  18   24    35    318 
  18   25    47    431 
  18   26    76    685 
  18   27    49    445 
  18   28    28    259 
  18   29    80    720 
  18   30    47    429 
  18   31    65    592 
  18   32    27    250 
  18   33    23    209 
  18   34    33    302 
  18   35    74    672 
  18   36    52    468 
  18   37    64    583 
  18   38    48    438 
  18   39    44    400 
  18   40    53    479 
  18   41    80    723 
  18   42    50    458 
  18   43    43    387 
  18   44    23    212 
  18   45    62    564 
  18   46    68    619 
  18   47    48    438 
  18   48    28    259 
  18   49    78    705 
  19    0    69    624 
  19    1    78    706 
  19    2    45    408 
  19    3    35    317 
  19    4    59    531 
  19    5    81    737 
  19    6    41    370 
  19    7    75    683 
  19    8    68    618 
  19    9    67    609 
  19   10    61    555 
  19   11    23    207 
  19   12    55    500 
  19   13    59    534 
  19   14    69    621 
  19   15    59    539 
  19   16    82    738 
  19   17    69    621 
  19   18    44    396 
  19   19    45    412 
  19   20    47    431 
  19   21    70    633 
  19   22    36    327 
  19   23    81    737 
  19   24    51    460 
  19   25    53    480 
  19   26    58    522 
  19   27    49    444 
  19   28    61    555 
  19   29    75    682 
  19   30    44    402 
  19   31    28    260 
  19   32    22    201 
  19   33    23    212 
  19   34    59    538 
  19   35    22    203 
  19   36    24    220 
  19   37    26    242 
  19   38    76    686 
  19   39    63    573 
  19   40    35    316 
  19   41    24    218 
  19   42    25    231 
  19   43    46    419 
  19   44    56    507 
  19   45    40    365 
  19   46    56    509 
  19   47    48    434 
  19   48    32    290 
  19   49    77    693 
  20    0    64    576 
  20    1    59    534 
  20    2    85    765 
  20    3    75    676 
  20    4    64    576 
  20    5    78    707 
  20    6    57    521 
  20    7    28    255 
  20    8    22    205 
  20    9    42    385 
  20   10    38    348 
  20   11    66    600 
  20   12    83    753 
  20   13    57    516 
  20   14    35    315 
  20   15    27    245 
  20   16    36    327 
  20   17    27    244 
  20   18    38    342 
  20   19    38    344 
  20   20    46    421 
  20   21    71    640 
  20   22    78    708 
  20   23    49    442 
  20   24    44    398 
  20   25    26    239 
  20   26    29    263 
  20   27    76    685 
  20   28    87    791 
  20   29    36    331 
  20   30    82    746 
  20   31    78    706 
  20   32    83    750 
  20   33    76    688 
  20   34    53    483 
  20   35    53    482 
  20   36    37    340 
  20   37    53    481 
  20   38    70    634 
  20   39    40    365 
  20   40    41    371 
  20   41    84    762 
  20   42    53    485 
  20   43    72    655 
  20   44    85    765 
  20   45    86    775 
  20   46    86    776 
  20   47    32    293 
  20   48    62    563 
  20   49    37    340 
  21    0    85    771 
  21    1    40    364 
  21    2    41    373 
  21    3    33    305 
  21    4    31    280 
  21    5    62    559 
  21    6    74    672 
  21    7    36    330 
  21    8    65    587 
  21    9    42    386 
  21   10    45    412 
  21   11    54    488 
  21   12    59    536 
  21   13    75    683 
  21   14    35    319 
  21   15    65    593 
  21   16    23    211 
  21   17    68    619 
  21   18    70    637 
  21   19    31    281 
  21   20    49    442 
  21   21    51    465 
  21   22    35    321 
  21   23    77    699 
  21   24    31    285 
  21   25    26    236 
  21   26    40    360 
  21   27    49    447 
  21   28    80    724 
  21   29    34    309 
  21   30    22    202 
  21   31    38    342 
  21   32    55    503 
  21   33    67    606 
  21   34    35    320 
  21   35    36    325 
  21   36    47    429 
  21   37    31    282 
  21   38    71    643 
  21   39    78    708 
  21   40    26    242 
  21   41    55    497 
  21   42    30    271 
  21   43    74    670 
  21   44    44    401 
  21   45    58    530 
  21   46    22    200 
  21   47    25    233 
  21   48    76    690 
  21   49    23    214 
  22    0    64    579 
  22    1    54    487 
  22    2    80    720 
  22    3    45    408 
  22    4    65    585 
  22    5    58    527 
  22    6    43    387 
  22    7    58    522 
  22    8    55    503 
  22    9    28    255 
  22   10    80    722 
  22   11    52    471 
  22   12    69    628 
  22   13    72    653 
  22   14    50    454 
  22   15    59    531 
  22   16    56    509 
  22   17    75    680 
  22   18    44    396 
  22   19    54    494 
  22   20    61    552 
  22   21    88    792 
  22   22    88    800 
  22   23    63    575 
  22   24    24    223 
  22   25    51    465 
  22   26    80    725 
  22   27    74    672 
  22   28    84    757 
  22   29    53    485 
  22   30    32    292 
  22   31    26    237 
  22   32    70    634 
  22   33    43    389 
  22   34    76    689 
  22   35    59    536 
  22   36    86    778 
  22   37    59    531 
  22   38    67    605 
  22   39    40    360 
  22   40    62    564 
  22   41    53    482 
  22   42    76    692 
  22   43    24    216 
  22   44    27    247 
  22   45    53    481 
  22   46    82    743 
  22   47    24    218 
  22   48    79    713 
  22   49    28    256 
  23    0    29    268 
  23    1    81    736 
  23    2    36    327 
  23    3    26    242 
  23    4    35    318 
  23    5    62    560 
  23    6    33    304 
  23    7    57    513 
  23    8    37    341 
  23    9    24    216 
  23   10    26    239 
  23   11    38    350 
  23   12    56    511 
  23   13    24    217 
  23   14    24    223 
  23   15    65    586 
  23   16    75    676 
  23   17    87    791 
  23   18    27    249 
  23   19    41    372 
  23   20    24    216 
  23   21    49    444 
  23   22    68    617 
  23   23    32    293 
  23   24    83    750 
  23   25    46    414 
  23   26    52    468 
  23   27    87    790 
  23   28    67    608 
  23   29    46    418 
  23   30    66    602 
  23   31    88    792 
  23   32    39    354 
  23   33    48    436 
  23   34    22    204 
  23   35    23    211 
  23   36    25    233 
  23   37    77    696 
  23   38    75    677 
  23   39    37    333 
  23   40    77    700 
  23   41    62    561 
  23   42    86    782 
  23   43    70    637 
  23   44    59    531 
  23   45    33    297 
  23   46    45    410 
  23   47    36    326 
  23   48    72    655 
  23   49    47    428 
  24    0    48    439 
  24    1    32    293 
  24    2    46    415 
  24    3    69    625 
  24    4    70    630 
  24    5    52    476 
  24    6    44    397 
  24    7    68    617 
  24    8    32    291 
  24    9    79    719 
  24   10    70    635 
  24   11    80    725 
  24   12    63    574 
  24   13    24    217 
  24   14    64    580 
  24   15    50    452 
  24   16    84    761 
  24   17    70    632 
  24   18    61    557 
  24   19    77    700 
  24   20    54    488 
  24   21    23    207 
  24   22    55    500 
  24   23    68    616 
  24   24    72    656 
  24   25    36    330 
  24   26    88    795 
  24   27    45    408 
  24   28    39    354 
  24   29    50    453 
  24   30    62    560 
  24   31    43    392 
  24   32    80    720 
  24   33    86    774 
  24   34    73    659 
  24   35    85    768 
  24   36    45    412 
  24   37    86    782 
  24   38    23    213 
  24   39    64    579 
  24   40    25    232 
  24   41    30    273 
  24   42    29    269 
  24   43    51    460 
  24   44    32    294 
  24   45    57    517 
  24   46    60    546 
  24   47    68    614 
  24   48    47    429 
  24   49    52    470 
  25    0    56    505 
  25    1    71    644 
  25    2    58    523 
  25    3    55    501 
  25    4    82    746 
  25    5    42    379 
  25    6    62    562 
  25    7    85    770 
  25    8    71    639 
  25    9    55    495 
  25   10    60    540 
  25   11    83    747 
  25   12    57    519 
  25   13    66    601 
  25   14    48    438 
  25   15    23    213 
  25   16    86    780 
  25   17    23    211 
  25   18    61    555 
  25   19    81    729 
  25   20    50    455 
  25   21    60    542 
  25   22    25    233 
  25   23    36    326 
  25   24    27    248 
  25   25    56    507 
  25   26    55    496 
  25   27    51    467 
  25   28    39    359 
  25   29    74    666 
  25   30    77    696 
  25   31    87    791 
  25   32    61    555 
  25   33    68    617 
  25   34    29    264 
  25   35    25    226 
  25   36    69    629 
  25   37    72    650 
  25   38    28    254 
  25   39    30    273 
  25   40    44    401 
  25   41    63    575 
  25   42    83    750 
  25   43    55    495 
  25   44    68    618 
  25   45    66    597 
  25   46    85    765 
  25   47    27    250 
  25   48    49    441 
  25   49    82    739 
  26    0    64    576 
  26    1    31    284 
  26    2    43    395 
  26    3    73    662 
  26    4    60    544 
  26    5    61    555 
  26    6    50    458 
  26    7    33    304 
  26    8    64    583 
  26    9    51    466 
  26   10    73    661 
  26   11    58    527 
  26   12    36    330 
  26   13    60    548 
  26   14    78    702 
  26   15    55    495 
  26   16    55    495 
  26   17    34    307 
  26   18    46    419 
  26   19    34    313 
  26   20    50    453 
  26   21    47    425 
  26   22    85    771 
  26   23    43    395 
  26   24    64    579 
  26   25    70    635 
  26   26    30    277 
  26   27    77    700 
  26   28    23    210 
  26   29    78    704 
  26   30    25    229 
  26   31    64    576 
  26   32    54    490 
  26   33    83    754 
  26   34    49    442 
  26   35    74    668 
  26   36    87    788 
  26   37    62    560 
  26   38    71    643 
  26   39    24    222 
  26   40    75    683 
  26   41    50    450 
  26   42    59    536 
  26   43    69    628 
  26   44    26    240 
  26   45    46    421 
  26   46    41    376 
  26   47    82    742 
  26   48    45    406 
  26   49    31    287 
  27    0    38    347 
  27    1    28    256 
  27    2    72    651 
  27    3    77    700 
  27    4    48    437 
  27    5    38    346 
  27    6    44    404 
  27    7    77    699 
  27    8    37    335 
  27    9    28    256 
  27   10    63    568 
  27   11    50    453 
  27   12    62    562 
  27   13    78    705 
  27   14    83    754 
  27   15    60    548 
  27   16    72    648 
  27   17    22    203 
  27   18    71    639 
  27   19    61    553 
  27   20    26    240 
  27   21    42    386 
  27   22    56    508 
  27   23    54    490 
  27   24    22    204 
  27   25    44    403 
  27   26    78    707 
  27   27    23    210 
  27   28    71    641 
  27   29    82    746 
  27   30    25    229 
  27   31    84    762 
  27   32    32    290 
  27   33    75    680 
  27   34    40    364 
  27   35    23    212 
  27   36    32    295 
  27   37    64    580 
  27   38    87    787 
  27   39    71    643 
  27   40    43    393 
  27   41    65    585 
  27   42    35    316 
  27   43    87    790 
  27   44    47    430 
  27   45    36    327 
  27   46    51    460 
  27   47    30    276 
  27   48    44    401 
  27   49    34    314 
  28    0    41    370 
  28    1    77    693 
  28    2    38    347 
  28    3    72    655 
  28    4    26    238 
  28    5    81    737 
  28    6    46    420 
  28    7    73    658 
  28    8    60    547 
  28    9    61    554 
  28   10    24    218 
  28   11    85    773 
  28   12    74    667 
  28   13    32    292 
  28   14    70    633 
  28   15    84    758 
  28   16    69    622 
  28   17    85    770 
  28   18    78    704 
  28   19    44    399 
  28   20    33    297 
  28   21    30    271 
  28   22    27    243 
  28   23    54    494 
  28   24    42    386 
  28   25    58    527 
  28   26    41    376 
  28   27    25    226 
  28   28    76    691 
  28   29    43    395 
  28   30    88    796 
  28   31    46    416 
  28   32    62    566 
  28   33    25    233 
  28   34    35    323 
  28   35    39    355 
  28   36    86    782 
  28   37    66    595 
  28   38    74    668 
  28   39    69    628 
  28   40    41    377 
  28   41    29    267 
  28   42    36    324 
  28   43    30    272 
  28   44    86    775 
  28   45    35    317 
  28   46    22    203 
  28   47    51    466 
  28   48    37    335 
  28   49    62    558 
  29    0    66    594 
  29    1    71    642 
  29    2    45    406 
  29    3    42    383 
  29    4    29    263 
  29    5    55    503 
  29    6    88    793 
  29    7    31    284 
  29    8    54    487 
  29    9    67    606 
  29   10    65    591 
  29   11    33    298 
  29   12    88    797 
  29   13    49    442 
  29   14    32    293 
  29   15    86    780 
  29   16    52    476 
  29   17    73    659 
  29   18    59    539 
  29   19    22    200 
  29   20    72    653 
  29   21    35    319 
  29   22    26    238 
  29   23    28    260 
  29   24    48    433 
  29   25    25    226 
  29   26    72    648 
  29   27    62    558 
  29   28    85    766 
  29   29    67    606 
  29   30    64    584 
  29   31    47    429 
  29   32    56    505 
  29   33    75    675 
  29   34    69    623 
  29   35    79    715 
  29   36    79    714 
  29   37    81    736 
  29   38    41    374 
  29   39    35    321 
  29   40    63    569 
  29   41    24    223 
  29   42    70    634 
  29   43    41    374 
  29   44    53    477 
  29   45    58    526 
  29   46    84    762 
  29   47    67    603 
  29   48    73    658 
  29   49    71    643 
  30    0    49    442 
  30    1    73    661 
  30    2    71    642 
  30    3    60    543 
  30    4    82    742 
  30    5    53    483 
  30    6    50    455 
  30    7    53    484 
  30    8    62    565 
  30    9    64    583 
  30   10    49    443 
  30   11    36    327 
  30   12    30    277 
  30   13    33    299 
  30   14    83    751 
  30   15    27    249 
  30   16    68    612 
  30   17    88    797 
  30   18    39    352 
  30   19    66    600 
  30   20    41    371 
  30   21    68    616 
  30   22    29    263 
  30   23    34    309 
  30   24    65    590 
  30   25    60    546 
  30   26    49    443 
  30   27    76    686 
  30   28    86    774 
  30   29    42    379 
  30   30    49    443 
  30   31    78    707 
  30   32    44    403 
  30   33    30    270 
  30   34    25    232 
  30   35    24    220 
  30   36    83    753 
  30   37    63    573 
  30   38    71    644 
  30   39    66    601 
  30   40    40    361 
  30   41    39    358 
  30   42    61    551 
  30   43    23    208 
  30   44    57    515 
  30   45    39    351 
  30   46    59    533 
  30   47    37    335 
  30   48    59    532 
  30   49    67    608 
  31    0    56    505 
  31    1    65    591 
  31    2    59    531 
  31    3    52    470 
  31    4    87    783 
  31    5    66    596 
  31    6    74    670 
  31    7    27    246 
  31    8    41    375 
  31    9    60    544 
  31   10    71    646 
  31   11    47    425 
  31   12    83    752 
  31   13    36    327 
  31   14    86    776 
  31   15    42    381 
  31   16    81    730 
  31   17    27    247 
  31   18    68    618 
  31   19    83    753 
  31   20    48    434 
  31   21    25    230 
  31   22    37    336 
  31   23    67    611 
  31   24    27    251 
  31   25    47    425 
  31   26    60    542 
  31   27    83    748 
  31   28    35    318 
  31   29    53    483 
  31   30    39    359 
  31   31    29    264 
  31   32    41    369 
  31   33    26    234 
  31   34    69    629 
  31   35    43    393 
  31   36    45    406 
  31   37    32    289 
  31   38    36    325 
  31   39    27    245 
  31   40    82    745 
  31   41    22    206 
  31   42    77    695 
  31   43    51    461 
  31   44    50    450 
  31   45    28    252 
  31   46    32    294 
  31   47    81    733 
  31   48    44    399 
  31   49    26    236 
  32    0    44    397 
  32    1    30    277 
  32    2    63    575 
  32    3    26    240 
  32    4    35    320 
  32    5    70    638 
  32    6    52    468 
  32    7    81    731 
  32    8    60    544 
  32    9    82    743 
  32   10    76    690 
  32   11    26    236 
  32   12    62    561 
  32   13    62    565 
  32   14    62    563 
  32   15    47    427 
  32   16    45    410 
  32   17    59    534 
  32   18    55    501 
  32   19    48    437 
  32   20    78    703 
  32   21    24    220 
  32   22    52    470 
  32   23    33    297 
  32   24    41    372 
  32   25    46    421 
  32   26    64    584 
  32   27    43    387 
  32   28    27    249 
  32   29    57    521 
  32   30    80    724 
  32   31    31    284 
  32   32    86    778 
  32   33    58    528 
  32   34    43    392 
  32   35    38    345 
  32   36    70    638 
  32   37    55    498 
  32   38    25    228 
  32   39    87    790 
  32   40    46    414 
  32   41    82    742 
  32   42    54    494 
  32   43    80    724 
  32   44    24    221 
  32   45    39    356 
  32   46    51    465 
  32   47    83    754 
  32   48    62    558 
  32   49    49    446 
  33    0    48    439 
  33    1    71    645 
  33    2    43    392 
  33    3    64    584 
  33    4    57    517 
  33    5    48    438 
  33    6    68    615 
  33    7    65    585 
  33    8    57    513 
  33    9    43    394 
  33   10    28    257 
  33   11    68    617 
  33   12    83    751 
  33   13    76    690 
  33   14    71    641 
  33   15    79    719 
  33   16    84    763 
  33   17    68    617 
  33   18    28    254 
  33   19    71    645 
  33   20    32    294 
  33   21    52    468 
  33   22    72    648 
  33   23    56    504 
  33   24    83    753 
  33   25    47    427 
  33   26    82    746 
  33   27    75    680 
  33   28    27    244 
  33   29    47    426 
  33   30    64    583 
  33   31    26    234 
  33   32    31    280 
  33   33    59    535 
  33   34    24    221 
  33   35    41    372 
  33   36    62    558 
  33   37    79    711 
  33   38    30    272 
  33   39    61    556 
  33   40    29    261 
  33   41    58    526 
  33   42    82    746 
  33   43    54    488 
  33   44    34    314 
  33   45    48    438 
  33   46    74    667 
  33   47    36    331 
  33   48    65    591 
  33   49    63    569 
  34    0    44    404 
  34    1    55    496 
  34    2    55    502 
  34    3    79    719 
  34    4    27    247 
  34    5    43    394 
  34    6    57    518 
  34    7    27    250 
  34    8    71    642 
  34    9    37    341 
  34   10    38    348 
  34   11    70    631 
  34   12    27    249 
  34   13    65    585 
  34   14    80    722 
  34   15    79    716 
  34   16    70    630 
  34   17    24    216 
  34   18    24    224 
  34   19    25    227 
  34   20    33    305 
  34   21    57    519 
  34   22    25    229 
  34   23    62    560 
  34   24    83    755 
  34   25    69    624 
  34   26    80    728 
  34   27    57    516 
  34   28    75    676 
  34   29    72    655 
  34   30    36    332 
  34   31    39    359 
  34   32    40    361 
  34   33    83    750 
  34   34    27    251 
  34   35    33    297 
  34   36    71    643 
  34   37    49    441 
  34   38    40    365 
  34   39    62    565 
  34   40    44    396 
  34   41    37    340 
  34   42    26    237 
  34   43    39    354 
  34   44    67    604 
  34   45    37    333 
  34   46    54    490 
  34   47    35    322 
  34   48    74    670 
  34   49    66    596 
  35    0    62    566 
  35    1    77    699 
  35    2    55    499 
  35    3    35    322 
  35    4    37    335 
  35    5    29    263 
  35    6    46    420 
  35    7    49    448 
  35    8    22    206 
  35    9    37    338 
  35   10    50    458 
  35   11    23    215 
  35   12    62    559 
  35   13    24    219 
  35   14    87    784 
  35   15    80    728 
  35   16    84    758 
  35   17    27    244 
  35   18    61    550 
  35   19    37    340 
  35   20    43    387 
  35   21    62    560 
  35   22    75    681 
  35   23    33    300 
  35   24    88    798 
  35   25    64    584 
  35   26    58    522 
  35   27    48    437 
  35   28    54    490 
  35   29    69    624 
  35   30    51    462 
  35   31    68    613 
  35   32    88    796 
  35   33    80    723 
  35   34    35    322 
  35   35    46    422 
  35   36    27    244 
  35   37    40    361 
  35   38    67    606 
  35   39    77    696 
  35   40    58    528 
  35   41    73    664 
  35   42    50    456 
  35   43    25    231 
  35   44    78    707 
  35   45    75    682 
  35   46    75    683 
  35   47    54    486 
  35   48    44    401 
  35   49    35    315 
  36    0    56    507 
  36    1    37    340 
  36    2    53    479 
  36    3    45    408 
  36    4    54    491 
  36    5    29    266 
  36    6    84    758 
  36    7    78    709 
  36    8    84    758 
  36    9    29    264 
  36   10    22    200 
  36   11    62    559 
  36   12    66    595 
  36   13    75    680 
  36   14    70    630 
  36   15    65    585 
  36   16    84    759 
  36   17    34    311 
  36   18    69    628 
  36   19    81    737 
  36   20    61    556 
  36   21    45    408 
  36   22    41    376 
  36   23    75    682 
  36   24    88    796 
  36   25    75    675 
  36   26    33    300 
  36   27    29    263 
  36   28    79    712 
  36   29    24    218 
  36   30    26    237 
  36   31    83    753 
  36   32    84    764 
  36   33    45    408 
  36   34    63    570 
  36   35    68    616 
  36   36    54    493 
  36   37    46    418 
  36   38    64    581 
  36   39    66    602 
  36   40    26    238 
  36   41    78    702 
  36   42    75    678 
  36   43    66    598 
  36   44    36    326 
  36   45    82    744 
  36   46    35    319 
  36   47    85    772 
  36   48    80    726 
  36   49    38    350 
  37    0    81    730 
  37    1    47    427 
  37    2    30    271 
  37    3    30    278 
  37    4    88    794 
  37    5    74    669 
  37    6    44    403 
  37    7    35    321 
  37    8    48    439 
  37    9    55    499 
  37   10    56    505 
  37   11    56    512 
  37   12    37    339 
  37   13    54    486 
  37   14    41    369 
  37   15    48    435 
  37   16    47    423 
  37   17    55    503 
  37   18    69    623 
  37   19    81    732 
  37   20    76    692 
  37   21    37    340 
  37   22    66    600 
  37   23    87    789 
  37   24    42    382 
  37   25    40    365 
  37   26    61    555 
  37   27    25    232 
  37   28    75    676 
  37   29    53    483 
  37   30    35    315 
  37   31    68    617 
  37   32    54    488 
  37   33    32    291 
  37   34    56    507 
  37   35    24    219 
  37   36    39    356 
  37   37    55    499 
  37   38    72    654 
  37   39    65    588 
  37   40    57    516 
  37   41    34    307 
  37   42    82    739 
  37   43    67    605 
  37   44    47    428 
  37   45    84    761 
  37   46    53    484 
  37   47    67    607 
  37   48    83    749 
  37   49    44    402 
  38    0    72    655 
  38    1    48    433 
  38    2    88    792 
  38    3    22    201 
  38    4    56    505 
  38    5    82    746 
  38    6    61    549 
  38    7    49    447 
  38    8    27    247 
  38    9    62    566 
  38   10    68    615 
  38   11    67    608 
  38   12    30    270 
  38   13    22    203 
  38   14    23    215 
  38   15    72    655 
  38   16    76    686 
  38   17    60    542 
  38   18    26    234 
  38   19    62    564 
  38   20    52    469 
  38   21    52    469 
  38   22    36    324 
  38   23    79    711 
  38   24    84    756 
  38   25    78    703 
  38   26    49    442 
  38   27    33    305 
  38   28    22    206 
  38   29    54    486 
  38   30    29    261 
  38   31    70    636 
  38   32    28    258 
  38   33    38    343 
  38   34    63    570 
  38   35    38    347 
  38   36    80    728 
  38   37    47    427 
  38   38    43    390 
  38   39    26    242 
  38   40    68    612 
  38   41    59    531 
  38   42    23    214 
  38   43    48    432 
  38   44    43    390 
  38   45    67    604 
  38   46    69    626 
  38   47    41    377 
  38   48    42    385 
  38   49    22    204 
  39    0    42    383 
  39    1    22    201 
  39    2    72    649 
  39    3    82    738 
  39    4    67    609 
  39    5    79    716 
  39    6    41    369 
  39    7    34    313 
  39    8    63    570 
  39    9    50    453 
  39   10    42    378 
  39   11    87    790 
  39   12    84    764 
  39   13    76    685 
  39   14    45    406 
  39   15    27    244 
  39   16    24    223 
  39   17    28    257 
  39   18    23    212 
  39   19    36    326 
  39   20    45    409 
  39   21    79    712 
  39   22    39    351 
  39   23    27    248 
  39   24    72    656 
  39   25    33    305 
  39   26    58    529 
  39   27    64    582 
  39   28    77    700 
  39   29    87    786 
  39   30    24    223 
  39   31    40    360 
  39   32    42    378 
  39   33    22    202 
  39   34    84    764 
  39   35    38    346 
  39   36    47    428 
  39   37    60    546 
  39   38    83    747 
  39   39    54    488 
  39   40    36    331 
  39   41    72    651 
  39   42    80    722 
  39   43    45    412 
  39   44    26    237 
  39   45    45    411 
  39   46    88    792 
  39   47    32    289 
  39   48    88    794 
  39   49    55    496 
  40    0    74    670 
  40    1    28    255 
  40    2    34    310 
  40    3    53    483 
  40    4    77    696 
  40    5    29    266 
  40    6    44    398 
  40    7    25    231 
  40    8    59    535 
  40    9    75    679 
  40   10    46    418 
  40   11    25    227 
  40   12    79    716 
  40   13    23    212 
  40   14    68    616 
  40   15    68    618 
  40   16    42    381 
  40   17    31    287 
  40   18    43    394 
  40   19    55    496 
  40   20    55    496 
  40   21    39    352 
  40   22    73    665 
  40   23    54    489 
  40   24    71    644 
  40   25    37    340 
  40   26    71    640 
  40   27    64    584 
  40   28    35    321 
  40   29    56    506 
  40   30    60    542 
  40   31    34    314 
  40   32    51    466 
  40   33    68    612 
  40   34    83    749 
  40   35    67    603 
  40   36    38    345 
  40   37    73    664 
  40   38    86    775 
  40   39    42    385 
  40   40    63    571 
  40   41    55    500 
  40   42    79    714 
  40   43    45    405 
  40   44    78    705 
  40   45    30    274 
  40   46    59    537 
  40   47    55    502 
  40   48    35    323 
  40   49    42    385 
  41    0    38    347 
  41    1    65    592 
  41    2    22    206 
  41    3    38    342 
  41    4    39    356 
  41    5    46    417 
  41    6    80    720 
  41    7    34    313 
  41    8    46    416 
  41    9    58    528 
  41   10    22    200 
  41   11    44    403 
  41   12    42    378 
  41   13    40    367 
  41   14    46    422 
  41   15    31    280 
  41   16    42    383 
  41   17    75    675 
  41   18    64    581 
  41   19    47    431 
  41   20    47    423 
  41   21    57    519 
  41   22    85    770 
  41   23    25    232 
  41   24    28    260 
  41   25    77    693 
  41   26    77    699 
  41   27    63    567 
  41   28    44    403 
  41   29    37    334 
  41   30    52    468 
  41   31    40    361 
  41   32    84    762 
  41   33    68    614 
  41   34    34    311 
  41   35    76    688 
  41   36    26    238 
  41   37    47    427 
  41   38    45    405 
  41   39    37    337 
  41   40    55    503 
  41   41    58    527 
  41   42    62    558 
  41   43    57    513 
  41   44    25    229 
  41   45    69    621 
  41   46    49    442 
  41   47    87    787 
  41   48    40    360 
  41   49    38    345 
  42    0    77    698 
  42    1    86    780 
  42    2    28    257 
  42    3    67    609 
  42    4    82    743 
  42    5    33    300 
  42    6    50    456 
  42    7    53    481 
  42    8    87    790 
  42    9    40    360 
  42   10    48    437 
  42   11    82    742 
  42   12    51    459 
  42   13    63    572 
  42   14    48    432 
  42   15    75    677 
  42   16    59    535 
  42   17    64    583 
  42   18    50    450 
  42   19    50    456 
  42   20    68    616 
  42   21    44    396 
  42   22    45    413 
  42   23    68    619 
  42   24    53    480 
  42   25    36    331 
  42   26    33    297 
  42   27    36    329 
  42   28    82    742 
  42   29    73    663 
  42   30    77    694 
  42   31    59    535 
  42   32    88    799 
  42   33    70    631 
  42   34    26    242 
  42   35    23    208 
  42   36    39    358 
  42   37    27    246 
  42   38    46    416 
  42   39    45    405 
  42   40    31    285 
  42   41    57    518 
  42   42    85    766 
  42   43    54    492 
  42   44    56    511 
  42   45    77    697 
  42   46    36    328 
  42   47    75    676 
  42   48    78    706 
  42   49    24    216 
  43    0    86    778 
  43    1    67    611 
  43    2    54    488 
  43    3    50    452 
  43    4    73    664 
  43    5    61    549 
  43    6    51    461 
  43    7    35    321 
  43    8    41    376 
  43    9    48    434 
  43   10    71    647 
  43   11    56    506 
  43   12    69    622 
  43   13    42    378 
  43   14    22    203 
  43   15    61    554 
  43   16    33    297 
  43   17    32    296 
  43   18    79    712 
  43   19    85    767 
  43   20    60    543 
  43   21    31    284 
  43   22    55    499 
  43   23    27    244 
  43   24    30    276 
  43   25    68    614 
  43   26    61    549 
  43   27    81    737 
  43   28    34    307 
  43   29    55    500 
  43   30    28    259 
  43   31    56    512 
  43   32    72    653 
  43   33    67    603 
  43   34    74    674 
  43   35    81    735 
  43   36    35    319 
  43   37    49    443 
  43   38    23    209 
  43   39    56    508 
  43   40    56    508 
  43   41    65    591 
  43   42    79    712 
  43   43    61    551 
  43   44    34    310 
  43   45    28    255 
  43   46    58    524 
  43   47    69    629 
  43   48    62    566 
  43   49    56    512 
  44    0    55    496 
  44    1    78    710 
  44    2    43    392 
  44    3    58    528 
  44    4    52    474 
  44    5    75    675 
  44    6    53    477 
  44    7    30    276 
  44    8    23    212 
  44    9    68    617 
  44   10    32    293 
  44   11    49    446 
  44   12    62    559 
  44   13    43    389 
  44   14    36    325 
  44   15    34    314 
  44   16    36    332 
  44   17    27    251 
  44   18    72    649 
  44   19    52    475 
  44   20    55    502 
  44   21    79    714 
  44   22    74    666 
  44   23    35    315 
  44   24    28    257 
  44   25    83    754 
  44   26    39    352 
  44   27    68    615 
  44   28    23    215 
  44   29    49    442 
  44   30    23    208 
  44   31    80    722 
  44   32    28    253 
  44   33    46    416 
  44   34    29    261 
  44   35    84    757 
  44   36    35    321 
  44   37    37    341 
  44   38    45    409 
  44   39    66    596 
  44   40    75    676 
  44   41    29    267 
  44   42    68    612 
  44   43    22    204 
  44   44    86    779 
  44   45    81    733 
  44   46    32    295 
  44   47    53    483 
  44   48    81    737 
  44   49    75    675 
  45    0    36    325 
  45    1    28    259 
  45    2    87    783 
  45    3    32    294 
  45    4    52    471 
  45    5    64    578 
  45    6    86    774 
  45    7    43    394 
  45    8    22    204 
  45    9    48    438 
  45   10    66    601 
  45   11    70    632 
  45   12    48    434 
  45   13    40    368 
  45   14    52    472 
  45   15    22    204 
  45   16    85    770 
  45   17    64    581 
  45   18    68    620 
  45   19    66    601 
  45   20    62    559 
  45   21    25    229 
  45   22    76    687 
  45   23    51    459 
  45   24    84    763 
  45   25    81    734 
  45   26    52    476 
  45   27    46    417 
  45   28    75    680 
  45   29    88    794 
  45   30    49    446 
  45   31    38    343 
  45   32    53    482 
  45   33    37    341 
  45   34    37    338 
  45   35    60    544 
  45   36    75    676 
  45   37    77    696 
  45   38    77    693 
  45   39    30    270 
  45   40    68    615 
  45   41    29    263 
  45   42    49    443 
  45   43    82    744 
  45   44    64    583 
  45   45    67    606 
  45   46    54    494 
  45   47    73    661 
  45   48    63    567 
  45   49    66    597 
  46    0    30    276 
  46    1    28    254 
  46    2    48    434 
  46    3    45    408 
  46    4    56    504 
  46    5    53    480 
  46    6    37    339 
  46    7    73    663 
  46    8    69    621 
  46    9    60    546 
  46   10    36    330 
  46   11    59    531 
  46   12    84    756 
  46   13    64    576 
  46   14    60    547 
  46   15    47    426 
  46   16    83    751 
  46   17    48    437 
  46   18    82    743 
  46   19    23    214 
  46   20    68    613 
  46   21    24    223 
  46   22    33    305 
  46   23    74    674 
  46   24    54    490 
  46   25    47    431 
  46   26    61    556 
  46   27    43    390 
  46   28    63    569 
  46   29    58    522 
  46   30    82    740 
  46   31    58    528 
  46   32    54    492 
  46   33    33    304 
  46   34    74    673 
  46   35    50    451 
  46   36    80    724 
  46   37    82    746 
  46   38    24    222 
  46   39    46    414 
  46   40    59    536 
  46   41    61    553 
  46   42    50    457 
  46   43    45    408 
  46   44    62    558 
  46   45    61    556 
  46   46    67    605 
  46   47    63    574 
  46   48    81    729 
  46   49    34    310 
  47    0    76    689 
  47    1    72    651 
  47    2    23    215 
  47    3    74    669 
  47    4    57    517 
  47    5    86    780 
  47    6    80    727 
  47    7    76    685 
  47    8    81    734 
  47    9    37    337 
  47   10    38    347 
  47   11    36    329 
  47   12    79    719 
  47   13    50    458 
  47   14    24    224 
  47   15    75    683 
  47   16    75    677 
  47   17    55    502 
  47   18    82    743 
  47   19    52    475 
  47   20    52    471 
  47   21    56    505 
  47   22    33    298 
  47   23    29    269 
  47   24    41    377 
  47   25    44    398 
  47   26    63    573 
  47   27    39    358 
  47   28    64    576 
  47   29    32    289 
  47   30    37    336 
  47   31    32    296 
  47   32    87    783 
  47   33    83    752 
  47   34    77    697 
  47   35    22    203 
  47   36    48    437 
  47   37    75    679 
  47   38    80    723 
  47   39    25    232 
  47   40    63    571 
  47   41    76    692 
  47   42    75    677 
  47   43    29    267 
  47   44    63    569 
  47   45    54    488 
  47   46    74    672 
  47   47    61    550 
  47   48    39    352 
  47   49    63    568 
  48    0    61    552 
  48    1    36    328 
  48    2    35    318 
  48    3    64    584 
  48    4    47    429 
  48    5    32    290 
  48    6    63    568 
  48    7    43    388 
  48    8    32    290 
  48    9    68    612 
  48   10    45    413 
  48   11    32    294 
  48   12    81    732 
  48   13    74    666 
  48   14    31    282 
  48   15    67    611 
  48   16    62    560 
  48   17    41    375 
  48   18    60    547 
  48   19    51    459 
  48   20    86    775 
  48   21    31    280 
  48   22    72    654 
  48   23    45    409 
  48   24    70    630 
  48   25    58    522 
  48   26    52    473 
  48   27    23    213 
  48   28    87    787 
  48   29    41    370 
  48   30    50    450 
  48   31    66    597 
  48   32    82    744 
  48   33    41    369 
  48   34    32    288 
  48   35    70    630 
  48   36    82    741 
  48   37    76    692 
  48   38    23    213 
  48   39    86    781 
  48   40    85    766 
  48   41    80    723 
  48   42    87    789 
  48   43    23    208 
  48   44    22    202 
  48   45    65    593 
  48   46    26    234 
  48   47    63    574 
  48   48    78    710 
  48   49    37    338 
  49    0    58    529 
  49    1    68    618 
  49    2    52    474 
  49    3    76    686 
  49    4    65    590 
  49    5    43    395 
  49    6    87    791 
  49    7    67    607 
  49    8    40    364 
  49    9    47    424 
  49   10    36    330 
  49   11    82    746 
  49   12    85    772 
  49   13    75    681 
  49   14    84    761 
  49   15    68    616 
  49   16    78    709 
  49   17    45    406 
  49   18    29    262 
  49   19    53    484 
  49   20    60    543 
  49   21    38    348 
  49   22    66    597 
  49   23    72    651 
  49   24    38    347 
  49   25    29    268 
  49   26    56    504 
  49   27    66    594 
  49   28    40    365 
  49   29    27    250 
  49   30    30    273 
  49   31    44    401 
  49   32    45    413 
  49   33    84    756 
  49   34    82    740 
  49   35    26    242 
  49   36    60    544 
  49   37    67    610 
  49   38    60    540 
  49   39    39    353 
  49   40    67    604 
  49   41    57    518 
  49   42    72    651 
  49   43    65    588 
  49   44    78    709 
  49   45    28    256 
  49   46    68    616 
  49   47    51    464 
  49   48    50    457 
  49   49    64    581 
