 50
 50

   17
    3
    2
   11
   10
   12
    2
    5
   12
   10
    5
   14
    3
   19
    3
   14
    2
   20
   17
    5
    6
   19
    8
   20
    6
    9
    8
    6
   14
   10
    3
    6
   16
   18
   16
   16
   17
    8
   12
    3
    5
   18
    4
    4
   18
    5
   11
    5
    6
   19

    7
    8
   16
    4
   18
    8
   12
    2
    7
   15
   14
    1
    7
   18
    7
   16
   19
    1
   18
   14
    8
    7
   13
   19
    3
   12
   16
   16
    9
    1
    6
   12
   16
    7
   11
    1
   11
    6
   12
    1
   17
    2
    1
   15
   20
   13
    1
   16
    9
    9

   0    0    62    638 
   0    1    42    429 
   0    2    40    412 
   0    3    56    576 
   0    4    49    497 
   0    5    65    662 
   0    6    28    285 
   0    7    42    429 
   0    8    36    374 
   0    9    34    351 
   0   10    44    455 
   0   11    35    364 
   0   12    63    642 
   0   13    78    800 
   0   14    51    525 
   0   15    62    636 
   0   16    43    442 
   0   17    54    556 
   0   18    31    323 
   0   19    60    610 
   0   20    51    526 
   0   21    73    748 
   0   22    23    240 
   0   23    56    569 
   0   24    22    227 
   0   25    34    345 
   0   26    63    647 
   0   27    36    368 
   0   28    49    502 
   0   29    40    406 
   0   30    61    626 
   0   31    53    546 
   0   32    49    507 
   0   33    37    383 
   0   34    69    703 
   0   35    37    382 
   0   36    69    702 
   0   37    34    353 
   0   38    35    362 
   0   39    52    529 
   0   40    25    262 
   0   41    50    510 
   0   42    26    273 
   0   43    58    595 
   0   44    66    677 
   0   45    21    217 
   0   46    52    535 
   0   47    22    233 
   0   48    70    712 
   0   49    74    759 
   1    0    25    254 
   1    1    75    762 
   1    2    27    280 
   1    3    27    274 
   1    4    24    250 
   1    5    31    316 
   1    6    35    362 
   1    7    45    458 
   1    8    50    517 
   1    9    46    472 
   1   10    28    287 
   1   11    76    771 
   1   12    33    338 
   1   13    48    488 
   1   14    49    506 
   1   15    55    567 
   1   16    74    757 
   1   17    32    329 
   1   18    33    343 
   1   19    55    563 
   1   20    51    522 
   1   21    42    428 
   1   22    49    507 
   1   23    41    417 
   1   24    32    327 
   1   25    38    395 
   1   26    54    557 
   1   27    20    212 
   1   28    54    551 
   1   29    74    756 
   1   30    53    540 
   1   31    72    740 
   1   32    32    327 
   1   33    45    461 
   1   34    42    433 
   1   35    31    320 
   1   36    45    462 
   1   37    35    356 
   1   38    63    643 
   1   39    74    757 
   1   40    49    503 
   1   41    64    654 
   1   42    49    499 
   1   43    73    745 
   1   44    51    523 
   1   45    41    416 
   1   46    77    787 
   1   47    66    674 
   1   48    52    537 
   1   49    61    621 
   2    0    46    472 
   2    1    64    656 
   2    2    40    414 
   2    3    71    721 
   2    4    58    591 
   2    5    71    723 
   2    6    29    301 
   2    7    76    773 
   2    8    34    351 
   2    9    43    444 
   2   10    71    723 
   2   11    64    650 
   2   12    70    713 
   2   13    61    628 
   2   14    60    614 
   2   15    71    729 
   2   16    38    392 
   2   17    63    644 
   2   18    38    390 
   2   19    36    366 
   2   20    50    515 
   2   21    30    314 
   2   22    26    268 
   2   23    23    234 
   2   24    28    291 
   2   25    30    305 
   2   26    76    776 
   2   27    77    782 
   2   28    39    399 
   2   29    29    302 
   2   30    24    251 
   2   31    68    691 
   2   32    33    338 
   2   33    23    234 
   2   34    63    640 
   2   35    24    244 
   2   36    20    205 
   2   37    35    356 
   2   38    40    414 
   2   39    24    248 
   2   40    35    355 
   2   41    56    577 
   2   42    34    348 
   2   43    22    231 
   2   44    67    687 
   2   45    62    635 
   2   46    51    520 
   2   47    37    385 
   2   48    46    476 
   2   49    40    407 
   3    0    53    547 
   3    1    42    432 
   3    2    48    489 
   3    3    36    374 
   3    4    60    614 
   3    5    21    222 
   3    6    29    299 
   3    7    56    577 
   3    8    43    439 
   3    9    24    252 
   3   10    68    693 
   3   11    29    302 
   3   12    32    331 
   3   13    53    545 
   3   14    38    389 
   3   15    69    709 
   3   16    39    400 
   3   17    25    255 
   3   18    67    683 
   3   19    49    499 
   3   20    24    244 
   3   21    20    207 
   3   22    65    660 
   3   23    50    513 
   3   24    63    641 
   3   25    45    461 
   3   26    66    673 
   3   27    78    794 
   3   28    60    613 
   3   29    52    536 
   3   30    36    374 
   3   31    54    554 
   3   32    61    626 
   3   33    33    344 
   3   34    31    319 
   3   35    22    227 
   3   36    74    757 
   3   37    62    630 
   3   38    57    586 
   3   39    29    295 
   3   40    76    773 
   3   41    56    569 
   3   42    72    740 
   3   43    48    488 
   3   44    53    539 
   3   45    63    646 
   3   46    49    497 
   3   47    71    728 
   3   48    47    477 
   3   49    29    304 
   4    0    78    799 
   4    1    63    640 
   4    2    75    765 
   4    3    47    486 
   4    4    68    699 
   4    5    46    475 
   4    6    78    794 
   4    7    22    229 
   4    8    42    436 
   4    9    66    672 
   4   10    75    764 
   4   11    70    718 
   4   12    73    742 
   4   13    45    464 
   4   14    37    380 
   4   15    55    564 
   4   16    22    226 
   4   17    46    474 
   4   18    72    736 
   4   19    74    753 
   4   20    29    297 
   4   21    19    202 
   4   22    68    699 
   4   23    78    799 
   4   24    70    712 
   4   25    77    784 
   4   26    27    281 
   4   27    73    747 
   4   28    55    559 
   4   29    42    432 
   4   30    24    253 
   4   31    55    563 
   4   32    72    734 
   4   33    39    402 
   4   34    78    792 
   4   35    46    468 
   4   36    24    244 
   4   37    29    298 
   4   38    67    687 
   4   39    29    298 
   4   40    20    210 
   4   41    25    261 
   4   42    51    518 
   4   43    62    638 
   4   44    37    376 
   4   45    71    726 
   4   46    58    596 
   4   47    36    369 
   4   48    60    616 
   4   49    63    648 
   5    0    25    261 
   5    1    67    689 
   5    2    42    432 
   5    3    78    793 
   5    4    73    744 
   5    5    64    657 
   5    6    58    590 
   5    7    32    333 
   5    8    69    703 
   5    9    50    512 
   5   10    74    756 
   5   11    53    541 
   5   12    34    346 
   5   13    63    643 
   5   14    47    486 
   5   15    42    433 
   5   16    29    304 
   5   17    33    338 
   5   18    57    581 
   5   19    72    737 
   5   20    57    579 
   5   21    24    246 
   5   22    37    383 
   5   23    54    548 
   5   24    49    502 
   5   25    20    204 
   5   26    55    558 
   5   27    66    678 
   5   28    59    606 
   5   29    61    623 
   5   30    49    503 
   5   31    70    710 
   5   32    45    465 
   5   33    72    737 
   5   34    74    759 
   5   35    64    653 
   5   36    31    324 
   5   37    51    526 
   5   38    56    570 
   5   39    49    506 
   5   40    75    765 
   5   41    40    407 
   5   42    37    381 
   5   43    21    213 
   5   44    31    320 
   5   45    50    517 
   5   46    23    234 
   5   47    28    290 
   5   48    38    386 
   5   49    21    222 
   6    0    29    302 
   6    1    40    408 
   6    2    49    502 
   6    3    62    637 
   6    4    29    298 
   6    5    27    281 
   6    6    71    727 
   6    7    41    416 
   6    8    69    707 
   6    9    51    524 
   6   10    42    434 
   6   11    39    404 
   6   12    59    602 
   6   13    68    698 
   6   14    57    584 
   6   15    50    509 
   6   16    46    473 
   6   17    48    492 
   6   18    68    692 
   6   19    20    209 
   6   20    64    658 
   6   21    68    692 
   6   22    57    587 
   6   23    77    788 
   6   24    23    240 
   6   25    71    728 
   6   26    67    688 
   6   27    78    799 
   6   28    28    284 
   6   29    23    235 
   6   30    25    254 
   6   31    69    707 
   6   32    39    404 
   6   33    28    285 
   6   34    60    610 
   6   35    52    536 
   6   36    36    367 
   6   37    39    405 
   6   38    50    510 
   6   39    68    696 
   6   40    60    611 
   6   41    75    763 
   6   42    78    795 
   6   43    34    350 
   6   44    57    580 
   6   45    23    241 
   6   46    71    730 
   6   47    35    365 
   6   48    58    593 
   6   49    39    399 
   7    0    54    555 
   7    1    45    465 
   7    2    46    468 
   7    3    69    702 
   7    4    78    800 
   7    5    68    693 
   7    6    55    563 
   7    7    56    572 
   7    8    24    248 
   7    9    34    348 
   7   10    26    266 
   7   11    68    699 
   7   12    28    286 
   7   13    45    464 
   7   14    38    389 
   7   15    70    718 
   7   16    47    486 
   7   17    58    595 
   7   18    26    269 
   7   19    48    487 
   7   20    58    590 
   7   21    63    641 
   7   22    33    341 
   7   23    35    355 
   7   24    37    378 
   7   25    25    255 
   7   26    53    546 
   7   27    53    541 
   7   28    62    632 
   7   29    31    319 
   7   30    58    596 
   7   31    66    674 
   7   32    73    746 
   7   33    31    321 
   7   34    31    319 
   7   35    76    772 
   7   36    46    476 
   7   37    58    591 
   7   38    65    663 
   7   39    65    669 
   7   40    29    296 
   7   41    77    782 
   7   42    78    795 
   7   43    38    387 
   7   44    47    480 
   7   45    47    482 
   7   46    35    360 
   7   47    23    235 
   7   48    73    750 
   7   49    58    595 
   8    0    71    726 
   8    1    22    229 
   8    2    48    492 
   8    3    33    336 
   8    4    25    256 
   8    5    63    645 
   8    6    38    391 
   8    7    55    559 
   8    8    47    477 
   8    9    51    527 
   8   10    54    555 
   8   11    24    246 
   8   12    62    638 
   8   13    75    761 
   8   14    69    700 
   8   15    61    627 
   8   16    72    735 
   8   17    63    644 
   8   18    41    425 
   8   19    51    524 
   8   20    78    792 
   8   21    37    380 
   8   22    40    412 
   8   23    43    445 
   8   24    28    294 
   8   25    25    259 
   8   26    44    451 
   8   27    45    463 
   8   28    46    474 
   8   29    34    347 
   8   30    27    279 
   8   31    35    362 
   8   32    20    210 
   8   33    63    643 
   8   34    21    219 
   8   35    37    381 
   8   36    46    476 
   8   37    49    497 
   8   38    55    563 
   8   39    50    514 
   8   40    21    217 
   8   41    74    758 
   8   42    37    380 
   8   43    52    533 
   8   44    52    531 
   8   45    34    345 
   8   46    56    568 
   8   47    46    471 
   8   48    27    281 
   8   49    50    512 
   9    0    49    500 
   9    1    41    421 
   9    2    56    575 
   9    3    24    246 
   9    4    52    528 
   9    5    43    443 
   9    6    62    632 
   9    7    49    497 
   9    8    37    377 
   9    9    55    567 
   9   10    53    542 
   9   11    39    399 
   9   12    72    732 
   9   13    35    364 
   9   14    37    383 
   9   15    75    762 
   9   16    64    651 
   9   17    36    375 
   9   18    46    468 
   9   19    32    326 
   9   20    47    481 
   9   21    66    675 
   9   22    36    368 
   9   23    71    725 
   9   24    54    554 
   9   25    53    542 
   9   26    70    716 
   9   27    54    550 
   9   28    53    539 
   9   29    52    529 
   9   30    67    680 
   9   31    35    364 
   9   32    76    775 
   9   33    43    439 
   9   34    56    573 
   9   35    46    472 
   9   36    70    718 
   9   37    71    724 
   9   38    53    540 
   9   39    75    763 
   9   40    64    653 
   9   41    57    584 
   9   42    70    714 
   9   43    64    658 
   9   44    55    567 
   9   45    53    543 
   9   46    33    340 
   9   47    34    354 
   9   48    44    455 
   9   49    39    405 
  10    0    36    375 
  10    1    74    757 
  10    2    33    340 
  10    3    68    699 
  10    4    47    484 
  10    5    33    342 
  10    6    52    536 
  10    7    45    464 
  10    8    72    740 
  10    9    72    732 
  10   10    59    603 
  10   11    57    579 
  10   12    51    521 
  10   13    31    323 
  10   14    36    369 
  10   15    30    308 
  10   16    45    460 
  10   17    35    356 
  10   18    76    779 
  10   19    38    392 
  10   20    39    396 
  10   21    58    594 
  10   22    40    409 
  10   23    47    478 
  10   24    53    539 
  10   25    70    717 
  10   26    69    707 
  10   27    24    253 
  10   28    24    248 
  10   29    49    500 
  10   30    68    690 
  10   31    43    445 
  10   32    28    286 
  10   33    61    621 
  10   34    78    794 
  10   35    58    598 
  10   36    27    274 
  10   37    20    205 
  10   38    62    638 
  10   39    65    661 
  10   40    45    465 
  10   41    47    485 
  10   42    23    240 
  10   43    74    757 
  10   44    34    347 
  10   45    33    335 
  10   46    70    712 
  10   47    55    561 
  10   48    78    794 
  10   49    31    321 
  11    0    33    338 
  11    1    67    685 
  11    2    43    442 
  11    3    20    212 
  11    4    50    509 
  11    5    43    438 
  11    6    78    792 
  11    7    76    771 
  11    8    38    390 
  11    9    40    412 
  11   10    42    431 
  11   11    29    298 
  11   12    20    204 
  11   13    68    698 
  11   14    64    658 
  11   15    77    786 
  11   16    72    731 
  11   17    73    746 
  11   18    22    230 
  11   19    46    473 
  11   20    77    788 
  11   21    20    211 
  11   22    65    665 
  11   23    26    269 
  11   24    50    509 
  11   25    37    382 
  11   26    53    545 
  11   27    76    771 
  11   28    49    501 
  11   29    71    727 
  11   30    66    672 
  11   31    22    224 
  11   32    28    288 
  11   33    47    481 
  11   34    49    504 
  11   35    28    287 
  11   36    56    573 
  11   37    20    203 
  11   38    43    443 
  11   39    67    686 
  11   40    40    407 
  11   41    19    202 
  11   42    47    477 
  11   43    77    787 
  11   44    49    497 
  11   45    61    623 
  11   46    39    399 
  11   47    63    642 
  11   48    32    329 
  11   49    66    670 
  12    0    36    370 
  12    1    51    527 
  12    2    24    247 
  12    3    75    766 
  12    4    61    622 
  12    5    23    237 
  12    6    46    470 
  12    7    55    566 
  12    8    78    795 
  12    9    58    590 
  12   10    73    744 
  12   11    53    539 
  12   12    38    387 
  12   13    44    447 
  12   14    71    722 
  12   15    52    532 
  12   16    52    535 
  12   17    67    685 
  12   18    72    732 
  12   19    64    652 
  12   20    25    262 
  12   21    27    274 
  12   22    73    749 
  12   23    31    315 
  12   24    41    416 
  12   25    38    395 
  12   26    30    309 
  12   27    50    512 
  12   28    27    276 
  12   29    41    417 
  12   30    76    772 
  12   31    19    202 
  12   32    29    296 
  12   33    42    430 
  12   34    63    640 
  12   35    31    317 
  12   36    49    507 
  12   37    20    208 
  12   38    43    446 
  12   39    39    403 
  12   40    60    618 
  12   41    42    436 
  12   42    28    293 
  12   43    21    218 
  12   44    51    520 
  12   45    76    776 
  12   46    56    569 
  12   47    70    719 
  12   48    66    670 
  12   49    51    518 
  13    0    43    446 
  13    1    45    461 
  13    2    74    760 
  13    3    24    247 
  13    4    57    583 
  13    5    30    309 
  13    6    45    462 
  13    7    40    407 
  13    8    39    404 
  13    9    50    513 
  13   10    44    449 
  13   11    59    604 
  13   12    29    303 
  13   13    46    473 
  13   14    66    676 
  13   15    42    434 
  13   16    48    494 
  13   17    28    291 
  13   18    50    512 
  13   19    54    553 
  13   20    24    251 
  13   21    50    517 
  13   22    28    290 
  13   23    70    715 
  13   24    33    335 
  13   25    77    784 
  13   26    21    214 
  13   27    62    636 
  13   28    41    416 
  13   29    36    367 
  13   30    56    570 
  13   31    20    211 
  13   32    61    626 
  13   33    25    259 
  13   34    32    325 
  13   35    37    376 
  13   36    67    682 
  13   37    69    702 
  13   38    37    382 
  13   39    68    696 
  13   40    27    278 
  13   41    42    432 
  13   42    75    765 
  13   43    77    789 
  13   44    28    285 
  13   45    22    230 
  13   46    78    793 
  13   47    52    534 
  13   48    66    672 
  13   49    56    568 
  14    0    25    256 
  14    1    43    446 
  14    2    66    674 
  14    3    39    404 
  14    4    55    559 
  14    5    47    486 
  14    6    77    789 
  14    7    45    457 
  14    8    35    359 
  14    9    34    347 
  14   10    25    259 
  14   11    35    358 
  14   12    38    394 
  14   13    29    297 
  14   14    30    311 
  14   15    60    613 
  14   16    65    665 
  14   17    38    386 
  14   18    36    367 
  14   19    53    540 
  14   20    37    385 
  14   21    69    702 
  14   22    26    273 
  14   23    49    505 
  14   24    20    206 
  14   25    52    536 
  14   26    62    629 
  14   27    37    378 
  14   28    44    451 
  14   29    59    599 
  14   30    78    793 
  14   31    28    287 
  14   32    54    557 
  14   33    21    217 
  14   34    50    508 
  14   35    45    465 
  14   36    51    521 
  14   37    42    428 
  14   38    30    306 
  14   39    65    660 
  14   40    40    408 
  14   41    48    494 
  14   42    54    552 
  14   43    41    419 
  14   44    73    743 
  14   45    54    556 
  14   46    58    591 
  14   47    48    489 
  14   48    49    507 
  14   49    62    637 
  15    0    27    277 
  15    1    70    716 
  15    2    54    548 
  15    3    22    232 
  15    4    65    665 
  15    5    30    312 
  15    6    74    760 
  15    7    52    535 
  15    8    72    735 
  15    9    34    351 
  15   10    74    760 
  15   11    31    322 
  15   12    69    700 
  15   13    29    303 
  15   14    42    428 
  15   15    73    748 
  15   16    71    724 
  15   17    58    595 
  15   18    62    632 
  15   19    71    730 
  15   20    46    473 
  15   21    57    586 
  15   22    66    672 
  15   23    43    438 
  15   24    26    270 
  15   25    59    608 
  15   26    27    280 
  15   27    55    565 
  15   28    34    346 
  15   29    50    516 
  15   30    37    378 
  15   31    46    471 
  15   32    50    511 
  15   33    66    678 
  15   34    21    214 
  15   35    45    457 
  15   36    73    749 
  15   37    20    205 
  15   38    50    516 
  15   39    30    308 
  15   40    40    408 
  15   41    53    542 
  15   42    62    631 
  15   43    66    678 
  15   44    75    767 
  15   45    74    760 
  15   46    41    422 
  15   47    23    234 
  15   48    26    264 
  15   49    39    396 
  16    0    60    614 
  16    1    19    202 
  16    2    71    721 
  16    3    25    260 
  16    4    61    628 
  16    5    40    409 
  16    6    30    306 
  16    7    75    765 
  16    8    50    516 
  16    9    62    636 
  16   10    23    243 
  16   11    34    349 
  16   12    51    519 
  16   13    76    778 
  16   14    36    374 
  16   15    51    519 
  16   16    39    399 
  16   17    25    255 
  16   18    65    666 
  16   19    72    737 
  16   20    27    282 
  16   21    21    218 
  16   22    42    429 
  16   23    21    213 
  16   24    30    308 
  16   25    39    403 
  16   26    69    702 
  16   27    50    512 
  16   28    74    751 
  16   29    70    720 
  16   30    27    281 
  16   31    72    739 
  16   32    64    657 
  16   33    49    507 
  16   34    38    388 
  16   35    78    793 
  16   36    31    324 
  16   37    60    615 
  16   38    71    729 
  16   39    70    720 
  16   40    44    455 
  16   41    29    304 
  16   42    25    259 
  16   43    72    732 
  16   44    55    564 
  16   45    56    572 
  16   46    73    747 
  16   47    37    376 
  16   48    71    730 
  16   49    71    729 
  17    0    48    491 
  17    1    28    288 
  17    2    56    576 
  17    3    28    292 
  17    4    74    756 
  17    5    72    733 
  17    6    77    790 
  17    7    73    745 
  17    8    73    744 
  17    9    38    388 
  17   10    77    791 
  17   11    61    619 
  17   12    77    787 
  17   13    72    740 
  17   14    47    481 
  17   15    37    384 
  17   16    56    572 
  17   17    45    466 
  17   18    71    721 
  17   19    60    614 
  17   20    48    496 
  17   21    70    718 
  17   22    70    714 
  17   23    71    727 
  17   24    57    585 
  17   25    20    206 
  17   26    48    489 
  17   27    66    675 
  17   28    47    485 
  17   29    42    430 
  17   30    43    442 
  17   31    39    399 
  17   32    22    232 
  17   33    66    674 
  17   34    70    712 
  17   35    52    535 
  17   36    22    233 
  17   37    24    251 
  17   38    24    253 
  17   39    64    656 
  17   40    77    783 
  17   41    52    533 
  17   42    48    487 
  17   43    41    416 
  17   44    36    366 
  17   45    43    444 
  17   46    57    585 
  17   47    22    226 
  17   48    49    506 
  17   49    78    793 
  18    0    39    401 
  18    1    25    258 
  18    2    73    745 
  18    3    69    704 
  18    4    59    606 
  18    5    47    483 
  18    6    48    489 
  18    7    48    491 
  18    8    23    240 
  18    9    33    343 
  18   10    33    337 
  18   11    32    332 
  18   12    40    414 
  18   13    29    299 
  18   14    42    432 
  18   15    66    675 
  18   16    31    316 
  18   17    63    646 
  18   18    78    800 
  18   19    52    536 
  18   20    62    634 
  18   21    42    428 
  18   22    31    322 
  18   23    37    377 
  18   24    71    726 
  18   25    28    286 
  18   26    43    441 
  18   27    27    282 
  18   28    72    738 
  18   29    24    246 
  18   30    54    552 
  18   31    76    771 
  18   32    34    347 
  18   33    26    267 
  18   34    29    299 
  18   35    37    380 
  18   36    76    773 
  18   37    65    661 
  18   38    33    344 
  18   39    23    243 
  18   40    40    415 
  18   41    63    646 
  18   42    22    225 
  18   43    63    639 
  18   44    77    791 
  18   45    70    712 
  18   46    66    677 
  18   47    69    707 
  18   48    23    240 
  18   49    55    562 
  19    0    24    253 
  19    1    42    426 
  19    2    41    418 
  19    3    76    774 
  19    4    31    318 
  19    5    45    466 
  19    6    27    278 
  19    7    35    358 
  19    8    37    378 
  19    9    38    388 
  19   10    54    549 
  19   11    44    454 
  19   12    68    696 
  19   13    47    486 
  19   14    36    368 
  19   15    72    738 
  19   16    46    473 
  19   17    40    410 
  19   18    25    263 
  19   19    39    398 
  19   20    76    771 
  19   21    66    670 
  19   22    37    384 
  19   23    47    484 
  19   24    77    791 
  19   25    48    487 
  19   26    32    332 
  19   27    50    513 
  19   28    45    461 
  19   29    51    526 
  19   30    41    421 
  19   31    22    224 
  19   32    70    713 
  19   33    28    292 
  19   34    64    651 
  19   35    42    428 
  19   36    44    456 
  19   37    59    606 
  19   38    33    338 
  19   39    41    424 
  19   40    51    523 
  19   41    36    366 
  19   42    68    697 
  19   43    69    708 
  19   44    55    567 
  19   45    22    225 
  19   46    23    240 
  19   47    50    517 
  19   48    24    245 
  19   49    57    584 
  20    0    62    629 
  20    1    70    715 
  20    2    48    495 
  20    3    50    514 
  20    4    72    740 
  20    5    25    255 
  20    6    30    306 
  20    7    25    262 
  20    8    42    435 
  20    9    50    515 
  20   10    43    438 
  20   11    37    376 
  20   12    52    533 
  20   13    41    418 
  20   14    74    756 
  20   15    25    259 
  20   16    43    443 
  20   17    62    635 
  20   18    63    642 
  20   19    53    541 
  20   20    29    299 
  20   21    56    571 
  20   22    41    422 
  20   23    45    465 
  20   24    49    499 
  20   25    36    373 
  20   26    60    617 
  20   27    49    503 
  20   28    69    709 
  20   29    54    548 
  20   30    78    797 
  20   31    72    737 
  20   32    30    313 
  20   33    66    678 
  20   34    62    630 
  20   35    49    498 
  20   36    29    301 
  20   37    32    334 
  20   38    47    481 
  20   39    35    363 
  20   40    78    796 
  20   41    74    754 
  20   42    27    281 
  20   43    38    389 
  20   44    52    535 
  20   45    69    702 
  20   46    53    538 
  20   47    49    500 
  20   48    25    261 
  20   49    36    374 
  21    0    42    429 
  21    1    47    480 
  21    2    48    494 
  21    3    25    262 
  21    4    59    600 
  21    5    65    664 
  21    6    36    371 
  21    7    74    754 
  21    8    36    367 
  21    9    45    466 
  21   10    36    373 
  21   11    51    523 
  21   12    39    398 
  21   13    48    488 
  21   14    31    319 
  21   15    68    693 
  21   16    67    681 
  21   17    61    627 
  21   18    25    259 
  21   19    72    736 
  21   20    36    369 
  21   21    37    376 
  21   22    37    378 
  21   23    47    485 
  21   24    50    511 
  21   25    28    294 
  21   26    40    411 
  21   27    63    643 
  21   28    32    333 
  21   29    30    313 
  21   30    71    727 
  21   31    52    535 
  21   32    49    503 
  21   33    25    255 
  21   34    58    595 
  21   35    68    690 
  21   36    77    784 
  21   37    71    726 
  21   38    56    569 
  21   39    25    261 
  21   40    41    423 
  21   41    70    718 
  21   42    56    576 
  21   43    42    429 
  21   44    37    382 
  21   45    35    362 
  21   46    59    600 
  21   47    63    645 
  21   48    39    401 
  21   49    52    537 
  22    0    64    656 
  22    1    27    278 
  22    2    31    317 
  22    3    77    788 
  22    4    71    730 
  22    5    27    276 
  22    6    37    381 
  22    7    30    311 
  22    8    42    429 
  22    9    32    332 
  22   10    46    476 
  22   11    57    587 
  22   12    51    527 
  22   13    33    340 
  22   14    58    596 
  22   15    75    764 
  22   16    66    673 
  22   17    66    676 
  22   18    75    765 
  22   19    42    431 
  22   20    58    589 
  22   21    41    417 
  22   22    76    775 
  22   23    51    518 
  22   24    55    566 
  22   25    20    204 
  22   26    36    374 
  22   27    62    638 
  22   28    65    666 
  22   29    26    270 
  22   30    66    676 
  22   31    62    635 
  22   32    32    329 
  22   33    44    449 
  22   34    77    787 
  22   35    37    385 
  22   36    54    550 
  22   37    22    229 
  22   38    55    564 
  22   39    28    287 
  22   40    61    624 
  22   41    46    469 
  22   42    75    765 
  22   43    41    422 
  22   44    30    308 
  22   45    31    323 
  22   46    34    347 
  22   47    71    726 
  22   48    72    738 
  22   49    75    768 
  23    0    69    709 
  23    1    20    204 
  23    2    70    710 
  23    3    77    790 
  23    4    39    402 
  23    5    26    271 
  23    6    47    480 
  23    7    38    392 
  23    8    39    401 
  23    9    46    467 
  23   10    48    494 
  23   11    32    326 
  23   12    51    523 
  23   13    63    645 
  23   14    48    493 
  23   15    28    284 
  23   16    77    789 
  23   17    36    371 
  23   18    46    469 
  23   19    54    554 
  23   20    76    779 
  23   21    51    527 
  23   22    65    660 
  23   23    49    502 
  23   24    22    227 
  23   25    75    766 
  23   26    57    581 
  23   27    26    268 
  23   28    23    241 
  23   29    25    263 
  23   30    25    255 
  23   31    59    607 
  23   32    57    586 
  23   33    53    542 
  23   34    75    765 
  23   35    76    772 
  23   36    35    364 
  23   37    21    215 
  23   38    78    793 
  23   39    54    548 
  23   40    26    265 
  23   41    21    218 
  23   42    21    219 
  23   43    47    480 
  23   44    40    409 
  23   45    73    749 
  23   46    31    321 
  23   47    59    602 
  23   48    61    626 
  23   49    78    793 
  24    0    68    698 
  24    1    70    710 
  24    2    38    392 
  24    3    64    653 
  24    4    58    594 
  24    5    73    748 
  24    6    35    357 
  24    7    22    233 
  24    8    77    786 
  24    9    62    637 
  24   10    40    410 
  24   11    27    275 
  24   12    45    459 
  24   13    68    699 
  24   14    45    457 
  24   15    46    467 
  24   16    73    741 
  24   17    74    751 
  24   18    39    396 
  24   19    23    240 
  24   20    45    462 
  24   21    56    575 
  24   22    42    433 
  24   23    61    619 
  24   24    43    441 
  24   25    21    220 
  24   26    41    418 
  24   27    46    470 
  24   28    75    763 
  24   29    41    424 
  24   30    67    689 
  24   31    55    567 
  24   32    73    742 
  24   33    54    554 
  24   34    46    476 
  24   35    78    798 
  24   36    70    714 
  24   37    32    326 
  24   38    61    621 
  24   39    45    462 
  24   40    28    284 
  24   41    53    545 
  24   42    31    318 
  24   43    64    658 
  24   44    23    236 
  24   45    32    329 
  24   46    43    444 
  24   47    52    537 
  24   48    48    495 
  24   49    63    649 
  25    0    52    532 
  25    1    40    410 
  25    2    26    272 
  25    3    57    587 
  25    4    28    287 
  25    5    34    349 
  25    6    39    402 
  25    7    67    685 
  25    8    56    568 
  25    9    38    393 
  25   10    38    389 
  25   11    77    785 
  25   12    25    258 
  25   13    70    716 
  25   14    48    493 
  25   15    63    648 
  25   16    23    235 
  25   17    35    358 
  25   18    46    471 
  25   19    70    713 
  25   20    56    577 
  25   21    46    469 
  25   22    30    312 
  25   23    71    727 
  25   24    24    251 
  25   25    61    622 
  25   26    24    244 
  25   27    24    248 
  25   28    75    761 
  25   29    20    206 
  25   30    32    325 
  25   31    20    211 
  25   32    67    689 
  25   33    35    365 
  25   34    70    718 
  25   35    69    703 
  25   36    75    762 
  25   37    50    512 
  25   38    40    413 
  25   39    68    694 
  25   40    23    236 
  25   41    43    443 
  25   42    76    771 
  25   43    62    637 
  25   44    78    793 
  25   45    55    558 
  25   46    64    656 
  25   47    23    234 
  25   48    65    664 
  25   49    43    443 
  26    0    51    519 
  26    1    32    332 
  26    2    46    472 
  26    3    48    490 
  26    4    25    255 
  26    5    50    513 
  26    6    42    426 
  26    7    45    466 
  26    8    56    568 
  26    9    26    273 
  26   10    52    534 
  26   11    39    404 
  26   12    70    711 
  26   13    51    521 
  26   14    44    454 
  26   15    58    598 
  26   16    20    205 
  26   17    67    682 
  26   18    49    504 
  26   19    49    503 
  26   20    64    653 
  26   21    39    402 
  26   22    78    796 
  26   23    39    405 
  26   24    21    217 
  26   25    39    402 
  26   26    23    239 
  26   27    31    316 
  26   28    28    284 
  26   29    71    721 
  26   30    51    518 
  26   31    27    275 
  26   32    58    591 
  26   33    29    302 
  26   34    60    617 
  26   35    20    205 
  26   36    48    487 
  26   37    28    285 
  26   38    69    708 
  26   39    65    663 
  26   40    70    713 
  26   41    50    513 
  26   42    41    418 
  26   43    38    387 
  26   44    47    485 
  26   45    64    654 
  26   46    51    524 
  26   47    22    233 
  26   48    70    714 
  26   49    59    602 
  27    0    61    627 
  27    1    61    626 
  27    2    53    540 
  27    3    41    416 
  27    4    56    575 
  27    5    54    552 
  27    6    31    321 
  27    7    44    449 
  27    8    51    522 
  27    9    58    598 
  27   10    35    364 
  27   11    35    364 
  27   12    33    343 
  27   13    44    451 
  27   14    75    762 
  27   15    51    521 
  27   16    54    552 
  27   17    27    277 
  27   18    66    673 
  27   19    24    246 
  27   20    28    292 
  27   21    41    425 
  27   22    46    472 
  27   23    42    427 
  27   24    28    294 
  27   25    28    286 
  27   26    71    723 
  27   27    41    421 
  27   28    63    639 
  27   29    73    742 
  27   30    37    385 
  27   31    45    465 
  27   32    24    245 
  27   33    33    338 
  27   34    58    592 
  27   35    52    535 
  27   36    54    553 
  27   37    20    210 
  27   38    27    274 
  27   39    52    531 
  27   40    64    655 
  27   41    22    226 
  27   42    59    602 
  27   43    21    219 
  27   44    27    277 
  27   45    25    256 
  27   46    77    789 
  27   47    23    236 
  27   48    44    455 
  27   49    75    761 
  28    0    34    348 
  28    1    38    393 
  28    2    70    711 
  28    3    33    340 
  28    4    54    550 
  28    5    36    369 
  28    6    72    736 
  28    7    60    617 
  28    8    56    568 
  28    9    36    372 
  28   10    46    473 
  28   11    46    476 
  28   12    63    648 
  28   13    27    280 
  28   14    33    339 
  28   15    33    342 
  28   16    52    536 
  28   17    65    669 
  28   18    40    412 
  28   19    61    628 
  28   20    48    493 
  28   21    36    375 
  28   22    61    626 
  28   23    77    785 
  28   24    48    491 
  28   25    60    616 
  28   26    72    733 
  28   27    70    716 
  28   28    47    484 
  28   29    78    792 
  28   30    61    619 
  28   31    59    607 
  28   32    65    666 
  28   33    28    286 
  28   34    42    426 
  28   35    27    282 
  28   36    77    789 
  28   37    32    333 
  28   38    25    262 
  28   39    44    454 
  28   40    53    546 
  28   41    52    536 
  28   42    54    549 
  28   43    35    365 
  28   44    20    212 
  28   45    60    610 
  28   46    48    490 
  28   47    49    500 
  28   48    28    284 
  28   49    56    575 
  29    0    39    396 
  29    1    30    305 
  29    2    52    532 
  29    3    28    290 
  29    4    53    544 
  29    5    31    322 
  29    6    32    333 
  29    7    72    737 
  29    8    50    512 
  29    9    30    314 
  29   10    19    200 
  29   11    78    793 
  29   12    19    200 
  29   13    29    299 
  29   14    57    582 
  29   15    45    457 
  29   16    23    236 
  29   17    32    327 
  29   18    39    401 
  29   19    30    314 
  29   20    78    800 
  29   21    36    374 
  29   22    41    423 
  29   23    49    506 
  29   24    68    692 
  29   25    35    365 
  29   26    24    245 
  29   27    78    794 
  29   28    33    340 
  29   29    42    428 
  29   30    49    503 
  29   31    71    722 
  29   32    64    655 
  29   33    62    633 
  29   34    48    489 
  29   35    22    224 
  29   36    54    552 
  29   37    47    483 
  29   38    55    560 
  29   39    23    242 
  29   40    20    207 
  29   41    72    739 
  29   42    65    660 
  29   43    59    600 
  29   44    24    244 
  29   45    33    335 
  29   46    68    699 
  29   47    69    709 
  29   48    26    270 
  29   49    76    776 
  30    0    72    739 
  30    1    54    552 
  30    2    46    476 
  30    3    72    739 
  30    4    40    407 
  30    5    57    584 
  30    6    39    405 
  30    7    59    606 
  30    8    38    393 
  30    9    73    750 
  30   10    24    253 
  30   11    63    648 
  30   12    51    526 
  30   13    78    799 
  30   14    37    385 
  30   15    76    771 
  30   16    22    229 
  30   17    43    444 
  30   18    58    595 
  30   19    31    321 
  30   20    29    296 
  30   21    66    678 
  30   22    28    288 
  30   23    27    276 
  30   24    76    778 
  30   25    26    264 
  30   26    39    402 
  30   27    42    427 
  30   28    56    569 
  30   29    32    328 
  30   30    29    304 
  30   31    58    592 
  30   32    71    725 
  30   33    39    400 
  30   34    44    454 
  30   35    74    753 
  30   36    28    286 
  30   37    57    579 
  30   38    26    266 
  30   39    24    245 
  30   40    32    330 
  30   41    62    637 
  30   42    33    339 
  30   43    56    578 
  30   44    43    441 
  30   45    62    630 
  30   46    53    543 
  30   47    70    711 
  30   48    49    503 
  30   49    53    540 
  31    0    72    735 
  31    1    66    679 
  31    2    58    596 
  31    3    70    718 
  31    4    57    585 
  31    5    40    413 
  31    6    35    356 
  31    7    41    419 
  31    8    66    673 
  31    9    55    560 
  31   10    77    789 
  31   11    24    253 
  31   12    61    622 
  31   13    72    738 
  31   14    55    561 
  31   15    61    627 
  31   16    52    531 
  31   17    54    552 
  31   18    59    607 
  31   19    43    437 
  31   20    55    558 
  31   21    69    700 
  31   22    60    614 
  31   23    63    645 
  31   24    50    513 
  31   25    53    541 
  31   26    48    493 
  31   27    43    437 
  31   28    47    477 
  31   29    29    301 
  31   30    27    280 
  31   31    70    711 
  31   32    46    473 
  31   33    68    699 
  31   34    57    580 
  31   35    68    693 
  31   36    28    287 
  31   37    43    438 
  31   38    41    425 
  31   39    72    731 
  31   40    27    283 
  31   41    21    220 
  31   42    35    364 
  31   43    60    615 
  31   44    56    578 
  31   45    28    292 
  31   46    67    680 
  31   47    22    233 
  31   48    55    561 
  31   49    62    630 
  32    0    57    579 
  32    1    52    528 
  32    2    23    238 
  32    3    57    588 
  32    4    33    342 
  32    5    56    577 
  32    6    45    463 
  32    7    35    357 
  32    8    47    480 
  32    9    28    289 
  32   10    68    698 
  32   11    21    222 
  32   12    61    623 
  32   13    49    505 
  32   14    30    309 
  32   15    41    425 
  32   16    71    724 
  32   17    40    410 
  32   18    26    266 
  32   19    71    727 
  32   20    23    234 
  32   21    27    276 
  32   22    57    588 
  32   23    41    422 
  32   24    22    227 
  32   25    50    508 
  32   26    31    321 
  32   27    61    619 
  32   28    35    365 
  32   29    53    546 
  32   30    48    493 
  32   31    31    323 
  32   32    45    457 
  32   33    43    442 
  32   34    33    341 
  32   35    26    270 
  32   36    68    695 
  32   37    52    528 
  32   38    28    286 
  32   39    43    438 
  32   40    65    669 
  32   41    64    653 
  32   42    72    733 
  32   43    43    437 
  32   44    20    212 
  32   45    36    366 
  32   46    54    551 
  32   47    56    573 
  32   48    19    200 
  32   49    71    729 
  33    0    45    464 
  33    1    64    656 
  33    2    51    523 
  33    3    78    798 
  33    4    38    394 
  33    5    70    713 
  33    6    54    551 
  33    7    58    596 
  33    8    27    275 
  33    9    28    284 
  33   10    40    412 
  33   11    46    468 
  33   12    64    650 
  33   13    21    214 
  33   14    66    677 
  33   15    47    478 
  33   16    28    293 
  33   17    24    251 
  33   18    47    478 
  33   19    28    284 
  33   20    72    737 
  33   21    65    663 
  33   22    30    307 
  33   23    34    354 
  33   24    66    671 
  33   25    78    800 
  33   26    74    757 
  33   27    36    374 
  33   28    64    653 
  33   29    41    417 
  33   30    67    681 
  33   31    49    503 
  33   32    74    757 
  33   33    39    400 
  33   34    52    537 
  33   35    38    386 
  33   36    62    635 
  33   37    38    394 
  33   38    20    204 
  33   39    49    503 
  33   40    47    481 
  33   41    44    454 
  33   42    40    415 
  33   43    41    424 
  33   44    55    558 
  33   45    32    326 
  33   46    59    600 
  33   47    46    472 
  33   48    38    393 
  33   49    34    353 
  34    0    60    610 
  34    1    77    786 
  34    2    25    262 
  34    3    37    384 
  34    4    53    544 
  34    5    38    391 
  34    6    78    794 
  34    7    46    475 
  34    8    33    335 
  34    9    60    617 
  34   10    46    471 
  34   11    72    734 
  34   12    43    446 
  34   13    51    523 
  34   14    63    641 
  34   15    30    312 
  34   16    45    464 
  34   17    70    716 
  34   18    23    243 
  34   19    63    641 
  34   20    29    298 
  34   21    55    565 
  34   22    28    286 
  34   23    65    667 
  34   24    27    280 
  34   25    72    739 
  34   26    40    408 
  34   27    74    756 
  34   28    36    372 
  34   29    36    367 
  34   30    26    273 
  34   31    58    595 
  34   32    20    205 
  34   33    23    237 
  34   34    67    686 
  34   35    45    459 
  34   36    64    652 
  34   37    40    409 
  34   38    45    457 
  34   39    31    317 
  34   40    36    366 
  34   41    24    246 
  34   42    54    556 
  34   43    58    597 
  34   44    30    305 
  34   45    50    513 
  34   46    73    745 
  34   47    39    396 
  34   48    45    461 
  34   49    45    464 
  35    0    66    672 
  35    1    23    243 
  35    2    60    611 
  35    3    61    624 
  35    4    50    514 
  35    5    68    692 
  35    6    21    221 
  35    7    24    251 
  35    8    78    793 
  35    9    41    416 
  35   10    31    321 
  35   11    24    244 
  35   12    35    360 
  35   13    28    286 
  35   14    48    492 
  35   15    41    424 
  35   16    34    346 
  35   17    32    325 
  35   18    30    314 
  35   19    49    502 
  35   20    73    750 
  35   21    77    781 
  35   22    45    465 
  35   23    44    453 
  35   24    62    631 
  35   25    29    298 
  35   26    32    334 
  35   27    30    308 
  35   28    73    744 
  35   29    76    776 
  35   30    42    426 
  35   31    31    320 
  35   32    71    722 
  35   33    74    751 
  35   34    46    474 
  35   35    36    373 
  35   36    39    403 
  35   37    46    469 
  35   38    44    456 
  35   39    46    470 
  35   40    55    567 
  35   41    37    376 
  35   42    55    559 
  35   43    59    606 
  35   44    74    752 
  35   45    75    763 
  35   46    59    607 
  35   47    41    421 
  35   48    61    621 
  35   49    35    355 
  36    0    59    600 
  36    1    21    220 
  36    2    54    550 
  36    3    70    720 
  36    4    26    272 
  36    5    34    348 
  36    6    78    798 
  36    7    76    774 
  36    8    78    794 
  36    9    75    765 
  36   10    24    247 
  36   11    62    632 
  36   12    53    538 
  36   13    40    407 
  36   14    75    769 
  36   15    74    755 
  36   16    56    578 
  36   17    21    214 
  36   18    32    331 
  36   19    73    741 
  36   20    61    623 
  36   21    44    455 
  36   22    78    792 
  36   23    54    552 
  36   24    54    548 
  36   25    54    548 
  36   26    27    279 
  36   27    49    505 
  36   28    59    601 
  36   29    42    431 
  36   30    30    314 
  36   31    63    648 
  36   32    32    330 
  36   33    49    503 
  36   34    21    214 
  36   35    35    363 
  36   36    61    626 
  36   37    78    794 
  36   38    66    672 
  36   39    33    342 
  36   40    54    554 
  36   41    75    762 
  36   42    27    283 
  36   43    50    517 
  36   44    39    403 
  36   45    76    774 
  36   46    39    396 
  36   47    68    692 
  36   48    55    563 
  36   49    64    657 
  37    0    31    316 
  37    1    66    676 
  37    2    66    672 
  37    3    46    471 
  37    4    49    501 
  37    5    32    327 
  37    6    73    741 
  37    7    24    245 
  37    8    67    682 
  37    9    61    626 
  37   10    23    235 
  37   11    67    689 
  37   12    37    382 
  37   13    48    490 
  37   14    27    281 
  37   15    56    572 
  37   16    62    630 
  37   17    75    768 
  37   18    55    563 
  37   19    48    491 
  37   20    50    510 
  37   21    59    601 
  37   22    49    498 
  37   23    47    486 
  37   24    63    640 
  37   25    57    585 
  37   26    24    252 
  37   27    55    560 
  37   28    77    786 
  37   29    46    469 
  37   30    25    254 
  37   31    53    546 
  37   32    28    287 
  37   33    77    791 
  37   34    23    239 
  37   35    72    738 
  37   36    30    307 
  37   37    58    590 
  37   38    58    594 
  37   39    20    212 
  37   40    36    371 
  37   41    62    635 
  37   42    46    470 
  37   43    43    439 
  37   44    68    698 
  37   45    37    382 
  37   46    49    499 
  37   47    68    697 
  37   48    77    790 
  37   49    75    763 
  38    0    34    345 
  38    1    28    287 
  38    2    67    680 
  38    3    26    270 
  38    4    42    435 
  38    5    25    262 
  38    6    71    725 
  38    7    29    302 
  38    8    28    287 
  38    9    36    371 
  38   10    74    759 
  38   11    29    297 
  38   12    20    203 
  38   13    65    665 
  38   14    72    731 
  38   15    62    630 
  38   16    21    213 
  38   17    21    221 
  38   18    33    340 
  38   19    52    528 
  38   20    57    583 
  38   21    57    582 
  38   22    34    352 
  38   23    52    530 
  38   24    48    489 
  38   25    72    735 
  38   26    27    280 
  38   27    57    586 
  38   28    57    584 
  38   29    31    317 
  38   30    24    248 
  38   31    28    292 
  38   32    22    232 
  38   33    60    616 
  38   34    71    730 
  38   35    76    777 
  38   36    32    328 
  38   37    25    263 
  38   38    75    767 
  38   39    47    486 
  38   40    72    735 
  38   41    78    794 
  38   42    75    765 
  38   43    76    773 
  38   44    56    573 
  38   45    66    677 
  38   46    26    266 
  38   47    21    222 
  38   48    22    225 
  38   49    29    300 
  39    0    75    764 
  39    1    22    230 
  39    2    77    788 
  39    3    61    626 
  39    4    69    701 
  39    5    50    510 
  39    6    66    674 
  39    7    20    207 
  39    8    35    358 
  39    9    20    203 
  39   10    59    602 
  39   11    56    575 
  39   12    28    292 
  39   13    66    675 
  39   14    50    509 
  39   15    44    454 
  39   16    29    295 
  39   17    57    586 
  39   18    63    639 
  39   19    70    716 
  39   20    63    639 
  39   21    39    404 
  39   22    35    358 
  39   23    27    276 
  39   24    39    403 
  39   25    41    418 
  39   26    41    422 
  39   27    68    694 
  39   28    72    736 
  39   29    42    428 
  39   30    29    298 
  39   31    49    502 
  39   32    64    659 
  39   33    73    745 
  39   34    49    505 
  39   35    65    668 
  39   36    19    202 
  39   37    65    661 
  39   38    51    520 
  39   39    71    728 
  39   40    74    757 
  39   41    77    783 
  39   42    73    750 
  39   43    54    555 
  39   44    62    629 
  39   45    44    456 
  39   46    56    570 
  39   47    21    220 
  39   48    29    303 
  39   49    63    639 
  40    0    43    438 
  40    1    23    237 
  40    2    76    777 
  40    3    69    701 
  40    4    29    295 
  40    5    55    564 
  40    6    58    592 
  40    7    51    518 
  40    8    50    510 
  40    9    64    652 
  40   10    30    310 
  40   11    72    740 
  40   12    67    689 
  40   13    63    646 
  40   14    67    684 
  40   15    46    475 
  40   16    40    412 
  40   17    58    592 
  40   18    28    287 
  40   19    37    382 
  40   20    42    431 
  40   21    56    570 
  40   22    73    742 
  40   23    61    628 
  40   24    22    230 
  40   25    40    414 
  40   26    31    322 
  40   27    46    467 
  40   28    37    384 
  40   29    28    284 
  40   30    22    230 
  40   31    40    406 
  40   32    48    496 
  40   33    21    213 
  40   34    59    606 
  40   35    38    390 
  40   36    49    507 
  40   37    31    324 
  40   38    50    509 
  40   39    28    286 
  40   40    22    232 
  40   41    61    621 
  40   42    71    724 
  40   43    29    301 
  40   44    21    214 
  40   45    78    792 
  40   46    69    701 
  40   47    26    270 
  40   48    45    457 
  40   49    61    626 
  41    0    51    519 
  41    1    44    448 
  41    2    23    238 
  41    3    64    650 
  41    4    28    293 
  41    5    48    488 
  41    6    45    465 
  41    7    41    423 
  41    8    42    434 
  41    9    50    515 
  41   10    56    569 
  41   11    72    734 
  41   12    26    268 
  41   13    59    600 
  41   14    52    536 
  41   15    38    393 
  41   16    70    714 
  41   17    22    231 
  41   18    34    352 
  41   19    33    344 
  41   20    30    310 
  41   21    48    492 
  41   22    36    370 
  41   23    43    441 
  41   24    32    329 
  41   25    51    521 
  41   26    37    381 
  41   27    39    404 
  41   28    59    606 
  41   29    72    737 
  41   30    41    425 
  41   31    29    299 
  41   32    38    395 
  41   33    34    347 
  41   34    62    629 
  41   35    39    400 
  41   36    39    397 
  41   37    54    556 
  41   38    33    338 
  41   39    35    359 
  41   40    49    497 
  41   41    62    635 
  41   42    53    542 
  41   43    37    383 
  41   44    69    700 
  41   45    76    780 
  41   46    40    409 
  41   47    62    633 
  41   48    41    420 
  41   49    54    556 
  42    0    40    415 
  42    1    44    451 
  42    2    54    556 
  42    3    45    465 
  42    4    33    343 
  42    5    73    742 
  42    6    68    699 
  42    7    62    634 
  42    8    28    291 
  42    9    38    386 
  42   10    71    728 
  42   11    68    697 
  42   12    56    573 
  42   13    39    396 
  42   14    53    545 
  42   15    36    366 
  42   16    56    571 
  42   17    65    668 
  42   18    26    271 
  42   19    46    468 
  42   20    73    747 
  42   21    41    421 
  42   22    25    261 
  42   23    42    433 
  42   24    31    317 
  42   25    44    452 
  42   26    66    671 
  42   27    28    286 
  42   28    45    461 
  42   29    29    299 
  42   30    45    466 
  42   31    66    670 
  42   32    38    390 
  42   33    46    476 
  42   34    68    694 
  42   35    73    750 
  42   36    63    643 
  42   37    70    719 
  42   38    64    651 
  42   39    35    360 
  42   40    29    298 
  42   41    44    447 
  42   42    25    255 
  42   43    52    531 
  42   44    70    711 
  42   45    37    378 
  42   46    32    332 
  42   47    67    682 
  42   48    48    487 
  42   49    21    217 
  43    0    44    456 
  43    1    21    218 
  43    2    25    259 
  43    3    64    659 
  43    4    29    301 
  43    5    62    631 
  43    6    52    537 
  43    7    61    627 
  43    8    60    616 
  43    9    55    565 
  43   10    27    281 
  43   11    68    695 
  43   12    31    323 
  43   13    72    731 
  43   14    56    572 
  43   15    48    491 
  43   16    23    235 
  43   17    46    474 
  43   18    70    711 
  43   19    32    333 
  43   20    44    452 
  43   21    47    481 
  43   22    41    416 
  43   23    52    537 
  43   24    57    583 
  43   25    39    404 
  43   26    20    203 
  43   27    38    387 
  43   28    24    251 
  43   29    74    758 
  43   30    53    541 
  43   31    75    766 
  43   32    65    662 
  43   33    72    733 
  43   34    67    681 
  43   35    31    316 
  43   36    25    262 
  43   37    32    325 
  43   38    62    637 
  43   39    53    545 
  43   40    45    460 
  43   41    41    420 
  43   42    51    524 
  43   43    22    228 
  43   44    61    625 
  43   45    72    734 
  43   46    35    365 
  43   47    25    258 
  43   48    29    297 
  43   49    26    273 
  44    0    73    747 
  44    1    22    226 
  44    2    57    587 
  44    3    54    548 
  44    4    69    707 
  44    5    59    607 
  44    6    44    453 
  44    7    46    472 
  44    8    39    397 
  44    9    41    416 
  44   10    44    447 
  44   11    27    282 
  44   12    57    580 
  44   13    40    408 
  44   14    68    694 
  44   15    56    577 
  44   16    62    632 
  44   17    53    546 
  44   18    57    581 
  44   19    34    352 
  44   20    36    368 
  44   21    41    422 
  44   22    21    218 
  44   23    20    211 
  44   24    19    200 
  44   25    44    447 
  44   26    41    424 
  44   27    60    611 
  44   28    67    687 
  44   29    40    408 
  44   30    25    255 
  44   31    55    564 
  44   32    52    531 
  44   33    28    290 
  44   34    26    273 
  44   35    22    229 
  44   36    31    319 
  44   37    55    565 
  44   38    23    240 
  44   39    66    672 
  44   40    67    682 
  44   41    24    251 
  44   42    38    395 
  44   43    60    609 
  44   44    77    790 
  44   45    50    508 
  44   46    72    731 
  44   47    49    505 
  44   48    70    712 
  44   49    56    577 
  45    0    45    457 
  45    1    48    495 
  45    2    38    390 
  45    3    75    768 
  45    4    56    570 
  45    5    33    343 
  45    6    27    276 
  45    7    59    607 
  45    8    78    793 
  45    9    77    786 
  45   10    64    651 
  45   11    31    320 
  45   12    77    781 
  45   13    59    607 
  45   14    25    258 
  45   15    23    237 
  45   16    76    778 
  45   17    35    363 
  45   18    22    227 
  45   19    57    583 
  45   20    34    353 
  45   21    66    674 
  45   22    58    598 
  45   23    72    731 
  45   24    38    389 
  45   25    30    313 
  45   26    43    440 
  45   27    59    606 
  45   28    71    729 
  45   29    67    688 
  45   30    47    477 
  45   31    28    294 
  45   32    50    508 
  45   33    44    450 
  45   34    75    762 
  45   35    54    557 
  45   36    47    481 
  45   37    65    664 
  45   38    37    384 
  45   39    40    412 
  45   40    66    676 
  45   41    35    364 
  45   42    30    309 
  45   43    29    296 
  45   44    25    254 
  45   45    27    280 
  45   46    32    331 
  45   47    76    778 
  45   48    26    269 
  45   49    41    420 
  46    0    76    776 
  46    1    20    211 
  46    2    42    431 
  46    3    49    506 
  46    4    74    758 
  46    5    39    399 
  46    6    65    660 
  46    7    54    550 
  46    8    30    312 
  46    9    78    794 
  46   10    75    762 
  46   11    41    423 
  46   12    51    525 
  46   13    64    659 
  46   14    39    399 
  46   15    73    745 
  46   16    67    682 
  46   17    20    203 
  46   18    23    237 
  46   19    74    752 
  46   20    30    314 
  46   21    55    562 
  46   22    69    700 
  46   23    45    458 
  46   24    28    288 
  46   25    55    562 
  46   26    69    700 
  46   27    72    734 
  46   28    67    683 
  46   29    37    381 
  46   30    49    507 
  46   31    40    412 
  46   32    57    586 
  46   33    48    493 
  46   34    45    464 
  46   35    23    237 
  46   36    71    727 
  46   37    30    310 
  46   38    78    795 
  46   39    57    584 
  46   40    60    614 
  46   41    25    257 
  46   42    33    337 
  46   43    58    598 
  46   44    42    434 
  46   45    61    625 
  46   46    60    614 
  46   47    24    249 
  46   48    22    230 
  46   49    71    726 
  47    0    46    472 
  47    1    56    570 
  47    2    31    321 
  47    3    65    666 
  47    4    55    561 
  47    5    56    576 
  47    6    34    348 
  47    7    42    434 
  47    8    36    366 
  47    9    46    473 
  47   10    21    223 
  47   11    31    316 
  47   12    71    728 
  47   13    51    525 
  47   14    61    628 
  47   15    58    596 
  47   16    52    530 
  47   17    26    271 
  47   18    24    251 
  47   19    75    769 
  47   20    28    289 
  47   21    44    455 
  47   22    65    663 
  47   23    55    562 
  47   24    30    308 
  47   25    33    339 
  47   26    24    251 
  47   27    76    772 
  47   28    67    683 
  47   29    74    752 
  47   30    39    403 
  47   31    71    723 
  47   32    69    709 
  47   33    40    412 
  47   34    49    504 
  47   35    20    208 
  47   36    20    207 
  47   37    70    715 
  47   38    55    564 
  47   39    68    698 
  47   40    53    542 
  47   41    69    709 
  47   42    69    709 
  47   43    74    759 
  47   44    71    730 
  47   45    25    258 
  47   46    39    405 
  47   47    60    609 
  47   48    50    511 
  47   49    47    479 
  48    0    68    696 
  48    1    66    672 
  48    2    67    685 
  48    3    73    745 
  48    4    65    662 
  48    5    21    222 
  48    6    64    651 
  48    7    27    278 
  48    8    43    437 
  48    9    60    612 
  48   10    37    383 
  48   11    37    376 
  48   12    69    703 
  48   13    22    230 
  48   14    55    561 
  48   15    58    589 
  48   16    53    542 
  48   17    52    529 
  48   18    65    661 
  48   19    46    472 
  48   20    37    379 
  48   21    30    314 
  48   22    22    228 
  48   23    65    663 
  48   24    44    447 
  48   25    24    245 
  48   26    23    242 
  48   27    50    513 
  48   28    33    336 
  48   29    56    572 
  48   30    37    380 
  48   31    76    777 
  48   32    61    628 
  48   33    56    569 
  48   34    75    769 
  48   35    37    380 
  48   36    23    238 
  48   37    41    421 
  48   38    56    569 
  48   39    22    233 
  48   40    45    462 
  48   41    64    656 
  48   42    28    286 
  48   43    36    371 
  48   44    34    345 
  48   45    76    780 
  48   46    32    333 
  48   47    58    596 
  48   48    23    241 
  48   49    43    443 
  49    0    24    247 
  49    1    26    273 
  49    2    20    206 
  49    3    61    627 
  49    4    31    321 
  49    5    42    431 
  49    6    63    642 
  49    7    39    398 
  49    8    72    731 
  49    9    52    536 
  49   10    54    550 
  49   11    77    790 
  49   12    73    745 
  49   13    20    209 
  49   14    22    233 
  49   15    19    202 
  49   16    42    435 
  49   17    59    604 
  49   18    52    531 
  49   19    53    547 
  49   20    52    531 
  49   21    37    377 
  49   22    23    237 
  49   23    36    375 
  49   24    34    348 
  49   25    43    438 
  49   26    36    374 
  49   27    55    565 
  49   28    69    705 
  49   29    25    256 
  49   30    49    507 
  49   31    64    650 
  49   32    45    457 
  49   33    37    377 
  49   34    70    712 
  49   35    52    528 
  49   36    56    577 
  49   37    20    210 
  49   38    50    513 
  49   39    28    285 
  49   40    29    302 
  49   41    73    744 
  49   42    25    258 
  49   43    34    347 
  49   44    23    242 
  49   45    57    584 
  49   46    49    506 
  49   47    64    653 
  49   48    42    426 
  49   49    47    485 
