 50
 50

    4
   20
   10
   18
   10
   10
   18
   15
    2
   18
   20
    1
   19
    9
    7
    4
   14
    7
   15
    5
   20
   13
   18
    8
    2
    5
    3
   20
   12
    7
    6
    3
    2
   13
    2
    3
   11
   11
    3
   19
   10
    9
   20
    2
   10
   17
   10
   10
   13
    5

   19
   20
    5
    5
   20
   16
    6
    1
    8
    5
   14
    7
   10
   18
   13
   14
   11
    2
   15
    8
    6
    2
   16
   12
    4
   10
    2
   11
   13
    9
   15
    6
   15
   20
   16
    2
   16
    3
    6
    3
    1
   18
    7
   18
    8
   19
    6
    7
   17
    8

   0    0    33    348 
   0    1    37    384 
   0    2    72    753 
   0    3    70    729 
   0    4    55    570 
   0    5    42    445 
   0    6    43    446 
   0    7    42    439 
   0    8    70    729 
   0    9    25    268 
   0   10    75    782 
   0   11    47    497 
   0   12    67    702 
   0   13    36    381 
   0   14    74    768 
   0   15    72    753 
   0   16    53    553 
   0   17    64    671 
   0   18    26    274 
   0   19    33    345 
   0   20    70    733 
   0   21    46    481 
   0   22    40    415 
   0   23    45    470 
   0   24    39    411 
   0   25    20    213 
   0   26    35    365 
   0   27    57    591 
   0   28    26    278 
   0   29    65    677 
   0   30    30    315 
   0   31    43    455 
   0   32    30    311 
   0   33    59    613 
   0   34    38    401 
   0   35    31    325 
   0   36    65    680 
   0   37    50    527 
   0   38    76    788 
   0   39    71    737 
   0   40    74    773 
   0   41    26    278 
   0   42    67    704 
   0   43    27    284 
   0   44    65    676 
   0   45    33    348 
   0   46    48    499 
   0   47    65    678 
   0   48    32    332 
   0   49    27    289 
   1    0    55    571 
   1    1    38    398 
   1    2    67    704 
   1    3    56    586 
   1    4    23    247 
   1    5    70    733 
   1    6    34    361 
   1    7    68    710 
   1    8    21    220 
   1    9    25    262 
   1   10    55    578 
   1   11    26    275 
   1   12    20    213 
   1   13    56    589 
   1   14    30    315 
   1   15    63    663 
   1   16    38    396 
   1   17    40    417 
   1   18    74    776 
   1   19    64    672 
   1   20    19    206 
   1   21    70    732 
   1   22    65    682 
   1   23    71    737 
   1   24    67    696 
   1   25    76    794 
   1   26    49    515 
   1   27    57    601 
   1   28    58    609 
   1   29    29    307 
   1   30    49    514 
   1   31    39    410 
   1   32    25    261 
   1   33    21    224 
   1   34    60    625 
   1   35    34    359 
   1   36    30    314 
   1   37    53    556 
   1   38    45    472 
   1   39    53    550 
   1   40    33    344 
   1   41    40    419 
   1   42    44    456 
   1   43    42    440 
   1   44    68    707 
   1   45    70    734 
   1   46    30    318 
   1   47    31    329 
   1   48    23    241 
   1   49    40    421 
   2    0    31    326 
   2    1    75    786 
   2    2    34    356 
   2    3    59    613 
   2    4    58    608 
   2    5    32    334 
   2    6    22    230 
   2    7    34    359 
   2    8    76    793 
   2    9    38    403 
   2   10    35    365 
   2   11    72    754 
   2   12    57    597 
   2   13    49    514 
   2   14    62    651 
   2   15    46    487 
   2   16    69    719 
   2   17    33    342 
   2   18    23    248 
   2   19    25    267 
   2   20    49    515 
   2   21    37    384 
   2   22    33    343 
   2   23    74    771 
   2   24    21    219 
   2   25    66    685 
   2   26    36    376 
   2   27    70    728 
   2   28    21    219 
   2   29    56    582 
   2   30    32    332 
   2   31    40    415 
   2   32    32    335 
   2   33    54    562 
   2   34    63    655 
   2   35    45    475 
   2   36    59    620 
   2   37    46    477 
   2   38    26    271 
   2   39    66    694 
   2   40    30    321 
   2   41    36    377 
   2   42    33    347 
   2   43    30    319 
   2   44    54    567 
   2   45    68    709 
   2   46    30    311 
   2   47    38    395 
   2   48    35    365 
   2   49    61    634 
   3    0    66    684 
   3    1    34    357 
   3    2    21    226 
   3    3    27    284 
   3    4    68    712 
   3    5    24    258 
   3    6    48    505 
   3    7    62    650 
   3    8    57    598 
   3    9    38    394 
   3   10    41    432 
   3   11    61    638 
   3   12    72    756 
   3   13    54    568 
   3   14    65    674 
   3   15    20    215 
   3   16    57    600 
   3   17    63    661 
   3   18    34    357 
   3   19    46    481 
   3   20    51    536 
   3   21    30    313 
   3   22    65    676 
   3   23    69    723 
   3   24    34    354 
   3   25    56    583 
   3   26    58    611 
   3   27    48    499 
   3   28    48    506 
   3   29    73    763 
   3   30    51    529 
   3   31    30    313 
   3   32    59    612 
   3   33    37    391 
   3   34    66    691 
   3   35    28    295 
   3   36    67    701 
   3   37    52    544 
   3   38    46    480 
   3   39    45    471 
   3   40    76    796 
   3   41    61    637 
   3   42    30    316 
   3   43    30    315 
   3   44    61    639 
   3   45    24    252 
   3   46    63    657 
   3   47    36    377 
   3   48    68    714 
   3   49    53    558 
   4    0    55    575 
   4    1    27    287 
   4    2    39    406 
   4    3    49    509 
   4    4    73    758 
   4    5    27    284 
   4    6    31    323 
   4    7    60    626 
   4    8    49    516 
   4    9    56    588 
   4   10    62    652 
   4   11    39    407 
   4   12    35    364 
   4   13    67    702 
   4   14    60    622 
   4   15    75    780 
   4   16    21    219 
   4   17    49    516 
   4   18    71    739 
   4   19    42    436 
   4   20    28    297 
   4   21    39    411 
   4   22    20    217 
   4   23    22    232 
   4   24    36    374 
   4   25    30    315 
   4   26    57    600 
   4   27    65    676 
   4   28    51    533 
   4   29    35    372 
   4   30    73    766 
   4   31    63    659 
   4   32    41    428 
   4   33    69    721 
   4   34    45    469 
   4   35    22    235 
   4   36    68    714 
   4   37    46    485 
   4   38    56    586 
   4   39    67    695 
   4   40    56    585 
   4   41    20    216 
   4   42    74    770 
   4   43    28    294 
   4   44    31    324 
   4   45    26    273 
   4   46    20    213 
   4   47    31    326 
   4   48    56    585 
   4   49    72    753 
   5    0    61    633 
   5    1    28    291 
   5    2    69    724 
   5    3    60    631 
   5    4    29    305 
   5    5    55    579 
   5    6    37    392 
   5    7    46    480 
   5    8    58    610 
   5    9    76    790 
   5   10    57    592 
   5   11    52    540 
   5   12    31    322 
   5   13    21    219 
   5   14    43    446 
   5   15    50    519 
   5   16    33    352 
   5   17    65    678 
   5   18    43    448 
   5   19    46    477 
   5   20    69    722 
   5   21    62    650 
   5   22    36    377 
   5   23    68    710 
   5   24    19    207 
   5   25    57    595 
   5   26    26    276 
   5   27    38    400 
   5   28    23    244 
   5   29    76    796 
   5   30    48    500 
   5   31    45    472 
   5   32    74    769 
   5   33    23    240 
   5   34    19    200 
   5   35    20    214 
   5   36    53    552 
   5   37    28    291 
   5   38    32    333 
   5   39    34    359 
   5   40    32    334 
   5   41    47    495 
   5   42    29    308 
   5   43    22    228 
   5   44    57    598 
   5   45    21    226 
   5   46    45    472 
   5   47    23    244 
   5   48    55    574 
   5   49    63    658 
   6    0    21    222 
   6    1    76    797 
   6    2    70    734 
   6    3    27    289 
   6    4    55    570 
   6    5    70    734 
   6    6    39    405 
   6    7    63    653 
   6    8    71    736 
   6    9    75    781 
   6   10    74    773 
   6   11    57    599 
   6   12    32    338 
   6   13    68    706 
   6   14    55    571 
   6   15    23    248 
   6   16    75    783 
   6   17    49    518 
   6   18    53    557 
   6   19    63    660 
   6   20    65    675 
   6   21    37    391 
   6   22    28    300 
   6   23    37    384 
   6   24    63    661 
   6   25    68    714 
   6   26    19    203 
   6   27    63    660 
   6   28    25    263 
   6   29    74    771 
   6   30    39    406 
   6   31    57    599 
   6   32    60    629 
   6   33    59    618 
   6   34    40    422 
   6   35    24    255 
   6   36    23    240 
   6   37    39    408 
   6   38    66    694 
   6   39    48    506 
   6   40    74    771 
   6   41    34    354 
   6   42    73    763 
   6   43    43    452 
   6   44    67    702 
   6   45    63    656 
   6   46    37    385 
   6   47    60    628 
   6   48    66    686 
   6   49    35    364 
   7    0    33    344 
   7    1    46    481 
   7    2    58    605 
   7    3    69    722 
   7    4    67    703 
   7    5    21    223 
   7    6    59    612 
   7    7    41    425 
   7    8    55    572 
   7    9    57    601 
   7   10    31    325 
   7   11    24    255 
   7   12    31    325 
   7   13    70    730 
   7   14    76    790 
   7   15    20    210 
   7   16    30    318 
   7   17    47    497 
   7   18    72    751 
   7   19    21    221 
   7   20    62    645 
   7   21    57    593 
   7   22    69    725 
   7   23    36    383 
   7   24    52    542 
   7   25    69    719 
   7   26    24    249 
   7   27    74    777 
   7   28    46    481 
   7   29    25    265 
   7   30    57    593 
   7   31    51    531 
   7   32    34    359 
   7   33    27    283 
   7   34    63    663 
   7   35    61    637 
   7   36    49    516 
   7   37    48    498 
   7   38    60    628 
   7   39    38    403 
   7   40    56    584 
   7   41    20    208 
   7   42    76    788 
   7   43    76    796 
   7   44    70    735 
   7   45    41    426 
   7   46    50    525 
   7   47    25    260 
   7   48    47    495 
   7   49    31    324 
   8    0    66    694 
   8    1    33    344 
   8    2    69    721 
   8    3    76    790 
   8    4    61    642 
   8    5    69    717 
   8    6    50    519 
   8    7    20    209 
   8    8    56    585 
   8    9    55    579 
   8   10    51    533 
   8   11    24    255 
   8   12    30    321 
   8   13    42    436 
   8   14    25    268 
   8   15    51    529 
   8   16    72    752 
   8   17    29    309 
   8   18    47    493 
   8   19    50    527 
   8   20    64    673 
   8   21    26    274 
   8   22    69    718 
   8   23    49    517 
   8   24    20    210 
   8   25    24    257 
   8   26    23    241 
   8   27    36    382 
   8   28    53    559 
   8   29    72    748 
   8   30    50    528 
   8   31    75    779 
   8   32    30    320 
   8   33    33    348 
   8   34    71    738 
   8   35    19    200 
   8   36    31    323 
   8   37    20    211 
   8   38    33    352 
   8   39    61    640 
   8   40    74    772 
   8   41    22    228 
   8   42    74    770 
   8   43    25    266 
   8   44    29    302 
   8   45    57    595 
   8   46    73    762 
   8   47    42    441 
   8   48    28    298 
   8   49    51    533 
   9    0    40    424 
   9    1    63    661 
   9    2    67    702 
   9    3    45    474 
   9    4    37    385 
   9    5    33    350 
   9    6    56    588 
   9    7    45    475 
   9    8    39    407 
   9    9    72    755 
   9   10    44    459 
   9   11    55    579 
   9   12    68    708 
   9   13    41    435 
   9   14    65    682 
   9   15    71    740 
   9   16    49    516 
   9   17    65    681 
   9   18    23    244 
   9   19    27    281 
   9   20    67    697 
   9   21    38    400 
   9   22    64    671 
   9   23    74    772 
   9   24    76    797 
   9   25    35    368 
   9   26    44    465 
   9   27    73    764 
   9   28    25    266 
   9   29    33    347 
   9   30    47    495 
   9   31    56    590 
   9   32    40    421 
   9   33    68    713 
   9   34    73    765 
   9   35    37    391 
   9   36    60    623 
   9   37    31    323 
   9   38    24    251 
   9   39    24    252 
   9   40    38    398 
   9   41    29    304 
   9   42    75    779 
   9   43    62    646 
   9   44    24    255 
   9   45    47    489 
   9   46    61    633 
   9   47    77    800 
   9   48    69    717 
   9   49    30    316 
  10    0    58    608 
  10    1    64    667 
  10    2    24    255 
  10    3    45    471 
  10    4    66    689 
  10    5    27    281 
  10    6    19    200 
  10    7    67    698 
  10    8    45    472 
  10    9    51    536 
  10   10    57    601 
  10   11    21    222 
  10   12    54    568 
  10   13    36    383 
  10   14    22    232 
  10   15    54    560 
  10   16    62    645 
  10   17    44    459 
  10   18    44    460 
  10   19    31    328 
  10   20    40    424 
  10   21    76    792 
  10   22    48    505 
  10   23    52    540 
  10   24    27    284 
  10   25    48    504 
  10   26    31    330 
  10   27    56    583 
  10   28    43    453 
  10   29    71    744 
  10   30    47    492 
  10   31    21    227 
  10   32    72    748 
  10   33    66    690 
  10   34    50    526 
  10   35    57    597 
  10   36    72    748 
  10   37    69    718 
  10   38    30    318 
  10   39    54    565 
  10   40    57    600 
  10   41    28    293 
  10   42    69    725 
  10   43    25    261 
  10   44    57    598 
  10   45    42    444 
  10   46    76    788 
  10   47    49    508 
  10   48    71    743 
  10   49    36    375 
  11    0    28    291 
  11    1    23    242 
  11    2    39    413 
  11    3    60    632 
  11    4    41    426 
  11    5    66    688 
  11    6    48    505 
  11    7    42    440 
  11    8    38    401 
  11    9    27    290 
  11   10    27    283 
  11   11    48    501 
  11   12    44    459 
  11   13    71    739 
  11   14    36    382 
  11   15    43    453 
  11   16    74    771 
  11   17    71    739 
  11   18    71    742 
  11   19    47    489 
  11   20    36    381 
  11   21    27    285 
  11   22    29    310 
  11   23    27    281 
  11   24    29    301 
  11   25    32    333 
  11   26    20    212 
  11   27    37    386 
  11   28    26    279 
  11   29    31    326 
  11   30    34    353 
  11   31    29    308 
  11   32    29    305 
  11   33    71    740 
  11   34    31    326 
  11   35    68    714 
  11   36    39    410 
  11   37    64    665 
  11   38    58    609 
  11   39    30    321 
  11   40    62    645 
  11   41    61    634 
  11   42    72    752 
  11   43    57    601 
  11   44    56    589 
  11   45    44    464 
  11   46    73    761 
  11   47    73    764 
  11   48    59    618 
  11   49    21    219 
  12    0    40    422 
  12    1    63    662 
  12    2    46    485 
  12    3    25    262 
  12    4    27    282 
  12    5    26    273 
  12    6    34    359 
  12    7    75    785 
  12    8    45    467 
  12    9    43    451 
  12   10    76    796 
  12   11    43    448 
  12   12    57    593 
  12   13    55    580 
  12   14    21    225 
  12   15    62    651 
  12   16    76    789 
  12   17    77    799 
  12   18    66    687 
  12   19    43    449 
  12   20    39    412 
  12   21    74    770 
  12   22    74    773 
  12   23    71    740 
  12   24    32    340 
  12   25    65    680 
  12   26    55    570 
  12   27    49    509 
  12   28    72    749 
  12   29    52    546 
  12   30    74    775 
  12   31    64    667 
  12   32    32    341 
  12   33    53    556 
  12   34    65    677 
  12   35    35    363 
  12   36    36    379 
  12   37    21    226 
  12   38    20    209 
  12   39    72    751 
  12   40    20    217 
  12   41    26    274 
  12   42    47    488 
  12   43    21    221 
  12   44    48    505 
  12   45    72    756 
  12   46    46    486 
  12   47    49    515 
  12   48    76    796 
  12   49    60    622 
  13    0    55    576 
  13    1    38    396 
  13    2    35    371 
  13    3    45    475 
  13    4    30    320 
  13    5    28    295 
  13    6    35    365 
  13    7    36    376 
  13    8    29    304 
  13    9    50    526 
  13   10    49    510 
  13   11    63    656 
  13   12    49    514 
  13   13    34    355 
  13   14    35    368 
  13   15    36    375 
  13   16    69    725 
  13   17    52    545 
  13   18    46    481 
  13   19    54    565 
  13   20    75    785 
  13   21    73    758 
  13   22    28    293 
  13   23    69    720 
  13   24    44    460 
  13   25    55    572 
  13   26    41    431 
  13   27    55    580 
  13   28    71    742 
  13   29    52    543 
  13   30    44    458 
  13   31    24    256 
  13   32    50    525 
  13   33    64    666 
  13   34    40    417 
  13   35    63    655 
  13   36    42    444 
  13   37    39    408 
  13   38    55    570 
  13   39    53    550 
  13   40    59    612 
  13   41    30    313 
  13   42    21    225 
  13   43    29    302 
  13   44    45    474 
  13   45    19    207 
  13   46    52    543 
  13   47    63    662 
  13   48    58    607 
  13   49    27    282 
  14    0    49    513 
  14    1    61    641 
  14    2    72    752 
  14    3    36    379 
  14    4    50    525 
  14    5    21    220 
  14    6    29    308 
  14    7    38    401 
  14    8    40    419 
  14    9    22    238 
  14   10    48    498 
  14   11    52    539 
  14   12    63    661 
  14   13    66    687 
  14   14    39    413 
  14   15    29    305 
  14   16    20    208 
  14   17    60    623 
  14   18    31    324 
  14   19    30    319 
  14   20    28    298 
  14   21    25    261 
  14   22    44    466 
  14   23    56    589 
  14   24    39    407 
  14   25    34    362 
  14   26    46    487 
  14   27    71    737 
  14   28    48    507 
  14   29    39    414 
  14   30    32    336 
  14   31    55    571 
  14   32    75    782 
  14   33    56    588 
  14   34    68    715 
  14   35    63    663 
  14   36    63    657 
  14   37    55    576 
  14   38    47    496 
  14   39    76    789 
  14   40    26    271 
  14   41    39    414 
  14   42    21    227 
  14   43    56    581 
  14   44    38    402 
  14   45    47    494 
  14   46    59    617 
  14   47    52    540 
  14   48    60    622 
  14   49    43    447 
  15    0    43    449 
  15    1    41    428 
  15    2    56    583 
  15    3    68    708 
  15    4    32    332 
  15    5    37    391 
  15    6    44    462 
  15    7    64    670 
  15    8    22    233 
  15    9    62    644 
  15   10    40    416 
  15   11    77    800 
  15   12    71    736 
  15   13    72    751 
  15   14    37    386 
  15   15    66    694 
  15   16    73    762 
  15   17    40    422 
  15   18    30    320 
  15   19    25    269 
  15   20    53    551 
  15   21    51    529 
  15   22    41    435 
  15   23    66    690 
  15   24    27    280 
  15   25    63    654 
  15   26    65    682 
  15   27    35    373 
  15   28    63    660 
  15   29    55    571 
  15   30    52    544 
  15   31    61    637 
  15   32    23    241 
  15   33    70    729 
  15   34    52    540 
  15   35    63    660 
  15   36    27    286 
  15   37    62    647 
  15   38    67    704 
  15   39    61    637 
  15   40    37    391 
  15   41    60    623 
  15   42    57    600 
  15   43    25    265 
  15   44    52    549 
  15   45    49    512 
  15   46    58    611 
  15   47    19    202 
  15   48    51    538 
  15   49    24    256 
  16    0    52    549 
  16    1    45    468 
  16    2    55    580 
  16    3    24    251 
  16    4    22    228 
  16    5    54    569 
  16    6    49    514 
  16    7    67    701 
  16    8    28    299 
  16    9    70    730 
  16   10    26    279 
  16   11    27    290 
  16   12    63    655 
  16   13    35    369 
  16   14    41    434 
  16   15    55    572 
  16   16    69    717 
  16   17    68    710 
  16   18    44    465 
  16   19    52    543 
  16   20    30    316 
  16   21    66    693 
  16   22    55    572 
  16   23    42    442 
  16   24    40    415 
  16   25    52    547 
  16   26    26    271 
  16   27    22    233 
  16   28    66    694 
  16   29    32    339 
  16   30    66    691 
  16   31    64    672 
  16   32    72    747 
  16   33    26    279 
  16   34    64    667 
  16   35    70    733 
  16   36    75    787 
  16   37    27    286 
  16   38    25    269 
  16   39    24    259 
  16   40    60    629 
  16   41    46    480 
  16   42    39    414 
  16   43    26    278 
  16   44    48    502 
  16   45    74    776 
  16   46    69    725 
  16   47    73    760 
  16   48    30    320 
  16   49    54    564 
  17    0    29    304 
  17    1    26    274 
  17    2    28    298 
  17    3    26    274 
  17    4    50    525 
  17    5    63    661 
  17    6    27    280 
  17    7    71    744 
  17    8    63    663 
  17    9    67    698 
  17   10    75    781 
  17   11    63    657 
  17   12    77    798 
  17   13    60    622 
  17   14    25    262 
  17   15    58    608 
  17   16    24    252 
  17   17    64    669 
  17   18    58    602 
  17   19    49    514 
  17   20    54    563 
  17   21    32    339 
  17   22    53    558 
  17   23    32    339 
  17   24    45    474 
  17   25    28    293 
  17   26    26    279 
  17   27    74    771 
  17   28    25    260 
  17   29    46    484 
  17   30    25    269 
  17   31    53    553 
  17   32    73    759 
  17   33    39    410 
  17   34    22    236 
  17   35    72    747 
  17   36    35    366 
  17   37    57    599 
  17   38    53    552 
  17   39    20    211 
  17   40    36    376 
  17   41    33    351 
  17   42    49    511 
  17   43    27    289 
  17   44    52    547 
  17   45    48    505 
  17   46    67    702 
  17   47    28    296 
  17   48    25    265 
  17   49    37    388 
  18    0    58    611 
  18    1    29    308 
  18    2    66    692 
  18    3    66    684 
  18    4    63    663 
  18    5    43    447 
  18    6    42    443 
  18    7    45    468 
  18    8    21    221 
  18    9    27    282 
  18   10    73    758 
  18   11    69    723 
  18   12    19    200 
  18   13    64    665 
  18   14    59    620 
  18   15    39    407 
  18   16    31    331 
  18   17    32    341 
  18   18    38    403 
  18   19    38    397 
  18   20    21    222 
  18   21    73    762 
  18   22    68    705 
  18   23    70    729 
  18   24    41    432 
  18   25    28    298 
  18   26    35    364 
  18   27    60    627 
  18   28    26    274 
  18   29    23    245 
  18   30    67    702 
  18   31    57    593 
  18   32    59    621 
  18   33    68    707 
  18   34    69    718 
  18   35    60    629 
  18   36    49    517 
  18   37    63    654 
  18   38    24    259 
  18   39    43    453 
  18   40    31    323 
  18   41    62    648 
  18   42    44    462 
  18   43    24    249 
  18   44    50    520 
  18   45    62    652 
  18   46    44    461 
  18   47    37    389 
  18   48    24    254 
  18   49    73    762 
  19    0    40    423 
  19    1    45    468 
  19    2    63    653 
  19    3    24    258 
  19    4    24    259 
  19    5    43    455 
  19    6    53    559 
  19    7    45    470 
  19    8    47    496 
  19    9    63    654 
  19   10    40    415 
  19   11    47    493 
  19   12    30    311 
  19   13    51    538 
  19   14    71    743 
  19   15    73    761 
  19   16    45    469 
  19   17    39    412 
  19   18    20    212 
  19   19    47    496 
  19   20    42    441 
  19   21    23    248 
  19   22    60    623 
  19   23    62    645 
  19   24    68    708 
  19   25    76    796 
  19   26    31    325 
  19   27    25    267 
  19   28    25    260 
  19   29    27    281 
  19   30    58    611 
  19   31    22    234 
  19   32    61    638 
  19   33    76    792 
  19   34    61    634 
  19   35    51    535 
  19   36    55    576 
  19   37    32    333 
  19   38    33    351 
  19   39    36    374 
  19   40    67    697 
  19   41    73    757 
  19   42    29    305 
  19   43    48    505 
  19   44    23    245 
  19   45    21    220 
  19   46    26    272 
  19   47    29    303 
  19   48    52    539 
  19   49    41    435 
  20    0    58    611 
  20    1    70    735 
  20    2    27    284 
  20    3    24    258 
  20    4    27    288 
  20    5    36    379 
  20    6    56    586 
  20    7    38    400 
  20    8    71    739 
  20    9    41    432 
  20   10    19    206 
  20   11    39    410 
  20   12    54    560 
  20   13    77    799 
  20   14    48    507 
  20   15    42    445 
  20   16    40    415 
  20   17    38    394 
  20   18    77    798 
  20   19    63    654 
  20   20    49    513 
  20   21    37    392 
  20   22    52    545 
  20   23    45    467 
  20   24    26    270 
  20   25    30    314 
  20   26    67    700 
  20   27    53    559 
  20   28    61    634 
  20   29    22    235 
  20   30    71    741 
  20   31    46    487 
  20   32    36    378 
  20   33    34    355 
  20   34    53    550 
  20   35    63    662 
  20   36    34    360 
  20   37    46    478 
  20   38    45    472 
  20   39    63    661 
  20   40    35    370 
  20   41    61    635 
  20   42    50    522 
  20   43    52    542 
  20   44    46    479 
  20   45    40    419 
  20   46    74    772 
  20   47    48    503 
  20   48    37    389 
  20   49    44    464 
  21    0    29    305 
  21    1    27    284 
  21    2    57    591 
  21    3    41    431 
  21    4    34    353 
  21    5    71    738 
  21    6    50    520 
  21    7    28    294 
  21    8    64    670 
  21    9    20    216 
  21   10    28    297 
  21   11    37    387 
  21   12    66    685 
  21   13    25    264 
  21   14    47    491 
  21   15    68    714 
  21   16    75    780 
  21   17    50    528 
  21   18    39    406 
  21   19    45    471 
  21   20    57    593 
  21   21    68    709 
  21   22    38    404 
  21   23    32    334 
  21   24    45    469 
  21   25    26    270 
  21   26    23    243 
  21   27    20    215 
  21   28    51    537 
  21   29    46    483 
  21   30    28    293 
  21   31    46    483 
  21   32    27    285 
  21   33    58    610 
  21   34    75    779 
  21   35    56    583 
  21   36    52    545 
  21   37    65    678 
  21   38    50    525 
  21   39    51    532 
  21   40    57    596 
  21   41    55    579 
  21   42    47    491 
  21   43    76    797 
  21   44    69    717 
  21   45    57    595 
  21   46    56    590 
  21   47    51    534 
  21   48    75    779 
  21   49    20    217 
  22    0    31    328 
  22    1    36    382 
  22    2    65    679 
  22    3    47    496 
  22    4    43    452 
  22    5    48    500 
  22    6    44    461 
  22    7    71    741 
  22    8    33    345 
  22    9    55    578 
  22   10    76    789 
  22   11    72    752 
  22   12    31    322 
  22   13    76    790 
  22   14    65    677 
  22   15    62    652 
  22   16    40    424 
  22   17    19    203 
  22   18    46    478 
  22   19    76    795 
  22   20    58    611 
  22   21    46    482 
  22   22    58    606 
  22   23    74    777 
  22   24    66    684 
  22   25    69    716 
  22   26    69    717 
  22   27    45    467 
  22   28    24    253 
  22   29    27    280 
  22   30    32    333 
  22   31    72    752 
  22   32    69    723 
  22   33    65    677 
  22   34    57    601 
  22   35    21    218 
  22   36    28    299 
  22   37    31    329 
  22   38    33    343 
  22   39    20    211 
  22   40    39    407 
  22   41    54    561 
  22   42    26    276 
  22   43    66    693 
  22   44    56    586 
  22   45    52    547 
  22   46    77    799 
  22   47    41    433 
  22   48    41    435 
  22   49    25    266 
  23    0    21    218 
  23    1    33    349 
  23    2    35    363 
  23    3    54    565 
  23    4    20    208 
  23    5    27    286 
  23    6    37    392 
  23    7    75    778 
  23    8    62    648 
  23    9    27    289 
  23   10    69    722 
  23   11    45    472 
  23   12    36    380 
  23   13    23    242 
  23   14    66    693 
  23   15    19    200 
  23   16    62    651 
  23   17    28    296 
  23   18    23    245 
  23   19    50    527 
  23   20    74    775 
  23   21    28    296 
  23   22    72    750 
  23   23    25    263 
  23   24    22    231 
  23   25    21    224 
  23   26    46    480 
  23   27    38    400 
  23   28    22    234 
  23   29    36    382 
  23   30    21    219 
  23   31    72    753 
  23   32    54    569 
  23   33    63    655 
  23   34    74    769 
  23   35    55    574 
  23   36    33    352 
  23   37    74    767 
  23   38    63    661 
  23   39    24    259 
  23   40    33    351 
  23   41    66    691 
  23   42    44    461 
  23   43    71    739 
  23   44    33    350 
  23   45    50    520 
  23   46    58    610 
  23   47    59    617 
  23   48    58    602 
  23   49    48    504 
  24    0    76    791 
  24    1    27    285 
  24    2    59    618 
  24    3    30    319 
  24    4    74    770 
  24    5    26    278 
  24    6    23    246 
  24    7    68    713 
  24    8    22    231 
  24    9    40    421 
  24   10    33    346 
  24   11    37    387 
  24   12    74    773 
  24   13    27    284 
  24   14    31    328 
  24   15    20    213 
  24   16    59    614 
  24   17    31    326 
  24   18    46    477 
  24   19    37    386 
  24   20    50    519 
  24   21    40    416 
  24   22    33    345 
  24   23    71    745 
  24   24    49    515 
  24   25    38    394 
  24   26    52    539 
  24   27    73    762 
  24   28    25    263 
  24   29    76    794 
  24   30    67    702 
  24   31    50    527 
  24   32    47    495 
  24   33    59    621 
  24   34    19    203 
  24   35    26    272 
  24   36    56    590 
  24   37    67    699 
  24   38    57    597 
  24   39    71    740 
  24   40    20    210 
  24   41    68    709 
  24   42    65    677 
  24   43    41    431 
  24   44    43    446 
  24   45    59    612 
  24   46    52    544 
  24   47    49    516 
  24   48    66    688 
  24   49    50    524 
  25    0    30    314 
  25    1    36    382 
  25    2    50    526 
  25    3    25    260 
  25    4    66    690 
  25    5    63    660 
  25    6    31    324 
  25    7    25    263 
  25    8    59    620 
  25    9    22    235 
  25   10    68    713 
  25   11    31    329 
  25   12    68    712 
  25   13    28    294 
  25   14    25    260 
  25   15    74    774 
  25   16    39    413 
  25   17    52    548 
  25   18    58    607 
  25   19    60    629 
  25   20    20    208 
  25   21    63    653 
  25   22    70    730 
  25   23    72    756 
  25   24    39    406 
  25   25    56    581 
  25   26    28    296 
  25   27    39    406 
  25   28    55    571 
  25   29    23    246 
  25   30    74    777 
  25   31    39    406 
  25   32    42    436 
  25   33    26    278 
  25   34    63    661 
  25   35    73    759 
  25   36    63    662 
  25   37    58    603 
  25   38    42    445 
  25   39    30    311 
  25   40    21    219 
  25   41    67    700 
  25   42    36    377 
  25   43    19    203 
  25   44    45    470 
  25   45    56    583 
  25   46    26    276 
  25   47    26    271 
  25   48    32    333 
  25   49    38    402 
  26    0    69    718 
  26    1    50    524 
  26    2    49    515 
  26    3    37    386 
  26    4    73    762 
  26    5    33    342 
  26    6    50    520 
  26    7    66    685 
  26    8    54    561 
  26    9    53    555 
  26   10    48    502 
  26   11    40    420 
  26   12    23    243 
  26   13    70    727 
  26   14    76    792 
  26   15    55    577 
  26   16    38    397 
  26   17    60    632 
  26   18    24    249 
  26   19    59    621 
  26   20    39    408 
  26   21    48    500 
  26   22    74    773 
  26   23    38    403 
  26   24    66    691 
  26   25    33    349 
  26   26    56    581 
  26   27    56    590 
  26   28    56    590 
  26   29    72    750 
  26   30    47    490 
  26   31    36    382 
  26   32    50    523 
  26   33    35    370 
  26   34    35    371 
  26   35    72    753 
  26   36    40    421 
  26   37    45    473 
  26   38    45    470 
  26   39    65    678 
  26   40    28    298 
  26   41    59    613 
  26   42    49    510 
  26   43    23    241 
  26   44    76    793 
  26   45    41    433 
  26   46    68    711 
  26   47    36    381 
  26   48    68    714 
  26   49    53    555 
  27    0    47    491 
  27    1    72    748 
  27    2    24    255 
  27    3    73    763 
  27    4    61    634 
  27    5    35    369 
  27    6    73    759 
  27    7    22    230 
  27    8    25    268 
  27    9    62    644 
  27   10    57    593 
  27   11    56    585 
  27   12    20    217 
  27   13    22    236 
  27   14    60    632 
  27   15    62    648 
  27   16    27    283 
  27   17    36    381 
  27   18    54    567 
  27   19    38    404 
  27   20    25    261 
  27   21    26    272 
  27   22    72    748 
  27   23    27    289 
  27   24    34    359 
  27   25    26    277 
  27   26    34    358 
  27   27    54    561 
  27   28    67    702 
  27   29    63    659 
  27   30    55    573 
  27   31    76    788 
  27   32    40    419 
  27   33    31    324 
  27   34    50    519 
  27   35    77    798 
  27   36    55    570 
  27   37    49    513 
  27   38    29    303 
  27   39    69    716 
  27   40    64    667 
  27   41    39    407 
  27   42    73    761 
  27   43    20    210 
  27   44    55    570 
  27   45    64    664 
  27   46    40    420 
  27   47    73    765 
  27   48    50    524 
  27   49    22    235 
  28    0    19    201 
  28    1    21    222 
  28    2    48    504 
  28    3    75    786 
  28    4    74    769 
  28    5    65    676 
  28    6    45    468 
  28    7    46    486 
  28    8    70    734 
  28    9    38    396 
  28   10    32    337 
  28   11    36    380 
  28   12    72    755 
  28   13    49    513 
  28   14    38    401 
  28   15    71    737 
  28   16    40    417 
  28   17    26    274 
  28   18    39    408 
  28   19    50    524 
  28   20    33    345 
  28   21    66    691 
  28   22    59    621 
  28   23    37    390 
  28   24    52    546 
  28   25    41    425 
  28   26    23    240 
  28   27    38    394 
  28   28    26    272 
  28   29    29    309 
  28   30    31    330 
  28   31    28    299 
  28   32    56    588 
  28   33    66    693 
  28   34    23    245 
  28   35    57    594 
  28   36    44    461 
  28   37    29    303 
  28   38    20    216 
  28   39    40    416 
  28   40    27    281 
  28   41    68    710 
  28   42    33    343 
  28   43    66    694 
  28   44    57    597 
  28   45    31    326 
  28   46    30    315 
  28   47    26    277 
  28   48    57    597 
  28   49    38    400 
  29    0    23    243 
  29    1    45    469 
  29    2    67    696 
  29    3    71    736 
  29    4    29    307 
  29    5    41    434 
  29    6    21    225 
  29    7    77    799 
  29    8    50    528 
  29    9    57    592 
  29   10    29    303 
  29   11    22    228 
  29   12    54    561 
  29   13    22    228 
  29   14    50    527 
  29   15    42    440 
  29   16    60    628 
  29   17    54    569 
  29   18    57    600 
  29   19    25    261 
  29   20    28    295 
  29   21    47    488 
  29   22    54    569 
  29   23    47    496 
  29   24    24    252 
  29   25    39    408 
  29   26    65    679 
  29   27    30    321 
  29   28    74    774 
  29   29    21    227 
  29   30    65    676 
  29   31    53    555 
  29   32    72    751 
  29   33    51    532 
  29   34    33    347 
  29   35    64    672 
  29   36    34    354 
  29   37    30    314 
  29   38    24    253 
  29   39    31    324 
  29   40    63    657 
  29   41    71    739 
  29   42    34    361 
  29   43    70    733 
  29   44    36    382 
  29   45    75    786 
  29   46    44    456 
  29   47    24    251 
  29   48    63    657 
  29   49    44    466 
  30    0    46    487 
  30    1    29    303 
  30    2    29    302 
  30    3    41    432 
  30    4    32    334 
  30    5    22    236 
  30    6    41    435 
  30    7    54    565 
  30    8    71    740 
  30    9    47    490 
  30   10    39    412 
  30   11    24    258 
  30   12    45    476 
  30   13    74    770 
  30   14    45    469 
  30   15    34    360 
  30   16    71    740 
  30   17    76    788 
  30   18    53    559 
  30   19    30    313 
  30   20    38    395 
  30   21    38    396 
  30   22    66    685 
  30   23    66    693 
  30   24    62    649 
  30   25    35    363 
  30   26    26    270 
  30   27    53    554 
  30   28    75    781 
  30   29    24    259 
  30   30    19    205 
  30   31    40    422 
  30   32    64    670 
  30   33    63    654 
  30   34    57    600 
  30   35    51    536 
  30   36    63    658 
  30   37    44    463 
  30   38    64    667 
  30   39    42    438 
  30   40    54    563 
  30   41    63    662 
  30   42    66    688 
  30   43    27    289 
  30   44    59    617 
  30   45    73    760 
  30   46    30    316 
  30   47    55    576 
  30   48    31    329 
  30   49    59    616 
  31    0    54    567 
  31    1    37    385 
  31    2    57    591 
  31    3    33    345 
  31    4    62    651 
  31    5    38    403 
  31    6    50    527 
  31    7    23    242 
  31    8    23    239 
  31    9    76    789 
  31   10    24    250 
  31   11    62    651 
  31   12    31    324 
  31   13    36    374 
  31   14    54    566 
  31   15    74    777 
  31   16    69    717 
  31   17    65    682 
  31   18    65    679 
  31   19    43    452 
  31   20    35    363 
  31   21    32    336 
  31   22    24    259 
  31   23    54    564 
  31   24    43    454 
  31   25    74    774 
  31   26    39    408 
  31   27    22    237 
  31   28    26    277 
  31   29    39    405 
  31   30    64    668 
  31   31    45    467 
  31   32    73    759 
  31   33    68    705 
  31   34    39    408 
  31   35    34    360 
  31   36    27    288 
  31   37    46    480 
  31   38    27    287 
  31   39    45    473 
  31   40    41    434 
  31   41    24    251 
  31   42    20    216 
  31   43    69    721 
  31   44    23    244 
  31   45    61    638 
  31   46    20    210 
  31   47    28    293 
  31   48    61    633 
  31   49    71    737 
  32    0    63    654 
  32    1    45    472 
  32    2    71    746 
  32    3    58    602 
  32    4    28    300 
  32    5    32    337 
  32    6    50    527 
  32    7    28    295 
  32    8    53    558 
  32    9    74    771 
  32   10    30    314 
  32   11    32    338 
  32   12    28    300 
  32   13    47    496 
  32   14    40    424 
  32   15    75    780 
  32   16    76    789 
  32   17    38    394 
  32   18    46    478 
  32   19    71    739 
  32   20    55    579 
  32   21    36    375 
  32   22    49    514 
  32   23    33    352 
  32   24    44    460 
  32   25    62    649 
  32   26    33    348 
  32   27    65    676 
  32   28    57    596 
  32   29    22    230 
  32   30    44    462 
  32   31    73    762 
  32   32    42    437 
  32   33    40    421 
  32   34    26    271 
  32   35    19    205 
  32   36    30    314 
  32   37    57    591 
  32   38    30    316 
  32   39    66    687 
  32   40    47    488 
  32   41    55    580 
  32   42    33    343 
  32   43    64    667 
  32   44    53    553 
  32   45    42    437 
  32   46    73    765 
  32   47    35    365 
  32   48    76    788 
  32   49    66    688 
  33    0    27    284 
  33    1    46    482 
  33    2    28    294 
  33    3    62    647 
  33    4    53    555 
  33    5    30    318 
  33    6    32    333 
  33    7    34    355 
  33    8    68    710 
  33    9    67    696 
  33   10    34    358 
  33   11    19    205 
  33   12    41    429 
  33   13    44    464 
  33   14    63    658 
  33   15    24    252 
  33   16    67    696 
  33   17    56    585 
  33   18    55    572 
  33   19    60    629 
  33   20    24    255 
  33   21    38    400 
  33   22    38    397 
  33   23    63    655 
  33   24    55    571 
  33   25    55    573 
  33   26    66    686 
  33   27    72    756 
  33   28    68    712 
  33   29    30    321 
  33   30    50    521 
  33   31    54    562 
  33   32    22    235 
  33   33    26    277 
  33   34    74    771 
  33   35    63    657 
  33   36    72    748 
  33   37    51    538 
  33   38    56    590 
  33   39    31    330 
  33   40    45    470 
  33   41    32    341 
  33   42    58    605 
  33   43    61    641 
  33   44    53    553 
  33   45    38    399 
  33   46    35    373 
  33   47    21    226 
  33   48    69    721 
  33   49    53    552 
  34    0    73    761 
  34    1    46    482 
  34    2    30    314 
  34    3    21    219 
  34    4    65    682 
  34    5    70    728 
  34    6    56    585 
  34    7    76    790 
  34    8    60    627 
  34    9    58    608 
  34   10    21    225 
  34   11    53    556 
  34   12    34    359 
  34   13    29    306 
  34   14    50    525 
  34   15    47    495 
  34   16    37    388 
  34   17    50    528 
  34   18    50    527 
  34   19    40    420 
  34   20    64    671 
  34   21    19    202 
  34   22    50    521 
  34   23    55    574 
  34   24    63    660 
  34   25    58    602 
  34   26    70    728 
  34   27    71    740 
  34   28    28    298 
  34   29    28    291 
  34   30    24    257 
  34   31    19    206 
  34   32    64    669 
  34   33    60    626 
  34   34    27    284 
  34   35    25    262 
  34   36    43    453 
  34   37    28    296 
  34   38    20    210 
  34   39    35    364 
  34   40    30    321 
  34   41    46    481 
  34   42    55    570 
  34   43    32    335 
  34   44    21    219 
  34   45    72    754 
  34   46    72    751 
  34   47    35    369 
  34   48    27    286 
  34   49    49    510 
  35    0    61    639 
  35    1    76    791 
  35    2    51    531 
  35    3    49    511 
  35    4    54    562 
  35    5    29    302 
  35    6    19    205 
  35    7    21    224 
  35    8    59    618 
  35    9    68    707 
  35   10    75    779 
  35   11    70    733 
  35   12    63    654 
  35   13    63    656 
  35   14    37    385 
  35   15    52    540 
  35   16    33    352 
  35   17    30    320 
  35   18    76    797 
  35   19    33    342 
  35   20    46    478 
  35   21    50    522 
  35   22    37    388 
  35   23    70    730 
  35   24    44    460 
  35   25    30    319 
  35   26    23    246 
  35   27    40    415 
  35   28    42    440 
  35   29    43    449 
  35   30    70    732 
  35   31    44    464 
  35   32    41    426 
  35   33    61    640 
  35   34    31    326 
  35   35    57    596 
  35   36    51    529 
  35   37    64    667 
  35   38    46    479 
  35   39    38    395 
  35   40    32    335 
  35   41    32    338 
  35   42    53    559 
  35   43    61    633 
  35   44    53    552 
  35   45    34    353 
  35   46    64    671 
  35   47    41    434 
  35   48    53    552 
  35   49    33    351 
  36    0    60    625 
  36    1    34    360 
  36    2    55    571 
  36    3    75    779 
  36    4    25    260 
  36    5    66    690 
  36    6    19    207 
  36    7    23    241 
  36    8    73    760 
  36    9    71    746 
  36   10    31    322 
  36   11    72    748 
  36   12    55    578 
  36   13    36    375 
  36   14    29    303 
  36   15    35    372 
  36   16    64    673 
  36   17    68    705 
  36   18    35    366 
  36   19    73    758 
  36   20    32    337 
  36   21    34    359 
  36   22    70    730 
  36   23    50    523 
  36   24    34    359 
  36   25    54    562 
  36   26    63    658 
  36   27    26    271 
  36   28    20    216 
  36   29    37    388 
  36   30    41    431 
  36   31    59    612 
  36   32    49    511 
  36   33    42    442 
  36   34    24    253 
  36   35    68    710 
  36   36    62    643 
  36   37    41    425 
  36   38    24    258 
  36   39    33    342 
  36   40    48    503 
  36   41    24    253 
  36   42    76    795 
  36   43    43    455 
  36   44    45    469 
  36   45    67    700 
  36   46    44    458 
  36   47    62    644 
  36   48    61    641 
  36   49    77    800 
  37    0    24    254 
  37    1    64    667 
  37    2    21    221 
  37    3    71    740 
  37    4    62    644 
  37    5    54    567 
  37    6    75    784 
  37    7    51    538 
  37    8    41    431 
  37    9    23    243 
  37   10    45    471 
  37   11    30    320 
  37   12    25    268 
  37   13    61    640 
  37   14    33    342 
  37   15    70    732 
  37   16    72    751 
  37   17    28    299 
  37   18    77    798 
  37   19    75    781 
  37   20    27    280 
  37   21    48    507 
  37   22    74    772 
  37   23    42    445 
  37   24    38    404 
  37   25    35    363 
  37   26    24    257 
  37   27    54    561 
  37   28    33    352 
  37   29    50    527 
  37   30    32    334 
  37   31    23    239 
  37   32    36    383 
  37   33    22    236 
  37   34    56    587 
  37   35    74    776 
  37   36    22    231 
  37   37    32    334 
  37   38    28    294 
  37   39    53    553 
  37   40    24    249 
  37   41    48    507 
  37   42    23    240 
  37   43    62    644 
  37   44    71    741 
  37   45    23    243 
  37   46    47    494 
  37   47    41    430 
  37   48    56    586 
  37   49    48    502 
  38    0    27    290 
  38    1    62    645 
  38    2    32    338 
  38    3    53    555 
  38    4    68    711 
  38    5    40    422 
  38    6    68    707 
  38    7    42    441 
  38    8    65    676 
  38    9    39    410 
  38   10    67    703 
  38   11    22    228 
  38   12    68    712 
  38   13    19    207 
  38   14    25    262 
  38   15    63    654 
  38   16    43    450 
  38   17    49    517 
  38   18    69    722 
  38   19    77    800 
  38   20    45    470 
  38   21    32    336 
  38   22    40    417 
  38   23    45    476 
  38   24    72    748 
  38   25    67    702 
  38   26    27    285 
  38   27    35    369 
  38   28    65    680 
  38   29    26    277 
  38   30    30    316 
  38   31    27    280 
  38   32    56    585 
  38   33    27    284 
  38   34    63    658 
  38   35    23    239 
  38   36    51    530 
  38   37    21    226 
  38   38    47    494 
  38   39    72    749 
  38   40    72    752 
  38   41    29    306 
  38   42    59    615 
  38   43    49    516 
  38   44    76    793 
  38   45    66    688 
  38   46    61    640 
  38   47    41    426 
  38   48    67    696 
  38   49    71    739 
  39    0    40    424 
  39    1    47    495 
  39    2    44    461 
  39    3    20    214 
  39    4    59    617 
  39    5    22    228 
  39    6    57    600 
  39    7    59    618 
  39    8    40    423 
  39    9    64    664 
  39   10    71    736 
  39   11    39    410 
  39   12    76    794 
  39   13    71    744 
  39   14    43    448 
  39   15    39    410 
  39   16    36    375 
  39   17    42    445 
  39   18    61    636 
  39   19    45    473 
  39   20    32    339 
  39   21    19    206 
  39   22    73    757 
  39   23    70    726 
  39   24    46    477 
  39   25    52    548 
  39   26    38    394 
  39   27    46    485 
  39   28    64    673 
  39   29    28    292 
  39   30    68    712 
  39   31    27    283 
  39   32    73    759 
  39   33    55    571 
  39   34    43    447 
  39   35    22    228 
  39   36    51    536 
  39   37    53    557 
  39   38    49    508 
  39   39    62    644 
  39   40    39    412 
  39   41    41    425 
  39   42    75    780 
  39   43    65    679 
  39   44    43    449 
  39   45    69    719 
  39   46    22    232 
  39   47    66    686 
  39   48    21    220 
  39   49    76    791 
  40    0    72    753 
  40    1    30    311 
  40    2    21    219 
  40    3    24    253 
  40    4    36    382 
  40    5    22    235 
  40    6    48    501 
  40    7    34    357 
  40    8    43    452 
  40    9    19    205 
  40   10    69    724 
  40   11    43    455 
  40   12    54    560 
  40   13    25    264 
  40   14    29    308 
  40   15    57    601 
  40   16    25    266 
  40   17    67    700 
  40   18    67    703 
  40   19    22    231 
  40   20    35    368 
  40   21    61    639 
  40   22    51    529 
  40   23    68    709 
  40   24    43    446 
  40   25    34    357 
  40   26    64    666 
  40   27    58    610 
  40   28    29    304 
  40   29    34    359 
  40   30    74    775 
  40   31    21    227 
  40   32    74    776 
  40   33    66    692 
  40   34    31    325 
  40   35    57    592 
  40   36    29    301 
  40   37    51    534 
  40   38    41    433 
  40   39    77    798 
  40   40    56    585 
  40   41    73    766 
  40   42    21    222 
  40   43    58    605 
  40   44    33    343 
  40   45    41    435 
  40   46    43    451 
  40   47    41    429 
  40   48    20    214 
  40   49    49    518 
  41    0    40    422 
  41    1    46    486 
  41    2    69    718 
  41    3    54    566 
  41    4    56    588 
  41    5    35    363 
  41    6    49    515 
  41    7    19    204 
  41    8    69    718 
  41    9    54    569 
  41   10    48    504 
  41   11    30    316 
  41   12    61    640 
  41   13    34    355 
  41   14    22    228 
  41   15    73    762 
  41   16    26    279 
  41   17    39    412 
  41   18    28    291 
  41   19    75    786 
  41   20    70    728 
  41   21    24    253 
  41   22    29    302 
  41   23    65    680 
  41   24    36    377 
  41   25    50    523 
  41   26    50    523 
  41   27    40    417 
  41   28    28    299 
  41   29    39    408 
  41   30    48    502 
  41   31    60    630 
  41   32    75    781 
  41   33    25    269 
  41   34    57    600 
  41   35    57    593 
  41   36    49    513 
  41   37    57    599 
  41   38    43    450 
  41   39    38    403 
  41   40    69    720 
  41   41    58    606 
  41   42    66    689 
  41   43    68    714 
  41   44    31    326 
  41   45    29    305 
  41   46    28    295 
  41   47    58    607 
  41   48    52    542 
  41   49    76    796 
  42    0    49    514 
  42    1    32    339 
  42    2    47    490 
  42    3    62    644 
  42    4    49    511 
  42    5    27    286 
  42    6    52    547 
  42    7    63    654 
  42    8    36    377 
  42    9    59    613 
  42   10    54    563 
  42   11    49    508 
  42   12    30    313 
  42   13    50    520 
  42   14    70    728 
  42   15    38    395 
  42   16    64    670 
  42   17    40    418 
  42   18    32    335 
  42   19    72    756 
  42   20    22    229 
  42   21    51    537 
  42   22    48    504 
  42   23    41    427 
  42   24    75    784 
  42   25    63    662 
  42   26    74    768 
  42   27    30    313 
  42   28    26    274 
  42   29    57    598 
  42   30    31    326 
  42   31    46    486 
  42   32    55    575 
  42   33    45    468 
  42   34    68    706 
  42   35    49    508 
  42   36    22    235 
  42   37    22    237 
  42   38    37    384 
  42   39    62    646 
  42   40    74    769 
  42   41    61    641 
  42   42    30    313 
  42   43    66    687 
  42   44    52    547 
  42   45    23    243 
  42   46    65    681 
  42   47    24    250 
  42   48    66    684 
  42   49    50    521 
  43    0    51    537 
  43    1    38    398 
  43    2    28    294 
  43    3    50    524 
  43    4    41    430 
  43    5    49    508 
  43    6    45    475 
  43    7    32    339 
  43    8    61    635 
  43    9    28    292 
  43   10    55    578 
  43   11    51    529 
  43   12    65    681 
  43   13    41    432 
  43   14    67    697 
  43   15    22    230 
  43   16    39    411 
  43   17    74    771 
  43   18    75    785 
  43   19    56    583 
  43   20    39    408 
  43   21    22    235 
  43   22    74    777 
  43   23    59    615 
  43   24    48    503 
  43   25    75    783 
  43   26    20    215 
  43   27    51    537 
  43   28    72    749 
  43   29    52    543 
  43   30    42    442 
  43   31    32    334 
  43   32    49    508 
  43   33    23    245 
  43   34    68    711 
  43   35    52    543 
  43   36    25    261 
  43   37    43    447 
  43   38    33    350 
  43   39    63    653 
  43   40    20    216 
  43   41    63    659 
  43   42    26    278 
  43   43    76    795 
  43   44    44    460 
  43   45    75    784 
  43   46    55    573 
  43   47    61    636 
  43   48    25    263 
  43   49    39    409 
  44    0    34    355 
  44    1    74    768 
  44    2    47    489 
  44    3    71    738 
  44    4    72    752 
  44    5    19    200 
  44    6    43    448 
  44    7    57    591 
  44    8    57    592 
  44    9    54    564 
  44   10    65    678 
  44   11    50    527 
  44   12    70    733 
  44   13    60    622 
  44   14    33    346 
  44   15    31    327 
  44   16    50    519 
  44   17    21    223 
  44   18    60    629 
  44   19    23    247 
  44   20    47    494 
  44   21    60    630 
  44   22    19    202 
  44   23    26    276 
  44   24    76    790 
  44   25    28    299 
  44   26    59    618 
  44   27    50    528 
  44   28    24    254 
  44   29    43    450 
  44   30    41    430 
  44   31    51    530 
  44   32    63    659 
  44   33    27    290 
  44   34    20    215 
  44   35    50    528 
  44   36    74    776 
  44   37    37    393 
  44   38    41    435 
  44   39    73    758 
  44   40    44    463 
  44   41    44    456 
  44   42    51    535 
  44   43    44    462 
  44   44    53    557 
  44   45    25    265 
  44   46    27    287 
  44   47    30    317 
  44   48    45    474 
  44   49    68    707 
  45    0    30    314 
  45    1    30    313 
  45    2    67    698 
  45    3    27    287 
  45    4    20    213 
  45    5    63    657 
  45    6    64    672 
  45    7    35    373 
  45    8    29    308 
  45    9    27    280 
  45   10    39    410 
  45   11    38    396 
  45   12    59    614 
  45   13    27    288 
  45   14    25    266 
  45   15    40    423 
  45   16    56    590 
  45   17    48    500 
  45   18    35    371 
  45   19    57    599 
  45   20    60    622 
  45   21    30    319 
  45   22    31    330 
  45   23    60    628 
  45   24    60    628 
  45   25    67    696 
  45   26    73    761 
  45   27    32    337 
  45   28    67    701 
  45   29    71    738 
  45   30    31    331 
  45   31    40    417 
  45   32    46    478 
  45   33    77    800 
  45   34    51    534 
  45   35    43    450 
  45   36    30    321 
  45   37    48    502 
  45   38    21    226 
  45   39    49    517 
  45   40    67    700 
  45   41    39    409 
  45   42    25    263 
  45   43    72    749 
  45   44    30    311 
  45   45    60    632 
  45   46    38    404 
  45   47    33    345 
  45   48    21    219 
  45   49    69    724 
  46    0    29    308 
  46    1    33    347 
  46    2    35    366 
  46    3    39    412 
  46    4    25    269 
  46    5    30    321 
  46    6    31    324 
  46    7    72    753 
  46    8    72    750 
  46    9    60    631 
  46   10    53    553 
  46   11    20    214 
  46   12    59    620 
  46   13    47    493 
  46   14    46    487 
  46   15    75    779 
  46   16    76    794 
  46   17    56    584 
  46   18    65    681 
  46   19    29    303 
  46   20    20    216 
  46   21    27    282 
  46   22    54    567 
  46   23    46    484 
  46   24    30    311 
  46   25    46    477 
  46   26    64    671 
  46   27    58    608 
  46   28    62    645 
  46   29    44    464 
  46   30    66    689 
  46   31    43    446 
  46   32    52    541 
  46   33    50    527 
  46   34    62    647 
  46   35    21    225 
  46   36    53    554 
  46   37    24    259 
  46   38    47    491 
  46   39    21    221 
  46   40    55    571 
  46   41    72    754 
  46   42    41    432 
  46   43    62    649 
  46   44    28    296 
  46   45    56    583 
  46   46    50    522 
  46   47    56    583 
  46   48    21    224 
  46   49    29    309 
  47    0    36    381 
  47    1    71    742 
  47    2    41    429 
  47    3    40    422 
  47    4    44    463 
  47    5    73    763 
  47    6    72    755 
  47    7    46    481 
  47    8    52    547 
  47    9    69    716 
  47   10    76    789 
  47   11    28    297 
  47   12    24    252 
  47   13    19    202 
  47   14    69    724 
  47   15    69    718 
  47   16    72    751 
  47   17    73    763 
  47   18    72    748 
  47   19    57    594 
  47   20    71    742 
  47   21    30    318 
  47   22    33    343 
  47   23    47    494 
  47   24    47    488 
  47   25    51    534 
  47   26    55    578 
  47   27    37    387 
  47   28    76    792 
  47   29    61    640 
  47   30    59    619 
  47   31    60    628 
  47   32    43    447 
  47   33    36    375 
  47   34    52    542 
  47   35    44    456 
  47   36    28    292 
  47   37    65    683 
  47   38    36    375 
  47   39    59    614 
  47   40    70    733 
  47   41    48    498 
  47   42    20    209 
  47   43    23    247 
  47   44    68    713 
  47   45    29    305 
  47   46    56    586 
  47   47    58    603 
  47   48    70    727 
  47   49    76    794 
  48    0    34    355 
  48    1    28    297 
  48    2    67    698 
  48    3    20    213 
  48    4    47    489 
  48    5    68    711 
  48    6    61    640 
  48    7    69    725 
  48    8    49    509 
  48    9    42    437 
  48   10    50    522 
  48   11    25    260 
  48   12    50    526 
  48   13    56    584 
  48   14    48    500 
  48   15    61    640 
  48   16    41    433 
  48   17    56    586 
  48   18    52    540 
  48   19    33    343 
  48   20    66    690 
  48   21    29    310 
  48   22    31    327 
  48   23    28    291 
  48   24    27    282 
  48   25    43    455 
  48   26    54    567 
  48   27    53    558 
  48   28    75    784 
  48   29    37    386 
  48   30    68    707 
  48   31    26    273 
  48   32    49    513 
  48   33    41    429 
  48   34    48    507 
  48   35    34    361 
  48   36    29    301 
  48   37    56    589 
  48   38    63    658 
  48   39    47    493 
  48   40    21    222 
  48   41    71    743 
  48   42    74    768 
  48   43    62    651 
  48   44    32    339 
  48   45    25    262 
  48   46    58    609 
  48   47    53    556 
  48   48    42    439 
  48   49    64    670 
  49    0    45    468 
  49    1    26    271 
  49    2    54    569 
  49    3    62    646 
  49    4    32    341 
  49    5    70    734 
  49    6    50    524 
  49    7    44    458 
  49    8    36    376 
  49    9    24    251 
  49   10    51    534 
  49   11    38    402 
  49   12    64    673 
  49   13    55    578 
  49   14    48    498 
  49   15    54    562 
  49   16    61    636 
  49   17    68    711 
  49   18    30    318 
  49   19    67    696 
  49   20    70    730 
  49   21    26    272 
  49   22    62    649 
  49   23    66    684 
  49   24    68    710 
  49   25    65    677 
  49   26    47    496 
  49   27    53    557 
  49   28    61    640 
  49   29    24    254 
  49   30    53    551 
  49   31    56    590 
  49   32    19    206 
  49   33    72    748 
  49   34    39    414 
  49   35    73    766 
  49   36    71    746 
  49   37    21    226 
  49   38    54    568 
  49   39    38    395 
  49   40    65    683 
  49   41    24    254 
  49   42    28    295 
  49   43    51    536 
  49   44    38    401 
  49   45    56    590 
  49   46    65    678 
  49   47    27    290 
  49   48    56    588 
  49   49    67    698 
