 50
 50

    8
    3
   13
   16
   19
   18
   14
    4
    7
    4
   17
   20
   15
   13
    6
   18
    1
   17
   10
   13
   15
    1
   12
    4
   14
   12
   11
   14
   16
    4
    8
   10
    9
   20
   18
   13
    5
    5
   13
    1
   19
    5
    8
    6
   19
   17
    7
   11
   11
   12

    6
    8
   19
    8
    6
   20
   20
    8
    5
   16
    8
   19
   11
    5
   20
   19
   19
   10
    8
    4
    6
   12
    5
   19
   16
    3
    2
    2
   18
    6
   17
   10
   13
   15
    5
   15
    8
   19
   14
   18
    9
    6
    3
    5
   13
   14
   17
    7
    7
   13

   0    0    31    359 
   0    1    49    558 
   0    2    23    259 
   0    3    52    594 
   0    4    35    394 
   0    5    62    704 
   0    6    42    474 
   0    7    57    645 
   0    8    26    301 
   0    9    63    717 
   0   10    38    435 
   0   11    38    432 
   0   12    66    752 
   0   13    37    422 
   0   14    22    251 
   0   15    65    739 
   0   16    47    537 
   0   17    47    532 
   0   18    70    790 
   0   19    63    711 
   0   20    19    219 
   0   21    38    428 
   0   22    60    685 
   0   23    27    304 
   0   24    65    734 
   0   25    55    622 
   0   26    47    539 
   0   27    52    591 
   0   28    25    291 
   0   29    49    551 
   0   30    36    412 
   0   31    27    305 
   0   32    21    237 
   0   33    45    508 
   0   34    46    521 
   0   35    41    467 
   0   36    67    761 
   0   37    61    693 
   0   38    35    401 
   0   39    62    703 
   0   40    55    629 
   0   41    49    559 
   0   42    40    454 
   0   43    18    204 
   0   44    67    757 
   0   45    28    322 
   0   46    20    226 
   0   47    30    341 
   0   48    22    248 
   0   49    41    462 
   1    0    43    486 
   1    1    49    556 
   1    2    46    525 
   1    3    66    747 
   1    4    60    676 
   1    5    68    774 
   1    6    62    699 
   1    7    30    342 
   1    8    26    295 
   1    9    25    290 
   1   10    40    460 
   1   11    41    464 
   1   12    26    302 
   1   13    52    591 
   1   14    19    217 
   1   15    39    449 
   1   16    69    785 
   1   17    62    703 
   1   18    44    502 
   1   19    24    275 
   1   20    25    281 
   1   21    47    529 
   1   22    56    631 
   1   23    24    275 
   1   24    21    247 
   1   25    61    692 
   1   26    38    436 
   1   27    44    495 
   1   28    17    201 
   1   29    41    471 
   1   30    44    503 
   1   31    43    483 
   1   32    21    243 
   1   33    37    420 
   1   34    58    657 
   1   35    37    417 
   1   36    65    735 
   1   37    21    245 
   1   38    52    595 
   1   39    48    543 
   1   40    42    481 
   1   41    61    690 
   1   42    60    683 
   1   43    58    652 
   1   44    20    231 
   1   45    48    546 
   1   46    36    415 
   1   47    36    411 
   1   48    67    763 
   1   49    38    430 
   2    0    21    241 
   2    1    60    674 
   2    2    65    739 
   2    3    43    485 
   2    4    68    769 
   2    5    33    373 
   2    6    41    469 
   2    7    48    543 
   2    8    57    646 
   2    9    27    313 
   2   10    35    401 
   2   11    68    774 
   2   12    33    375 
   2   13    39    445 
   2   14    53    604 
   2   15    58    653 
   2   16    23    260 
   2   17    51    575 
   2   18    23    264 
   2   19    32    368 
   2   20    27    309 
   2   21    70    795 
   2   22    27    308 
   2   23    54    615 
   2   24    32    366 
   2   25    19    214 
   2   26    24    277 
   2   27    28    319 
   2   28    33    371 
   2   29    59    664 
   2   30    50    569 
   2   31    24    278 
   2   32    39    443 
   2   33    19    219 
   2   34    42    474 
   2   35    22    250 
   2   36    26    301 
   2   37    38    427 
   2   38    33    376 
   2   39    22    251 
   2   40    25    285 
   2   41    35    404 
   2   42    36    414 
   2   43    69    781 
   2   44    65    734 
   2   45    41    462 
   2   46    28    316 
   2   47    39    447 
   2   48    55    619 
   2   49    61    689 
   3    0    56    632 
   3    1    55    622 
   3    2    52    587 
   3    3    31    359 
   3    4    24    280 
   3    5    65    740 
   3    6    52    589 
   3    7    44    500 
   3    8    37    421 
   3    9    53    600 
   3   10    45    510 
   3   11    53    598 
   3   12    59    671 
   3   13    36    405 
   3   14    23    265 
   3   15    61    695 
   3   16    25    290 
   3   17    52    588 
   3   18    27    313 
   3   19    50    563 
   3   20    48    544 
   3   21    57    641 
   3   22    18    208 
   3   23    59    673 
   3   24    57    647 
   3   25    45    512 
   3   26    59    672 
   3   27    30    345 
   3   28    62    702 
   3   29    21    240 
   3   30    20    226 
   3   31    55    625 
   3   32    42    481 
   3   33    32    369 
   3   34    37    424 
   3   35    50    567 
   3   36    62    701 
   3   37    49    552 
   3   38    46    520 
   3   39    20    229 
   3   40    26    294 
   3   41    42    478 
   3   42    60    684 
   3   43    38    438 
   3   44    40    450 
   3   45    57    642 
   3   46    43    483 
   3   47    34    389 
   3   48    23    269 
   3   49    59    665 
   4    0    33    372 
   4    1    55    625 
   4    2    33    381 
   4    3    43    492 
   4    4    47    537 
   4    5    21    244 
   4    6    23    263 
   4    7    69    786 
   4    8    70    797 
   4    9    68    767 
   4   10    35    403 
   4   11    17    200 
   4   12    60    677 
   4   13    36    410 
   4   14    44    501 
   4   15    59    665 
   4   16    54    615 
   4   17    28    325 
   4   18    63    714 
   4   19    46    525 
   4   20    56    633 
   4   21    60    682 
   4   22    61    687 
   4   23    36    415 
   4   24    40    452 
   4   25    60    681 
   4   26    48    550 
   4   27    53    604 
   4   28    50    565 
   4   29    36    414 
   4   30    40    454 
   4   31    65    733 
   4   32    36    413 
   4   33    34    384 
   4   34    26    301 
   4   35    40    458 
   4   36    58    661 
   4   37    36    415 
   4   38    40    452 
   4   39    47    537 
   4   40    20    225 
   4   41    49    553 
   4   42    23    268 
   4   43    24    280 
   4   44    43    488 
   4   45    39    442 
   4   46    60    685 
   4   47    60    674 
   4   48    67    753 
   4   49    26    293 
   5    0    43    488 
   5    1    48    548 
   5    2    36    408 
   5    3    21    247 
   5    4    69    779 
   5    5    70    791 
   5    6    51    576 
   5    7    27    309 
   5    8    47    534 
   5    9    21    240 
   5   10    37    421 
   5   11    44    505 
   5   12    47    533 
   5   13    57    645 
   5   14    53    601 
   5   15    70    790 
   5   16    18    208 
   5   17    53    606 
   5   18    64    724 
   5   19    49    555 
   5   20    19    218 
   5   21    59    672 
   5   22    42    474 
   5   23    29    335 
   5   24    56    633 
   5   25    39    447 
   5   26    34    389 
   5   27    32    366 
   5   28    60    676 
   5   29    29    336 
   5   30    66    742 
   5   31    19    223 
   5   32    25    287 
   5   33    26    297 
   5   34    32    368 
   5   35    65    738 
   5   36    27    314 
   5   37    31    354 
   5   38    28    325 
   5   39    33    375 
   5   40    55    626 
   5   41    40    455 
   5   42    63    717 
   5   43    44    504 
   5   44    34    385 
   5   45    68    768 
   5   46    51    579 
   5   47    60    684 
   5   48    33    381 
   5   49    39    449 
   6    0    37    426 
   6    1    66    745 
   6    2    29    326 
   6    3    18    213 
   6    4    58    656 
   6    5    62    698 
   6    6    36    409 
   6    7    63    716 
   6    8    59    667 
   6    9    24    276 
   6   10    57    648 
   6   11    65    734 
   6   12    45    511 
   6   13    65    735 
   6   14    61    695 
   6   15    31    350 
   6   16    24    276 
   6   17    44    501 
   6   18    40    456 
   6   19    43    484 
   6   20    71    799 
   6   21    35    396 
   6   22    45    514 
   6   23    63    710 
   6   24    69    785 
   6   25    62    705 
   6   26    68    768 
   6   27    39    444 
   6   28    50    562 
   6   29    58    660 
   6   30    26    303 
   6   31    68    773 
   6   32    45    509 
   6   33    51    573 
   6   34    22    249 
   6   35    41    470 
   6   36    47    535 
   6   37    61    692 
   6   38    63    715 
   6   39    50    568 
   6   40    54    615 
   6   41    28    322 
   6   42    35    396 
   6   43    33    380 
   6   44    52    588 
   6   45    27    310 
   6   46    31    352 
   6   47    67    756 
   6   48    60    677 
   6   49    60    680 
   7    0    46    524 
   7    1    29    334 
   7    2    33    374 
   7    3    69    782 
   7    4    53    602 
   7    5    68    770 
   7    6    37    425 
   7    7    52    594 
   7    8    50    567 
   7    9    36    415 
   7   10    42    476 
   7   11    36    405 
   7   12    36    405 
   7   13    53    602 
   7   14    36    408 
   7   15    57    650 
   7   16    55    620 
   7   17    48    550 
   7   18    39    449 
   7   19    22    257 
   7   20    54    614 
   7   21    37    420 
   7   22    20    228 
   7   23    21    245 
   7   24    52    588 
   7   25    39    445 
   7   26    54    610 
   7   27    64    726 
   7   28    57    650 
   7   29    64    720 
   7   30    69    784 
   7   31    67    754 
   7   32    30    348 
   7   33    40    457 
   7   34    40    459 
   7   35    33    378 
   7   36    41    470 
   7   37    18    211 
   7   38    42    482 
   7   39    63    710 
   7   40    33    378 
   7   41    65    737 
   7   42    24    271 
   7   43    67    759 
   7   44    56    638 
   7   45    69    784 
   7   46    27    313 
   7   47    46    522 
   7   48    17    200 
   7   49    32    365 
   8    0    39    446 
   8    1    43    489 
   8    2    43    489 
   8    3    64    729 
   8    4    53    598 
   8    5    41    465 
   8    6    25    283 
   8    7    41    471 
   8    8    19    214 
   8    9    60    683 
   8   10    59    668 
   8   11    59    667 
   8   12    47    538 
   8   13    55    623 
   8   14    53    603 
   8   15    64    720 
   8   16    32    370 
   8   17    39    440 
   8   18    60    676 
   8   19    61    690 
   8   20    69    780 
   8   21    69    785 
   8   22    67    754 
   8   23    66    752 
   8   24    44    498 
   8   25    65    737 
   8   26    64    726 
   8   27    66    746 
   8   28    20    231 
   8   29    67    761 
   8   30    59    665 
   8   31    27    312 
   8   32    27    312 
   8   33    30    347 
   8   34    44    500 
   8   35    19    224 
   8   36    22    253 
   8   37    30    338 
   8   38    26    303 
   8   39    43    488 
   8   40    51    577 
   8   41    63    715 
   8   42    66    750 
   8   43    69    776 
   8   44    59    663 
   8   45    54    612 
   8   46    36    410 
   8   47    50    562 
   8   48    29    336 
   8   49    30    348 
   9    0    59    667 
   9    1    31    353 
   9    2    59    670 
   9    3    61    686 
   9    4    31    356 
   9    5    25    291 
   9    6    19    216 
   9    7    47    536 
   9    8    40    458 
   9    9    47    534 
   9   10    61    688 
   9   11    46    527 
   9   12    31    356 
   9   13    62    703 
   9   14    36    405 
   9   15    53    597 
   9   16    23    267 
   9   17    30    339 
   9   18    27    309 
   9   19    21    245 
   9   20    17    202 
   9   21    64    727 
   9   22    67    757 
   9   23    60    682 
   9   24    67    757 
   9   25    62    699 
   9   26    20    235 
   9   27    51    580 
   9   28    25    283 
   9   29    48    541 
   9   30    23    269 
   9   31    37    425 
   9   32    51    579 
   9   33    60    685 
   9   34    53    599 
   9   35    34    391 
   9   36    46    517 
   9   37    52    585 
   9   38    53    599 
   9   39    55    621 
   9   40    55    626 
   9   41    23    264 
   9   42    19    224 
   9   43    56    638 
   9   44    46    527 
   9   45    45    508 
   9   46    47    533 
   9   47    67    758 
   9   48    64    730 
   9   49    18    203 
  10    0    20    233 
  10    1    60    674 
  10    2    29    326 
  10    3    65    732 
  10    4    64    725 
  10    5    37    422 
  10    6    28    324 
  10    7    62    705 
  10    8    53    601 
  10    9    41    467 
  10   10    36    410 
  10   11    44    499 
  10   12    65    737 
  10   13    51    584 
  10   14    28    325 
  10   15    46    523 
  10   16    20    230 
  10   17    29    326 
  10   18    34    391 
  10   19    59    665 
  10   20    64    728 
  10   21    17    202 
  10   22    55    624 
  10   23    34    386 
  10   24    50    565 
  10   25    46    527 
  10   26    49    559 
  10   27    39    441 
  10   28    68    764 
  10   29    26    296 
  10   30    17    201 
  10   31    40    451 
  10   32    45    508 
  10   33    39    448 
  10   34    38    435 
  10   35    47    536 
  10   36    42    476 
  10   37    33    379 
  10   38    59    666 
  10   39    47    534 
  10   40    20    234 
  10   41    59    664 
  10   42    27    311 
  10   43    68    764 
  10   44    67    759 
  10   45    42    479 
  10   46    45    510 
  10   47    46    525 
  10   48    56    633 
  10   49    63    714 
  11    0    21    237 
  11    1    32    364 
  11    2    53    600 
  11    3    27    304 
  11    4    43    484 
  11    5    44    503 
  11    6    24    273 
  11    7    30    339 
  11    8    35    399 
  11    9    70    789 
  11   10    29    330 
  11   11    43    491 
  11   12    30    348 
  11   13    26    299 
  11   14    57    651 
  11   15    54    615 
  11   16    66    743 
  11   17    58    657 
  11   18    26    293 
  11   19    56    636 
  11   20    33    371 
  11   21    20    227 
  11   22    19    216 
  11   23    44    498 
  11   24    29    328 
  11   25    61    693 
  11   26    54    611 
  11   27    25    292 
  11   28    27    311 
  11   29    19    215 
  11   30    28    318 
  11   31    63    710 
  11   32    52    589 
  11   33    27    314 
  11   34    18    206 
  11   35    36    410 
  11   36    33    379 
  11   37    48    550 
  11   38    44    495 
  11   39    57    643 
  11   40    44    495 
  11   41    21    237 
  11   42    46    520 
  11   43    68    770 
  11   44    23    263 
  11   45    42    472 
  11   46    50    566 
  11   47    21    241 
  11   48    21    247 
  11   49    54    616 
  12    0    70    794 
  12    1    58    656 
  12    2    48    546 
  12    3    21    241 
  12    4    47    531 
  12    5    53    603 
  12    6    39    447 
  12    7    62    704 
  12    8    22    252 
  12    9    44    499 
  12   10    43    485 
  12   11    60    681 
  12   12    56    640 
  12   13    69    782 
  12   14    61    686 
  12   15    64    724 
  12   16    40    453 
  12   17    49    558 
  12   18    18    209 
  12   19    47    533 
  12   20    37    419 
  12   21    55    627 
  12   22    58    659 
  12   23    60    677 
  12   24    24    277 
  12   25    22    252 
  12   26    27    305 
  12   27    24    275 
  12   28    60    682 
  12   29    52    593 
  12   30    50    569 
  12   31    65    732 
  12   32    42    481 
  12   33    68    764 
  12   34    21    245 
  12   35    37    418 
  12   36    42    482 
  12   37    18    208 
  12   38    50    562 
  12   39    49    555 
  12   40    51    580 
  12   41    56    639 
  12   42    37    418 
  12   43    55    620 
  12   44    65    732 
  12   45    57    645 
  12   46    29    326 
  12   47    19    224 
  12   48    67    756 
  12   49    68    766 
  13    0    52    586 
  13    1    44    502 
  13    2    26    299 
  13    3    44    502 
  13    4    53    606 
  13    5    50    566 
  13    6    55    628 
  13    7    34    383 
  13    8    56    634 
  13    9    22    257 
  13   10    29    326 
  13   11    36    408 
  13   12    23    260 
  13   13    57    641 
  13   14    50    570 
  13   15    34    382 
  13   16    37    416 
  13   17    34    388 
  13   18    60    678 
  13   19    45    509 
  13   20    21    237 
  13   21    67    753 
  13   22    59    664 
  13   23    45    516 
  13   24    37    418 
  13   25    54    607 
  13   26    68    769 
  13   27    34    382 
  13   28    37    416 
  13   29    27    313 
  13   30    49    554 
  13   31    66    743 
  13   32    64    728 
  13   33    18    211 
  13   34    48    547 
  13   35    29    330 
  13   36    54    613 
  13   37    63    709 
  13   38    45    508 
  13   39    21    243 
  13   40    21    245 
  13   41    34    386 
  13   42    46    523 
  13   43    25    283 
  13   44    43    493 
  13   45    66    750 
  13   46    44    502 
  13   47    60    681 
  13   48    28    319 
  13   49    35    396 
  14    0    65    731 
  14    1    61    692 
  14    2    41    462 
  14    3    20    227 
  14    4    45    509 
  14    5    20    229 
  14    6    27    310 
  14    7    30    343 
  14    8    70    796 
  14    9    23    267 
  14   10    55    622 
  14   11    30    337 
  14   12    69    776 
  14   13    38    436 
  14   14    43    487 
  14   15    37    424 
  14   16    21    239 
  14   17    48    540 
  14   18    51    577 
  14   19    22    255 
  14   20    32    368 
  14   21    28    321 
  14   22    60    681 
  14   23    62    700 
  14   24    57    650 
  14   25    35    402 
  14   26    27    312 
  14   27    67    756 
  14   28    55    627 
  14   29    36    413 
  14   30    40    453 
  14   31    67    759 
  14   32    34    384 
  14   33    60    682 
  14   34    57    642 
  14   35    45    515 
  14   36    64    722 
  14   37    38    428 
  14   38    54    611 
  14   39    17    202 
  14   40    39    439 
  14   41    58    658 
  14   42    20    227 
  14   43    32    367 
  14   44    50    569 
  14   45    61    687 
  14   46    41    461 
  14   47    64    723 
  14   48    36    412 
  14   49    46    524 
  15    0    29    326 
  15    1    36    408 
  15    2    60    683 
  15    3    48    541 
  15    4    20    230 
  15    5    35    394 
  15    6    21    238 
  15    7    36    405 
  15    8    41    471 
  15    9    51    581 
  15   10    33    381 
  15   11    35    394 
  15   12    20    233 
  15   13    56    635 
  15   14    39    449 
  15   15    45    512 
  15   16    63    714 
  15   17    28    320 
  15   18    37    418 
  15   19    20    228 
  15   20    36    410 
  15   21    23    261 
  15   22    29    336 
  15   23    19    214 
  15   24    22    251 
  15   25    39    439 
  15   26    25    283 
  15   27    17    202 
  15   28    32    370 
  15   29    37    420 
  15   30    40    451 
  15   31    34    382 
  15   32    22    250 
  15   33    36    406 
  15   34    36    410 
  15   35    66    750 
  15   36    24    273 
  15   37    42    480 
  15   38    43    492 
  15   39    36    408 
  15   40    65    740 
  15   41    28    322 
  15   42    65    740 
  15   43    47    533 
  15   44    32    363 
  15   45    38    431 
  15   46    35    404 
  15   47    59    664 
  15   48    53    606 
  15   49    31    353 
  16    0    45    513 
  16    1    49    551 
  16    2    33    376 
  16    3    61    694 
  16    4    37    425 
  16    5    68    768 
  16    6    39    445 
  16    7    65    737 
  16    8    25    292 
  16    9    33    380 
  16   10    32    363 
  16   11    34    384 
  16   12    44    500 
  16   13    56    639 
  16   14    29    332 
  16   15    55    627 
  16   16    29    334 
  16   17    43    488 
  16   18    42    479 
  16   19    47    528 
  16   20    57    651 
  16   21    28    321 
  16   22    22    249 
  16   23    24    277 
  16   24    21    247 
  16   25    33    378 
  16   26    36    413 
  16   27    50    568 
  16   28    40    456 
  16   29    44    502 
  16   30    62    697 
  16   31    30    347 
  16   32    66    745 
  16   33    41    470 
  16   34    59    667 
  16   35    69    780 
  16   36    70    795 
  16   37    30    337 
  16   38    46    521 
  16   39    41    471 
  16   40    32    367 
  16   41    40    457 
  16   42    58    653 
  16   43    31    356 
  16   44    50    570 
  16   45    39    439 
  16   46    45    513 
  16   47    37    421 
  16   48    31    349 
  16   49    40    451 
  17    0    26    294 
  17    1    69    780 
  17    2    37    426 
  17    3    70    793 
  17    4    41    465 
  17    5    32    370 
  17    6    19    215 
  17    7    35    397 
  17    8    28    324 
  17    9    32    364 
  17   10    37    419 
  17   11    39    439 
  17   12    41    463 
  17   13    18    213 
  17   14    50    566 
  17   15    44    498 
  17   16    29    330 
  17   17    69    782 
  17   18    41    461 
  17   19    60    682 
  17   20    34    382 
  17   21    20    227 
  17   22    52    590 
  17   23    22    250 
  17   24    30    342 
  17   25    61    695 
  17   26    48    540 
  17   27    23    263 
  17   28    59    668 
  17   29    50    571 
  17   30    31    349 
  17   31    39    448 
  17   32    68    768 
  17   33    51    577 
  17   34    27    310 
  17   35    69    777 
  17   36    34    385 
  17   37    32    361 
  17   38    36    411 
  17   39    59    668 
  17   40    67    760 
  17   41    31    356 
  17   42    21    237 
  17   43    63    712 
  17   44    43    492 
  17   45    56    634 
  17   46    55    624 
  17   47    51    579 
  17   48    52    590 
  17   49    33    377 
  18    0    40    452 
  18    1    31    355 
  18    2    18    207 
  18    3    19    218 
  18    4    67    757 
  18    5    69    782 
  18    6    63    710 
  18    7    55    627 
  18    8    65    731 
  18    9    34    388 
  18   10    53    606 
  18   11    45    515 
  18   12    47    539 
  18   13    70    793 
  18   14    54    611 
  18   15    50    564 
  18   16    26    295 
  18   17    47    539 
  18   18    63    713 
  18   19    51    577 
  18   20    55    629 
  18   21    34    389 
  18   22    57    642 
  18   23    21    238 
  18   24    54    609 
  18   25    41    463 
  18   26    62    701 
  18   27    66    746 
  18   28    60    680 
  18   29    26    297 
  18   30    60    674 
  18   31    18    204 
  18   32    36    408 
  18   33    67    761 
  18   34    34    393 
  18   35    20    230 
  18   36    33    371 
  18   37    25    286 
  18   38    38    437 
  18   39    53    597 
  18   40    39    443 
  18   41    27    314 
  18   42    31    353 
  18   43    18    207 
  18   44    20    234 
  18   45    30    339 
  18   46    38    427 
  18   47    68    772 
  18   48    54    612 
  18   49    19    219 
  19    0    30    339 
  19    1    51    575 
  19    2    61    688 
  19    3    45    512 
  19    4    69    785 
  19    5    30    346 
  19    6    54    613 
  19    7    68    775 
  19    8    58    655 
  19    9    64    720 
  19   10    18    204 
  19   11    62    702 
  19   12    67    757 
  19   13    58    658 
  19   14    41    465 
  19   15    36    408 
  19   16    57    643 
  19   17    47    537 
  19   18    65    739 
  19   19    55    629 
  19   20    34    384 
  19   21    46    523 
  19   22    53    596 
  19   23    26    300 
  19   24    19    214 
  19   25    35    403 
  19   26    23    263 
  19   27    24    270 
  19   28    27    307 
  19   29    64    730 
  19   30    34    387 
  19   31    54    615 
  19   32    66    748 
  19   33    68    771 
  19   34    35    401 
  19   35    68    764 
  19   36    25    292 
  19   37    66    749 
  19   38    58    657 
  19   39    64    722 
  19   40    65    738 
  19   41    33    381 
  19   42    69    784 
  19   43    65    735 
  19   44    47    535 
  19   45    33    375 
  19   46    25    286 
  19   47    56    632 
  19   48    57    647 
  19   49    39    439 
  20    0    70    787 
  20    1    28    316 
  20    2    24    271 
  20    3    32    364 
  20    4    20    225 
  20    5    33    379 
  20    6    32    367 
  20    7    48    544 
  20    8    24    277 
  20    9    23    261 
  20   10    38    433 
  20   11    51    584 
  20   12    65    734 
  20   13    25    282 
  20   14    59    668 
  20   15    46    525 
  20   16    70    787 
  20   17    20    228 
  20   18    65    731 
  20   19    34    384 
  20   20    67    756 
  20   21    66    742 
  20   22    61    694 
  20   23    26    302 
  20   24    63    710 
  20   25    43    489 
  20   26    32    362 
  20   27    36    413 
  20   28    56    630 
  20   29    19    216 
  20   30    25    289 
  20   31    26    299 
  20   32    29    330 
  20   33    20    233 
  20   34    47    537 
  20   35    64    725 
  20   36    24    271 
  20   37    66    742 
  20   38    33    381 
  20   39    24    272 
  20   40    70    788 
  20   41    20    225 
  20   42    39    449 
  20   43    21    240 
  20   44    46    517 
  20   45    25    290 
  20   46    24    276 
  20   47    55    628 
  20   48    70    796 
  20   49    62    706 
  21    0    69    784 
  21    1    28    323 
  21    2    65    741 
  21    3    67    756 
  21    4    40    460 
  21    5    60    683 
  21    6    32    364 
  21    7    56    639 
  21    8    35    400 
  21    9    36    409 
  21   10    51    583 
  21   11    63    711 
  21   12    26    299 
  21   13    37    418 
  21   14    38    433 
  21   15    29    329 
  21   16    42    482 
  21   17    40    452 
  21   18    60    684 
  21   19    43    489 
  21   20    54    616 
  21   21    30    345 
  21   22    51    584 
  21   23    63    708 
  21   24    61    691 
  21   25    49    560 
  21   26    24    270 
  21   27    29    328 
  21   28    48    544 
  21   29    49    553 
  21   30    23    264 
  21   31    54    609 
  21   32    60    682 
  21   33    44    504 
  21   34    27    311 
  21   35    47    532 
  21   36    22    248 
  21   37    36    409 
  21   38    43    490 
  21   39    31    349 
  21   40    24    270 
  21   41    29    335 
  21   42    52    587 
  21   43    20    231 
  21   44    40    453 
  21   45    31    359 
  21   46    29    333 
  21   47    19    220 
  21   48    36    412 
  21   49    46    525 
  22    0    30    337 
  22    1    56    633 
  22    2    70    793 
  22    3    41    466 
  22    4    45    510 
  22    5    33    380 
  22    6    36    408 
  22    7    27    307 
  22    8    60    685 
  22    9    19    220 
  22   10    30    339 
  22   11    51    578 
  22   12    20    229 
  22   13    41    469 
  22   14    43    490 
  22   15    25    285 
  22   16    20    231 
  22   17    48    550 
  22   18    68    775 
  22   19    32    369 
  22   20    51    576 
  22   21    19    223 
  22   22    27    312 
  22   23    18    203 
  22   24    61    692 
  22   25    27    313 
  22   26    66    748 
  22   27    43    487 
  22   28    69    777 
  22   29    39    442 
  22   30    61    694 
  22   31    19    219 
  22   32    33    375 
  22   33    18    205 
  22   34    22    249 
  22   35    52    593 
  22   36    49    554 
  22   37    51    579 
  22   38    61    690 
  22   39    40    459 
  22   40    43    488 
  22   41    44    502 
  22   42    18    211 
  22   43    23    267 
  22   44    25    291 
  22   45    40    457 
  22   46    52    594 
  22   47    51    580 
  22   48    47    539 
  22   49    19    222 
  23    0    28    316 
  23    1    40    451 
  23    2    68    765 
  23    3    21    244 
  23    4    26    302 
  23    5    62    701 
  23    6    39    448 
  23    7    43    488 
  23    8    19    224 
  23    9    70    791 
  23   10    68    764 
  23   11    20    226 
  23   12    26    298 
  23   13    53    602 
  23   14    54    611 
  23   15    17    201 
  23   16    33    375 
  23   17    22    258 
  23   18    34    384 
  23   19    49    561 
  23   20    30    338 
  23   21    69    782 
  23   22    62    707 
  23   23    54    615 
  23   24    31    357 
  23   25    26    298 
  23   26    25    281 
  23   27    38    438 
  23   28    28    320 
  23   29    51    575 
  23   30    45    509 
  23   31    49    560 
  23   32    60    682 
  23   33    38    431 
  23   34    52    593 
  23   35    35    403 
  23   36    39    444 
  23   37    64    727 
  23   38    44    501 
  23   39    37    424 
  23   40    48    546 
  23   41    46    523 
  23   42    38    437 
  23   43    56    640 
  23   44    30    345 
  23   45    64    723 
  23   46    34    384 
  23   47    41    471 
  23   48    35    403 
  23   49    32    366 
  24    0    26    294 
  24    1    35    394 
  24    2    57    648 
  24    3    45    513 
  24    4    36    407 
  24    5    40    452 
  24    6    29    331 
  24    7    28    321 
  24    8    63    709 
  24    9    47    539 
  24   10    48    550 
  24   11    57    645 
  24   12    68    772 
  24   13    55    621 
  24   14    24    275 
  24   15    50    570 
  24   16    71    800 
  24   17    26    297 
  24   18    61    696 
  24   19    38    429 
  24   20    40    453 
  24   21    46    525 
  24   22    27    308 
  24   23    29    335 
  24   24    52    595 
  24   25    52    589 
  24   26    26    298 
  24   27    50    563 
  24   28    65    731 
  24   29    40    456 
  24   30    57    644 
  24   31    24    277 
  24   32    25    291 
  24   33    69    779 
  24   34    23    261 
  24   35    67    760 
  24   36    26    297 
  24   37    54    614 
  24   38    42    482 
  24   39    19    217 
  24   40    50    570 
  24   41    23    267 
  24   42    40    450 
  24   43    33    376 
  24   44    58    654 
  24   45    40    458 
  24   46    43    487 
  24   47    42    473 
  24   48    30    344 
  24   49    68    764 
  25    0    21    239 
  25    1    30    337 
  25    2    56    631 
  25    3    34    388 
  25    4    41    466 
  25    5    19    220 
  25    6    48    542 
  25    7    41    468 
  25    8    48    544 
  25    9    66    749 
  25   10    39    439 
  25   11    24    276 
  25   12    20    225 
  25   13    59    673 
  25   14    33    379 
  25   15    20    226 
  25   16    55    627 
  25   17    19    220 
  25   18    59    666 
  25   19    28    324 
  25   20    48    546 
  25   21    28    325 
  25   22    30    342 
  25   23    25    284 
  25   24    70    794 
  25   25    50    572 
  25   26    18    209 
  25   27    25    288 
  25   28    44    497 
  25   29    69    776 
  25   30    26    301 
  25   31    41    471 
  25   32    34    385 
  25   33    35    398 
  25   34    61    686 
  25   35    31    349 
  25   36    35    394 
  25   37    53    604 
  25   38    41    471 
  25   39    28    315 
  25   40    36    413 
  25   41    40    460 
  25   42    20    229 
  25   43    67    763 
  25   44    46    527 
  25   45    63    713 
  25   46    26    300 
  25   47    25    285 
  25   48    52    593 
  25   49    36    406 
  26    0    67    758 
  26    1    63    716 
  26    2    65    736 
  26    3    54    612 
  26    4    21    244 
  26    5    30    342 
  26    6    26    300 
  26    7    50    568 
  26    8    47    534 
  26    9    62    699 
  26   10    60    677 
  26   11    22    257 
  26   12    20    227 
  26   13    42    474 
  26   14    69    784 
  26   15    53    603 
  26   16    58    655 
  26   17    24    277 
  26   18    51    575 
  26   19    30    341 
  26   20    27    312 
  26   21    43    486 
  26   22    67    758 
  26   23    36    411 
  26   24    65    740 
  26   25    19    222 
  26   26    20    225 
  26   27    24    277 
  26   28    58    655 
  26   29    27    309 
  26   30    24    272 
  26   31    36    414 
  26   32    25    285 
  26   33    32    368 
  26   34    30    342 
  26   35    54    617 
  26   36    18    204 
  26   37    66    745 
  26   38    18    208 
  26   39    32    368 
  26   40    21    243 
  26   41    30    347 
  26   42    32    361 
  26   43    26    296 
  26   44    55    621 
  26   45    51    574 
  26   46    46    523 
  26   47    36    413 
  26   48    44    500 
  26   49    64    726 
  27    0    24    274 
  27    1    27    313 
  27    2    24    280 
  27    3    33    374 
  27    4    40    460 
  27    5    44    500 
  27    6    25    284 
  27    7    54    617 
  27    8    27    308 
  27    9    34    391 
  27   10    26    293 
  27   11    51    578 
  27   12    67    756 
  27   13    54    617 
  27   14    53    603 
  27   15    33    373 
  27   16    31    357 
  27   17    35    397 
  27   18    38    438 
  27   19    53    602 
  27   20    55    619 
  27   21    55    622 
  27   22    40    458 
  27   23    59    667 
  27   24    59    671 
  27   25    29    330 
  27   26    43    487 
  27   27    26    293 
  27   28    54    607 
  27   29    45    508 
  27   30    52    594 
  27   31    28    322 
  27   32    67    757 
  27   33    56    635 
  27   34    54    614 
  27   35    49    552 
  27   36    23    267 
  27   37    56    640 
  27   38    36    413 
  27   39    44    499 
  27   40    43    493 
  27   41    42    476 
  27   42    41    467 
  27   43    35    403 
  27   44    21    247 
  27   45    48    540 
  27   46    47    532 
  27   47    36    415 
  27   48    22    250 
  27   49    43    494 
  28    0    54    610 
  28    1    41    465 
  28    2    21    236 
  28    3    19    221 
  28    4    60    676 
  28    5    49    560 
  28    6    20    235 
  28    7    55    628 
  28    8    53    606 
  28    9    50    569 
  28   10    54    616 
  28   11    38    437 
  28   12    54    607 
  28   13    69    777 
  28   14    21    239 
  28   15    39    448 
  28   16    56    638 
  28   17    58    658 
  28   18    64    728 
  28   19    42    474 
  28   20    35    402 
  28   21    52    586 
  28   22    38    432 
  28   23    36    414 
  28   24    30    337 
  28   25    27    309 
  28   26    26    303 
  28   27    31    357 
  28   28    22    249 
  28   29    32    370 
  28   30    50    568 
  28   31    68    764 
  28   32    29    328 
  28   33    23    259 
  28   34    48    541 
  28   35    44    505 
  28   36    23    265 
  28   37    44    504 
  28   38    31    356 
  28   39    66    742 
  28   40    26    294 
  28   41    50    565 
  28   42    45    507 
  28   43    35    394 
  28   44    55    623 
  28   45    29    334 
  28   46    68    766 
  28   47    28    323 
  28   48    29    329 
  28   49    55    624 
  29    0    30    339 
  29    1    28    320 
  29    2    50    572 
  29    3    47    535 
  29    4    55    623 
  29    5    28    318 
  29    6    23    263 
  29    7    40    454 
  29    8    68    770 
  29    9    50    570 
  29   10    35    399 
  29   11    40    454 
  29   12    57    645 
  29   13    28    323 
  29   14    43    483 
  29   15    44    495 
  29   16    34    390 
  29   17    68    765 
  29   18    46    523 
  29   19    21    247 
  29   20    62    702 
  29   21    37    426 
  29   22    33    381 
  29   23    51    577 
  29   24    29    328 
  29   25    26    303 
  29   26    29    334 
  29   27    31    351 
  29   28    63    708 
  29   29    33    377 
  29   30    20    232 
  29   31    29    333 
  29   32    38    432 
  29   33    50    564 
  29   34    47    534 
  29   35    40    451 
  29   36    51    583 
  29   37    44    499 
  29   38    56    630 
  29   39    33    376 
  29   40    36    407 
  29   41    46    523 
  29   42    23    268 
  29   43    67    761 
  29   44    28    319 
  29   45    55    629 
  29   46    37    420 
  29   47    40    456 
  29   48    47    530 
  29   49    27    312 
  30    0    49    553 
  30    1    45    509 
  30    2    31    352 
  30    3    46    523 
  30    4    43    492 
  30    5    52    587 
  30    6    44    502 
  30    7    39    447 
  30    8    67    762 
  30    9    46    518 
  30   10    43    486 
  30   11    57    642 
  30   12    56    636 
  30   13    21    247 
  30   14    25    283 
  30   15    33    380 
  30   16    30    344 
  30   17    46    520 
  30   18    60    678 
  30   19    47    528 
  30   20    55    618 
  30   21    45    508 
  30   22    36    414 
  30   23    48    549 
  30   24    49    552 
  30   25    51    577 
  30   26    50    567 
  30   27    27    312 
  30   28    37    423 
  30   29    23    267 
  30   30    53    597 
  30   31    57    644 
  30   32    42    473 
  30   33    33    372 
  30   34    31    355 
  30   35    52    588 
  30   36    24    280 
  30   37    22    248 
  30   38    32    368 
  30   39    23    262 
  30   40    34    392 
  30   41    58    660 
  30   42    40    455 
  30   43    68    774 
  30   44    52    595 
  30   45    18    208 
  30   46    68    775 
  30   47    21    245 
  30   48    18    212 
  30   49    69    779 
  31    0    53    603 
  31    1    20    231 
  31    2    54    609 
  31    3    56    633 
  31    4    55    620 
  31    5    60    681 
  31    6    47    532 
  31    7    21    241 
  31    8    18    207 
  31    9    51    579 
  31   10    69    777 
  31   11    33    374 
  31   12    53    604 
  31   13    52    586 
  31   14    26    298 
  31   15    19    224 
  31   16    20    231 
  31   17    31    350 
  31   18    24    280 
  31   19    60    676 
  31   20    44    504 
  31   21    64    720 
  31   22    24    270 
  31   23    61    686 
  31   24    24    273 
  31   25    23    265 
  31   26    65    731 
  31   27    26    295 
  31   28    40    450 
  31   29    29    336 
  31   30    19    216 
  31   31    68    772 
  31   32    24    278 
  31   33    41    470 
  31   34    38    436 
  31   35    45    512 
  31   36    27    313 
  31   37    37    423 
  31   38    26    299 
  31   39    68    774 
  31   40    62    706 
  31   41    43    489 
  31   42    52    586 
  31   43    48    546 
  31   44    30    341 
  31   45    18    206 
  31   46    40    457 
  31   47    22    253 
  31   48    56    636 
  31   49    30    340 
  32    0    40    454 
  32    1    52    591 
  32    2    35    401 
  32    3    66    747 
  32    4    63    708 
  32    5    59    666 
  32    6    42    475 
  32    7    59    665 
  32    8    36    410 
  32    9    55    622 
  32   10    33    372 
  32   11    29    328 
  32   12    52    588 
  32   13    41    465 
  32   14    69    779 
  32   15    21    242 
  32   16    70    787 
  32   17    43    488 
  32   18    32    365 
  32   19    46    525 
  32   20    34    385 
  32   21    59    668 
  32   22    36    409 
  32   23    39    447 
  32   24    65    731 
  32   25    49    557 
  32   26    27    314 
  32   27    47    535 
  32   28    59    673 
  32   29    46    521 
  32   30    29    327 
  32   31    38    429 
  32   32    42    474 
  32   33    67    756 
  32   34    19    215 
  32   35    71    799 
  32   36    60    684 
  32   37    67    754 
  32   38    54    611 
  32   39    61    690 
  32   40    50    565 
  32   41    27    312 
  32   42    38    437 
  32   43    43    487 
  32   44    20    228 
  32   45    50    562 
  32   46    61    689 
  32   47    21    237 
  32   48    53    605 
  32   49    22    253 
  33    0    47    530 
  33    1    51    579 
  33    2    52    592 
  33    3    24    275 
  33    4    60    678 
  33    5    69    776 
  33    6    30    341 
  33    7    39    449 
  33    8    69    779 
  33    9    47    528 
  33   10    47    537 
  33   11    50    571 
  33   12    65    741 
  33   13    54    609 
  33   14    28    323 
  33   15    35    396 
  33   16    19    220 
  33   17    46    519 
  33   18    45    506 
  33   19    59    665 
  33   20    68    769 
  33   21    41    463 
  33   22    26    297 
  33   23    54    610 
  33   24    35    400 
  33   25    23    262 
  33   26    52    594 
  33   27    60    676 
  33   28    31    351 
  33   29    38    430 
  33   30    53    603 
  33   31    60    682 
  33   32    32    370 
  33   33    19    221 
  33   34    52    586 
  33   35    37    422 
  33   36    56    635 
  33   37    70    794 
  33   38    30    346 
  33   39    19    214 
  33   40    52    594 
  33   41    62    700 
  33   42    32    369 
  33   43    58    655 
  33   44    18    213 
  33   45    21    236 
  33   46    24    272 
  33   47    20    230 
  33   48    66    751 
  33   49    65    739 
  34    0    33    376 
  34    1    45    509 
  34    2    58    653 
  34    3    52    592 
  34    4    22    248 
  34    5    25    283 
  34    6    27    309 
  34    7    31    349 
  34    8    26    294 
  34    9    21    237 
  34   10    54    616 
  34   11    35    397 
  34   12    30    344 
  34   13    19    224 
  34   14    35    395 
  34   15    57    647 
  34   16    68    764 
  34   17    47    531 
  34   18    50    568 
  34   19    27    311 
  34   20    67    758 
  34   21    65    740 
  34   22    70    794 
  34   23    36    411 
  34   24    57    643 
  34   25    26    301 
  34   26    29    334 
  34   27    55    619 
  34   28    56    640 
  34   29    57    644 
  34   30    63    718 
  34   31    26    299 
  34   32    27    313 
  34   33    47    534 
  34   34    47    530 
  34   35    60    684 
  34   36    40    456 
  34   37    70    796 
  34   38    34    388 
  34   39    25    283 
  34   40    44    495 
  34   41    27    306 
  34   42    18    206 
  34   43    45    513 
  34   44    50    566 
  34   45    27    311 
  34   46    56    632 
  34   47    59    667 
  34   48    44    505 
  34   49    42    473 
  35    0    64    723 
  35    1    22    250 
  35    2    39    442 
  35    3    68    775 
  35    4    62    706 
  35    5    51    578 
  35    6    21    241 
  35    7    28    322 
  35    8    19    222 
  35    9    25    290 
  35   10    46    518 
  35   11    71    799 
  35   12    56    638 
  35   13    64    723 
  35   14    22    254 
  35   15    43    494 
  35   16    53    598 
  35   17    23    263 
  35   18    57    646 
  35   19    54    614 
  35   20    51    577 
  35   21    19    220 
  35   22    38    429 
  35   23    49    558 
  35   24    64    725 
  35   25    67    757 
  35   26    48    542 
  35   27    46    525 
  35   28    50    571 
  35   29    34    388 
  35   30    22    255 
  35   31    43    487 
  35   32    55    622 
  35   33    19    220 
  35   34    28    320 
  35   35    22    250 
  35   36    30    342 
  35   37    57    647 
  35   38    51    576 
  35   39    66    751 
  35   40    64    729 
  35   41    59    670 
  35   42    19    223 
  35   43    64    725 
  35   44    43    488 
  35   45    30    338 
  35   46    21    240 
  35   47    25    281 
  35   48    32    361 
  35   49    48    540 
  36    0    52    591 
  36    1    19    216 
  36    2    55    624 
  36    3    64    728 
  36    4    60    684 
  36    5    18    209 
  36    6    42    473 
  36    7    60    677 
  36    8    63    718 
  36    9    66    743 
  36   10    62    705 
  36   11    19    224 
  36   12    52    588 
  36   13    61    689 
  36   14    61    693 
  36   15    53    604 
  36   16    42    481 
  36   17    22    249 
  36   18    59    670 
  36   19    37    421 
  36   20    69    785 
  36   21    49    554 
  36   22    46    527 
  36   23    59    667 
  36   24    34    384 
  36   25    63    716 
  36   26    57    650 
  36   27    43    494 
  36   28    43    492 
  36   29    44    495 
  36   30    68    773 
  36   31    18    210 
  36   32    31    352 
  36   33    35    403 
  36   34    32    364 
  36   35    21    245 
  36   36    20    229 
  36   37    59    669 
  36   38    30    348 
  36   39    32    367 
  36   40    62    704 
  36   41    42    475 
  36   42    62    703 
  36   43    58    660 
  36   44    68    773 
  36   45    62    704 
  36   46    28    325 
  36   47    46    527 
  36   48    59    670 
  36   49    56    632 
  37    0    35    395 
  37    1    31    351 
  37    2    46    527 
  37    3    28    324 
  37    4    57    650 
  37    5    26    302 
  37    6    65    739 
  37    7    65    733 
  37    8    60    681 
  37    9    69    782 
  37   10    19    214 
  37   11    31    358 
  37   12    30    342 
  37   13    23    259 
  37   14    26    300 
  37   15    64    724 
  37   16    28    324 
  37   17    28    316 
  37   18    22    250 
  37   19    70    795 
  37   20    23    264 
  37   21    59    666 
  37   22    32    367 
  37   23    67    759 
  37   24    26    298 
  37   25    34    392 
  37   26    46    520 
  37   27    49    552 
  37   28    34    385 
  37   29    68    774 
  37   30    60    683 
  37   31    59    666 
  37   32    31    350 
  37   33    57    642 
  37   34    70    794 
  37   35    39    447 
  37   36    48    547 
  37   37    60    685 
  37   38    37    426 
  37   39    66    742 
  37   40    20    229 
  37   41    48    550 
  37   42    19    223 
  37   43    66    742 
  37   44    43    488 
  37   45    36    412 
  37   46    20    233 
  37   47    35    395 
  37   48    18    207 
  37   49    36    409 
  38    0    55    626 
  38    1    39    442 
  38    2    36    410 
  38    3    21    237 
  38    4    45    516 
  38    5    66    749 
  38    6    48    540 
  38    7    27    308 
  38    8    26    295 
  38    9    62    702 
  38   10    69    783 
  38   11    21    242 
  38   12    53    604 
  38   13    38    429 
  38   14    52    595 
  38   15    28    316 
  38   16    54    612 
  38   17    24    272 
  38   18    18    205 
  38   19    64    726 
  38   20    36    407 
  38   21    30    346 
  38   22    46    519 
  38   23    60    679 
  38   24    30    347 
  38   25    43    486 
  38   26    42    474 
  38   27    48    541 
  38   28    46    517 
  38   29    36    413 
  38   30    61    692 
  38   31    54    614 
  38   32    70    790 
  38   33    45    515 
  38   34    27    307 
  38   35    31    351 
  38   36    41    468 
  38   37    18    212 
  38   38    65    740 
  38   39    37    422 
  38   40    63    718 
  38   41    47    532 
  38   42    65    735 
  38   43    38    433 
  38   44    19    224 
  38   45    28    321 
  38   46    32    366 
  38   47    23    266 
  38   48    35    394 
  38   49    66    744 
  39    0    40    456 
  39    1    37    421 
  39    2    37    416 
  39    3    29    331 
  39    4    41    464 
  39    5    28    318 
  39    6    19    223 
  39    7    63    708 
  39    8    62    699 
  39    9    66    746 
  39   10    60    685 
  39   11    21    237 
  39   12    66    746 
  39   13    20    227 
  39   14    29    329 
  39   15    45    511 
  39   16    24    271 
  39   17    57    647 
  39   18    63    713 
  39   19    59    665 
  39   20    54    614 
  39   21    70    792 
  39   22    44    504 
  39   23    67    756 
  39   24    27    305 
  39   25    29    333 
  39   26    22    250 
  39   27    61    692 
  39   28    68    765 
  39   29    48    544 
  39   30    37    420 
  39   31    48    542 
  39   32    23    264 
  39   33    25    282 
  39   34    23    264 
  39   35    50    572 
  39   36    23    267 
  39   37    41    464 
  39   38    24    277 
  39   39    46    517 
  39   40    23    264 
  39   41    36    413 
  39   42    46    527 
  39   43    47    536 
  39   44    55    628 
  39   45    30    341 
  39   46    70    790 
  39   47    59    666 
  39   48    51    577 
  39   49    32    365 
  40    0    52    591 
  40    1    27    314 
  40    2    48    540 
  40    3    56    635 
  40    4    26    295 
  40    5    60    683 
  40    6    61    693 
  40    7    54    615 
  40    8    18    211 
  40    9    59    671 
  40   10    51    581 
  40   11    26    303 
  40   12    46    523 
  40   13    20    229 
  40   14    26    300 
  40   15    35    394 
  40   16    27    310 
  40   17    24    270 
  40   18    70    796 
  40   19    54    612 
  40   20    71    799 
  40   21    57    649 
  40   22    33    376 
  40   23    55    618 
  40   24    40    459 
  40   25    62    700 
  40   26    61    688 
  40   27    27    314 
  40   28    23    268 
  40   29    66    749 
  40   30    22    256 
  40   31    69    776 
  40   32    31    354 
  40   33    28    323 
  40   34    62    700 
  40   35    34    384 
  40   36    51    577 
  40   37    34    385 
  40   38    27    312 
  40   39    33    380 
  40   40    46    522 
  40   41    47    539 
  40   42    18    207 
  40   43    27    311 
  40   44    59    667 
  40   45    49    557 
  40   46    27    308 
  40   47    67    756 
  40   48    29    333 
  40   49    40    460 
  41    0    56    632 
  41    1    59    672 
  41    2    63    718 
  41    3    40    458 
  41    4    25    288 
  41    5    23    261 
  41    6    56    635 
  41    7    36    414 
  41    8    65    737 
  41    9    38    437 
  41   10    57    646 
  41   11    54    613 
  41   12    30    339 
  41   13    26    293 
  41   14    20    227 
  41   15    28    318 
  41   16    65    739 
  41   17    50    571 
  41   18    49    555 
  41   19    54    616 
  41   20    48    541 
  41   21    62    705 
  41   22    65    734 
  41   23    52    585 
  41   24    36    414 
  41   25    64    722 
  41   26    62    707 
  41   27    49    559 
  41   28    47    539 
  41   29    32    366 
  41   30    68    769 
  41   31    26    301 
  41   32    45    510 
  41   33    50    571 
  41   34    28    323 
  41   35    56    638 
  41   36    42    473 
  41   37    45    507 
  41   38    25    291 
  41   39    48    542 
  41   40    34    387 
  41   41    69    785 
  41   42    57    643 
  41   43    24    273 
  41   44    26    298 
  41   45    52    589 
  41   46    40    460 
  41   47    19    217 
  41   48    37    416 
  41   49    45    516 
  42    0    37    422 
  42    1    41    464 
  42    2    25    289 
  42    3    66    752 
  42    4    58    658 
  42    5    39    448 
  42    6    20    234 
  42    7    22    248 
  42    8    58    656 
  42    9    51    577 
  42   10    25    290 
  42   11    45    513 
  42   12    70    792 
  42   13    39    446 
  42   14    32    365 
  42   15    50    564 
  42   16    35    395 
  42   17    42    474 
  42   18    32    366 
  42   19    30    342 
  42   20    67    753 
  42   21    62    700 
  42   22    20    232 
  42   23    47    535 
  42   24    57    648 
  42   25    40    453 
  42   26    68    768 
  42   27    42    479 
  42   28    38    436 
  42   29    18    206 
  42   30    39    446 
  42   31    21    238 
  42   32    26    296 
  42   33    31    356 
  42   34    68    773 
  42   35    45    509 
  42   36    69    784 
  42   37    30    346 
  42   38    29    330 
  42   39    60    677 
  42   40    32    367 
  42   41    18    203 
  42   42    27    305 
  42   43    50    571 
  42   44    48    545 
  42   45    54    611 
  42   46    19    223 
  42   47    59    667 
  42   48    29    329 
  42   49    55    618 
  43    0    52    589 
  43    1    37    419 
  43    2    34    393 
  43    3    70    795 
  43    4    31    352 
  43    5    65    738 
  43    6    51    580 
  43    7    69    785 
  43    8    68    775 
  43    9    18    209 
  43   10    63    717 
  43   11    65    735 
  43   12    65    740 
  43   13    58    661 
  43   14    34    392 
  43   15    20    226 
  43   16    68    767 
  43   17    66    743 
  43   18    58    658 
  43   19    40    451 
  43   20    43    487 
  43   21    20    233 
  43   22    42    476 
  43   23    30    338 
  43   24    28    321 
  43   25    37    426 
  43   26    66    745 
  43   27    69    779 
  43   28    43    488 
  43   29    32    362 
  43   30    27    305 
  43   31    25    287 
  43   32    67    759 
  43   33    64    727 
  43   34    52    586 
  43   35    35    401 
  43   36    25    291 
  43   37    33    372 
  43   38    24    276 
  43   39    38    437 
  43   40    70    792 
  43   41    70    797 
  43   42    35    397 
  43   43    66    746 
  43   44    62    703 
  43   45    61    690 
  43   46    22    249 
  43   47    63    717 
  43   48    69    782 
  43   49    29    328 
  44    0    65    739 
  44    1    27    311 
  44    2    56    635 
  44    3    67    763 
  44    4    22    257 
  44    5    44    505 
  44    6    58    660 
  44    7    68    769 
  44    8    29    327 
  44    9    27    313 
  44   10    40    450 
  44   11    59    668 
  44   12    32    368 
  44   13    59    663 
  44   14    68    765 
  44   15    20    231 
  44   16    54    615 
  44   17    49    559 
  44   18    55    622 
  44   19    53    603 
  44   20    24    278 
  44   21    17    201 
  44   22    32    366 
  44   23    43    487 
  44   24    58    658 
  44   25    55    621 
  44   26    35    401 
  44   27    67    763 
  44   28    63    708 
  44   29    20    233 
  44   30    56    632 
  44   31    36    406 
  44   32    29    336 
  44   33    60    684 
  44   34    68    765 
  44   35    51    582 
  44   36    30    344 
  44   37    32    361 
  44   38    31    352 
  44   39    58    662 
  44   40    30    345 
  44   41    59    667 
  44   42    59    665 
  44   43    47    528 
  44   44    63    718 
  44   45    56    634 
  44   46    35    400 
  44   47    41    471 
  44   48    29    334 
  44   49    68    772 
  45    0    67    756 
  45    1    69    784 
  45    2    37    420 
  45    3    33    376 
  45    4    64    723 
  45    5    34    388 
  45    6    27    305 
  45    7    38    433 
  45    8    27    305 
  45    9    39    448 
  45   10    62    702 
  45   11    49    551 
  45   12    36    406 
  45   13    50    568 
  45   14    47    531 
  45   15    67    762 
  45   16    55    618 
  45   17    40    450 
  45   18    58    661 
  45   19    24    275 
  45   20    67    762 
  45   21    24    280 
  45   22    57    645 
  45   23    47    535 
  45   24    25    290 
  45   25    67    760 
  45   26    43    483 
  45   27    63    714 
  45   28    53    596 
  45   29    21    237 
  45   30    24    279 
  45   31    21    237 
  45   32    19    219 
  45   33    32    367 
  45   34    33    380 
  45   35    71    798 
  45   36    57    649 
  45   37    56    632 
  45   38    48    544 
  45   39    46    522 
  45   40    59    663 
  45   41    51    583 
  45   42    18    206 
  45   43    53    605 
  45   44    36    414 
  45   45    49    553 
  45   46    56    630 
  45   47    25    292 
  45   48    35    394 
  45   49    50    571 
  46    0    58    662 
  46    1    38    437 
  46    2    69    782 
  46    3    25    290 
  46    4    44    500 
  46    5    34    387 
  46    6    61    690 
  46    7    35    395 
  46    8    17    201 
  46    9    28    323 
  46   10    67    753 
  46   11    49    559 
  46   12    29    328 
  46   13    19    218 
  46   14    35    401 
  46   15    55    621 
  46   16    26    301 
  46   17    46    523 
  46   18    33    377 
  46   19    29    327 
  46   20    43    489 
  46   21    54    608 
  46   22    54    609 
  46   23    22    250 
  46   24    51    582 
  46   25    57    641 
  46   26    51    583 
  46   27    54    614 
  46   28    19    223 
  46   29    22    255 
  46   30    26    299 
  46   31    52    591 
  46   32    21    242 
  46   33    48    544 
  46   34    67    757 
  46   35    33    381 
  46   36    61    695 
  46   37    34    391 
  46   38    51    574 
  46   39    32    368 
  46   40    47    538 
  46   41    21    245 
  46   42    39    439 
  46   43    28    315 
  46   44    36    411 
  46   45    39    444 
  46   46    61    696 
  46   47    68    773 
  46   48    68    772 
  46   49    46    518 
  47    0    31    358 
  47    1    26    295 
  47    2    70    795 
  47    3    34    385 
  47    4    22    256 
  47    5    59    665 
  47    6    55    625 
  47    7    36    414 
  47    8    43    487 
  47    9    28    320 
  47   10    39    441 
  47   11    57    641 
  47   12    58    661 
  47   13    20    230 
  47   14    37    419 
  47   15    66    745 
  47   16    32    361 
  47   17    34    393 
  47   18    44    500 
  47   19    30    348 
  47   20    48    542 
  47   21    63    713 
  47   22    19    224 
  47   23    66    747 
  47   24    64    723 
  47   25    29    334 
  47   26    66    743 
  47   27    52    594 
  47   28    49    559 
  47   29    35    404 
  47   30    67    757 
  47   31    33    371 
  47   32    59    666 
  47   33    57    644 
  47   34    50    571 
  47   35    34    393 
  47   36    61    696 
  47   37    63    708 
  47   38    43    490 
  47   39    64    729 
  47   40    48    548 
  47   41    26    299 
  47   42    28    323 
  47   43    21    246 
  47   44    63    717 
  47   45    35    397 
  47   46    45    512 
  47   47    61    695 
  47   48    61    692 
  47   49    34    391 
  48    0    36    408 
  48    1    59    668 
  48    2    35    400 
  48    3    27    307 
  48    4    48    550 
  48    5    63    715 
  48    6    69    778 
  48    7    41    471 
  48    8    57    649 
  48    9    34    382 
  48   10    39    448 
  48   11    53    605 
  48   12    25    292 
  48   13    64    722 
  48   14    65    731 
  48   15    43    484 
  48   16    44    496 
  48   17    50    571 
  48   18    39    445 
  48   19    42    482 
  48   20    71    799 
  48   21    61    696 
  48   22    18    207 
  48   23    18    206 
  48   24    35    394 
  48   25    21    247 
  48   26    56    633 
  48   27    54    612 
  48   28    29    332 
  48   29    42    474 
  48   30    61    689 
  48   31    57    641 
  48   32    55    626 
  48   33    45    513 
  48   34    54    615 
  48   35    19    216 
  48   36    24    271 
  48   37    61    686 
  48   38    27    311 
  48   39    41    468 
  48   40    34    393 
  48   41    55    621 
  48   42    53    601 
  48   43    41    471 
  48   44    38    431 
  48   45    43    489 
  48   46    18    205 
  48   47    28    325 
  48   48    27    304 
  48   49    19    215 
  49    0    38    433 
  49    1    41    471 
  49    2    21    242 
  49    3    65    738 
  49    4    28    325 
  49    5    44    498 
  49    6    53    605 
  49    7    48    546 
  49    8    35    402 
  49    9    36    409 
  49   10    37    422 
  49   11    51    584 
  49   12    38    427 
  49   13    34    384 
  49   14    41    470 
  49   15    19    221 
  49   16    22    256 
  49   17    28    318 
  49   18    62    698 
  49   19    34    392 
  49   20    68    766 
  49   21    51    582 
  49   22    46    526 
  49   23    31    353 
  49   24    66    743 
  49   25    54    607 
  49   26    56    630 
  49   27    21    241 
  49   28    70    788 
  49   29    24    278 
  49   30    59    669 
  49   31    63    712 
  49   32    49    560 
  49   33    23    265 
  49   34    31    351 
  49   35    18    210 
  49   36    21    236 
  49   37    25    290 
  49   38    54    617 
  49   39    42    475 
  49   40    35    395 
  49   41    50    571 
  49   42    27    304 
  49   43    66    747 
  49   44    45    516 
  49   45    51    575 
  49   46    40    456 
  49   47    61    688 
  49   48    25    286 
  49   49    47    538 
