 40
 40

   50
   12
   11
   14
   49
   46
   13
   23
   20
   23
   45
   49
   13
   12
   44
   50
    1
   15
   41
    7
   38
   11
    4
   50
   16
   17
   45
   43
    6
   42
   41
   10
   50
   25
   48
   39
    7
   30
   31
   11

   32
    1
   14
    7
   11
    2
   25
   31
   42
   27
   43
   20
   44
   41
   22
   44
   27
   14
   39
   48
   19
   30
   35
   14
   39
   25
   21
   34
   39
   38
   31
    1
   43
    7
   26
   27
   15
   36
   42
   46

   0    0     9    630 
   0    1     5    351 
   0    2     9    687 
   0    3     3    226 
   0    4     5    384 
   0    5    10    726 
   0    6     9    639 
   0    7     9    674 
   0    8     9    637 
   0    9    11    799 
   0   10     3    225 
   0   11     6    460 
   0   12     6    450 
   0   13     6    473 
   0   14     7    506 
   0   15    10    736 
   0   16    10    763 
   0   17     6    467 
   0   18     5    364 
   0   19     7    534 
   0   20    10    749 
   0   21     9    673 
   0   22     8    561 
   0   23     9    646 
   0   24     6    452 
   0   25     3    242 
   0   26     7    541 
   0   27    11    782 
   0   28     4    282 
   0   29     3    250 
   0   30     7    506 
   0   31     5    349 
   0   32     9    644 
   0   33     6    466 
   0   34     3    241 
   0   35     8    580 
   0   36    10    725 
   0   37     5    365 
   0   38     3    219 
   0   39    11    772 
   1    0     7    513 
   1    1     5    388 
   1    2     4    301 
   1    3    10    738 
   1    4     4    315 
   1    5     6    435 
   1    6     5    361 
   1    7    10    767 
   1    8     9    684 
   1    9     3    242 
   1   10     9    674 
   1   11     7    546 
   1   12     7    514 
   1   13     7    528 
   1   14     5    371 
   1   15    10    721 
   1   16     8    580 
   1   17    10    737 
   1   18     8    603 
   1   19    11    770 
   1   20     8    585 
   1   21     5    397 
   1   22     6    486 
   1   23    10    712 
   1   24    11    791 
   1   25     5    362 
   1   26     6    423 
   1   27     8    590 
   1   28     5    373 
   1   29     7    505 
   1   30     7    541 
   1   31     4    318 
   1   32     4    283 
   1   33    11    775 
   1   34     8    567 
   1   35     8    582 
   1   36     5    408 
   1   37     3    210 
   1   38     3    251 
   1   39     6    445 
   2    0     3    262 
   2    1     7    512 
   2    2    10    749 
   2    3     4    317 
   2    4     7    522 
   2    5     5    368 
   2    6    10    710 
   2    7    11    768 
   2    8     8    561 
   2    9    10    729 
   2   10     3    257 
   2   11     8    602 
   2   12     5    356 
   2   13     5    412 
   2   14     8    615 
   2   15     3    215 
   2   16     9    647 
   2   17     3    229 
   2   18    11    784 
   2   19     7    545 
   2   20     5    413 
   2   21     5    415 
   2   22     3    261 
   2   23     6    461 
   2   24    11    800 
   2   25     4    330 
   2   26     3    229 
   2   27     5    353 
   2   28     4    289 
   2   29     4    299 
   2   30     6    437 
   2   31    10    724 
   2   32     7    544 
   2   33     5    352 
   2   34     6    425 
   2   35     5    401 
   2   36    10    702 
   2   37     7    530 
   2   38     4    300 
   2   39    11    775 
   3    0     3    212 
   3    1     5    376 
   3    2     4    326 
   3    3     6    486 
   3    4     7    530 
   3    5     7    557 
   3    6     3    228 
   3    7     9    637 
   3    8     8    610 
   3    9     6    431 
   3   10     3    248 
   3   11     5    371 
   3   12     6    478 
   3   13     4    320 
   3   14     8    566 
   3   15     9    655 
   3   16     6    471 
   3   17     9    657 
   3   18     8    607 
   3   19    10    731 
   3   20     7    494 
   3   21     5    383 
   3   22     3    213 
   3   23     9    629 
   3   24     5    391 
   3   25     7    524 
   3   26    10    742 
   3   27    10    752 
   3   28    10    730 
   3   29     7    531 
   3   30     6    445 
   3   31     8    580 
   3   32    10    739 
   3   33     4    294 
   3   34     6    483 
   3   35     4    290 
   3   36     5    357 
   3   37    11    797 
   3   38     8    588 
   3   39     8    602 
   4    0     5    408 
   4    1     9    642 
   4    2     6    478 
   4    3     4    286 
   4    4     9    630 
   4    5     7    493 
   4    6    10    735 
   4    7    11    779 
   4    8     4    301 
   4    9     7    526 
   4   10     4    301 
   4   11     7    517 
   4   12     6    421 
   4   13     6    478 
   4   14     6    463 
   4   15     6    471 
   4   16     6    425 
   4   17     7    506 
   4   18     5    384 
   4   19     4    336 
   4   20     5    400 
   4   21    11    794 
   4   22    11    774 
   4   23     5    416 
   4   24     8    568 
   4   25     6    442 
   4   26     5    399 
   4   27     6    468 
   4   28     4    325 
   4   29     8    594 
   4   30     6    449 
   4   31     9    645 
   4   32     8    619 
   4   33    10    741 
   4   34    10    734 
   4   35    11    776 
   4   36     9    654 
   4   37     5    359 
   4   38    11    776 
   4   39     3    245 
   5    0     9    681 
   5    1     6    427 
   5    2     4    340 
   5    3     4    296 
   5    4    11    788 
   5    5     9    667 
   5    6     6    477 
   5    7     9    696 
   5    8     7    550 
   5    9     3    260 
   5   10     5    385 
   5   11     3    243 
   5   12     6    457 
   5   13     4    325 
   5   14     7    499 
   5   15     4    337 
   5   16    11    800 
   5   17     4    324 
   5   18     9    658 
   5   19     3    273 
   5   20    10    753 
   5   21     4    342 
   5   22     7    525 
   5   23     2    207 
   5   24     3    235 
   5   25     7    490 
   5   26     4    300 
   5   27     7    501 
   5   28     6    480 
   5   29     8    566 
   5   30     8    592 
   5   31     9    666 
   5   32    10    707 
   5   33    10    737 
   5   34     4    288 
   5   35     9    630 
   5   36     4    284 
   5   37    10    740 
   5   38     8    587 
   5   39     9    683 
   6    0     4    341 
   6    1     3    267 
   6    2     9    658 
   6    3     8    626 
   6    4     3    248 
   6    5     3    261 
   6    6    10    762 
   6    7     8    562 
   6    8     9    640 
   6    9     8    588 
   6   10     9    666 
   6   11     5    374 
   6   12     7    505 
   6   13     6    479 
   6   14     6    482 
   6   15     9    697 
   6   16     4    302 
   6   17     6    457 
   6   18     3    233 
   6   19     6    479 
   6   20     5    386 
   6   21     4    341 
   6   22     3    213 
   6   23     3    211 
   6   24     4    294 
   6   25     7    542 
   6   26     3    257 
   6   27     3    258 
   6   28     5    380 
   6   29     3    268 
   6   30     5    395 
   6   31     2    208 
   6   32     3    219 
   6   33     4    290 
   6   34     6    456 
   6   35     9    674 
   6   36     5    410 
   6   37     3    270 
   6   38     3    223 
   6   39    10    762 
   7    0    10    743 
   7    1     3    250 
   7    2     5    403 
   7    3     3    245 
   7    4     4    340 
   7    5     8    573 
   7    6    10    741 
   7    7     4    286 
   7    8     4    280 
   7    9     7    493 
   7   10    10    756 
   7   11     7    530 
   7   12    10    741 
   7   13    10    731 
   7   14    10    741 
   7   15     6    422 
   7   16     7    520 
   7   17     8    594 
   7   18    10    721 
   7   19     4    304 
   7   20     3    234 
   7   21     9    670 
   7   22     7    542 
   7   23    10    700 
   7   24     3    228 
   7   25     3    270 
   7   26     8    600 
   7   27     7    498 
   7   28     6    470 
   7   29     9    691 
   7   30     8    620 
   7   31     6    486 
   7   32     2    206 
   7   33     4    334 
   7   34    11    788 
   7   35     7    540 
   7   36     3    216 
   7   37     3    260 
   7   38     9    679 
   7   39     8    626 
   8    0    11    793 
   8    1     5    363 
   8    2     7    547 
   8    3    10    715 
   8    4     7    515 
   8    5    10    740 
   8    6    10    741 
   8    7     8    602 
   8    8     4    280 
   8    9    10    698 
   8   10     5    352 
   8   11     4    324 
   8   12     8    581 
   8   13     5    377 
   8   14     5    365 
   8   15     9    691 
   8   16     4    315 
   8   17     9    687 
   8   18     9    682 
   8   19    10    737 
   8   20     8    589 
   8   21    10    706 
   8   22     9    638 
   8   23     8    592 
   8   24    10    724 
   8   25     3    258 
   8   26     9    648 
   8   27     5    375 
   8   28    10    759 
   8   29    10    712 
   8   30    10    739 
   8   31    10    734 
   8   32     8    566 
   8   33     9    637 
   8   34    10    737 
   8   35     6    472 
   8   36     3    231 
   8   37     4    328 
   8   38    10    736 
   8   39     6    475 
   9    0     3    230 
   9    1    11    777 
   9    2     7    509 
   9    3    11    770 
   9    4    10    731 
   9    5     4    294 
   9    6     3    215 
   9    7     8    624 
   9    8     5    389 
   9    9     9    680 
   9   10     4    318 
   9   11     3    228 
   9   12    11    789 
   9   13    10    740 
   9   14     3    234 
   9   15     7    533 
   9   16     9    661 
   9   17     7    533 
   9   18     8    610 
   9   19     8    623 
   9   20     8    593 
   9   21    11    768 
   9   22     9    634 
   9   23     5    392 
   9   24     5    375 
   9   25     7    540 
   9   26     4    313 
   9   27    10    733 
   9   28     7    527 
   9   29     5    388 
   9   30     2    201 
   9   31     6    449 
   9   32     8    619 
   9   33    10    722 
   9   34    11    776 
   9   35     3    271 
   9   36     6    425 
   9   37     6    485 
   9   38     9    628 
   9   39     6    479 
  10    0     4    317 
  10    1    11    791 
  10    2     9    637 
  10    3    11    771 
  10    4     7    525 
  10    5     9    665 
  10    6     2    205 
  10    7     7    525 
  10    8    10    716 
  10    9     5    379 
  10   10    10    701 
  10   11     5    358 
  10   12     7    520 
  10   13    11    797 
  10   14     3    231 
  10   15     5    378 
  10   16     4    329 
  10   17     6    441 
  10   18     6    433 
  10   19     3    267 
  10   20     8    617 
  10   21     9    655 
  10   22     4    285 
  10   23     2    209 
  10   24     6    455 
  10   25     8    601 
  10   26     6    471 
  10   27     5    412 
  10   28     4    329 
  10   29     6    428 
  10   30     2    201 
  10   31     5    371 
  10   32     6    447 
  10   33     8    588 
  10   34     9    679 
  10   35     8    561 
  10   36     7    542 
  10   37    10    707 
  10   38     3    246 
  10   39     8    578 
  11    0     4    293 
  11    1     5    392 
  11    2     5    395 
  11    3     5    384 
  11    4     7    521 
  11    5     4    301 
  11    6    10    727 
  11    7    10    717 
  11    8    11    781 
  11    9     8    569 
  11   10    10    733 
  11   11     3    251 
  11   12     9    691 
  11   13     9    648 
  11   14    11    772 
  11   15    10    720 
  11   16    11    794 
  11   17     4    339 
  11   18     9    662 
  11   19     9    666 
  11   20     9    650 
  11   21     3    271 
  11   22     9    694 
  11   23     2    209 
  11   24     7    514 
  11   25    10    701 
  11   26     5    366 
  11   27     5    411 
  11   28     6    477 
  11   29     7    512 
  11   30     7    547 
  11   31     7    525 
  11   32     3    245 
  11   33     6    484 
  11   34     4    315 
  11   35     4    334 
  11   36     9    665 
  11   37     5    366 
  11   38     3    236 
  11   39     4    343 
  12    0    11    792 
  12    1    11    780 
  12    2     7    537 
  12    3     4    327 
  12    4    10    716 
  12    5     6    477 
  12    6     6    429 
  12    7     9    681 
  12    8    11    796 
  12    9    10    718 
  12   10     9    692 
  12   11    11    773 
  12   12    10    718 
  12   13     2    209 
  12   14     5    388 
  12   15     4    326 
  12   16     6    443 
  12   17     6    472 
  12   18     8    563 
  12   19     8    567 
  12   20     5    368 
  12   21     5    395 
  12   22     3    254 
  12   23     4    337 
  12   24    11    785 
  12   25    10    765 
  12   26     8    561 
  12   27     9    656 
  12   28     7    508 
  12   29     4    292 
  12   30     3    264 
  12   31    10    701 
  12   32     4    296 
  12   33     3    216 
  12   34    10    733 
  12   35     9    661 
  12   36     6    462 
  12   37     5    351 
  12   38     3    267 
  12   39    10    731 
  13    0    10    756 
  13    1     8    577 
  13    2     6    476 
  13    3    10    741 
  13    4     4    291 
  13    5    10    767 
  13    6     7    491 
  13    7     8    619 
  13    8    10    724 
  13    9     9    646 
  13   10     9    643 
  13   11     8    598 
  13   12     8    605 
  13   13     6    428 
  13   14     6    440 
  13   15     5    403 
  13   16     3    228 
  13   17     9    632 
  13   18     4    289 
  13   19     4    314 
  13   20     8    588 
  13   21     9    628 
  13   22     6    438 
  13   23     9    656 
  13   24     8    621 
  13   25     8    598 
  13   26     5    353 
  13   27     8    566 
  13   28     9    678 
  13   29    11    780 
  13   30     3    277 
  13   31     5    388 
  13   32     9    643 
  13   33     6    471 
  13   34     7    527 
  13   35     3    239 
  13   36    10    711 
  13   37     6    424 
  13   38     7    509 
  13   39    10    748 
  14    0     3    262 
  14    1     9    653 
  14    2     7    551 
  14    3     5    392 
  14    4    11    778 
  14    5     5    416 
  14    6     3    273 
  14    7     4    312 
  14    8    10    740 
  14    9     8    571 
  14   10     6    482 
  14   11     4    313 
  14   12     4    328 
  14   13    11    789 
  14   14    11    799 
  14   15     6    437 
  14   16     4    338 
  14   17     3    266 
  14   18     4    309 
  14   19    10    767 
  14   20     5    398 
  14   21     3    258 
  14   22     8    577 
  14   23     7    534 
  14   24     8    617 
  14   25     3    245 
  14   26     3    211 
  14   27    10    747 
  14   28     9    686 
  14   29     6    422 
  14   30    10    730 
  14   31     7    514 
  14   32     8    612 
  14   33    10    726 
  14   34     8    598 
  14   35     9    652 
  14   36     3    254 
  14   37     2    205 
  14   38     3    277 
  14   39    10    699 
  15    0    11    791 
  15    1     5    381 
  15    2     9    661 
  15    3    10    750 
  15    4    10    732 
  15    5     3    235 
  15    6     9    682 
  15    7     4    327 
  15    8     9    696 
  15    9    10    742 
  15   10     3    258 
  15   11     7    508 
  15   12     7    550 
  15   13     8    615 
  15   14     8    581 
  15   15     5    358 
  15   16    11    800 
  15   17     3    226 
  15   18     5    350 
  15   19     5    352 
  15   20     3    221 
  15   21     3    214 
  15   22    10    711 
  15   23     6    480 
  15   24     3    258 
  15   25     5    381 
  15   26     6    437 
  15   27     8    596 
  15   28     8    608 
  15   29     8    601 
  15   30     3    215 
  15   31     7    507 
  15   32     9    638 
  15   33     9    663 
  15   34     8    604 
  15   35     6    474 
  15   36     7    515 
  15   37     8    560 
  15   38     6    438 
  15   39    11    800 
  16    0     6    420 
  16    1    11    771 
  16    2     3    219 
  16    3     6    446 
  16    4     8    610 
  16    5    10    717 
  16    6    10    718 
  16    7     5    362 
  16    8     4    330 
  16    9     5    372 
  16   10     4    332 
  16   11     7    491 
  16   12     8    583 
  16   13     7    557 
  16   14     6    450 
  16   15     9    690 
  16   16     4    308 
  16   17     8    568 
  16   18     5    403 
  16   19     4    311 
  16   20    11    785 
  16   21     9    651 
  16   22     9    636 
  16   23     8    619 
  16   24     5    418 
  16   25     5    389 
  16   26    10    742 
  16   27     6    425 
  16   28     7    519 
  16   29    10    711 
  16   30     4    339 
  16   31     8    610 
  16   32     8    597 
  16   33     6    471 
  16   34     6    472 
  16   35     9    669 
  16   36    11    770 
  16   37     5    393 
  16   38    10    738 
  16   39     8    578 
  17    0     9    683 
  17    1     7    500 
  17    2    10    717 
  17    3    10    698 
  17    4     6    466 
  17    5     5    391 
  17    6    10    728 
  17    7     9    695 
  17    8     4    315 
  17    9     4    290 
  17   10     6    487 
  17   11     6    436 
  17   12     5    395 
  17   13     4    334 
  17   14     5    410 
  17   15     3    223 
  17   16     3    256 
  17   17     7    536 
  17   18     8    589 
  17   19     4    326 
  17   20     7    528 
  17   21     8    567 
  17   22     6    446 
  17   23    10    736 
  17   24     6    445 
  17   25     6    452 
  17   26    10    747 
  17   27     4    304 
  17   28    10    712 
  17   29     9    687 
  17   30     7    492 
  17   31     3    265 
  17   32     8    577 
  17   33     9    655 
  17   34     3    259 
  17   35     7    539 
  17   36     9    691 
  17   37     7    534 
  17   38     9    651 
  17   39     3    210 
  18    0     9    678 
  18    1     3    271 
  18    2     5    418 
  18    3    10    700 
  18    4     9    654 
  18    5     8    615 
  18    6     6    422 
  18    7     5    418 
  18    8     6    468 
  18    9     3    216 
  18   10     8    572 
  18   11     6    421 
  18   12     9    677 
  18   13     9    679 
  18   14    10    742 
  18   15    11    776 
  18   16     4    318 
  18   17     4    346 
  18   18     6    458 
  18   19     8    572 
  18   20     6    469 
  18   21     4    341 
  18   22     8    613 
  18   23     4    302 
  18   24     6    467 
  18   25    11    770 
  18   26     6    485 
  18   27     6    419 
  18   28    10    731 
  18   29     9    669 
  18   30     6    421 
  18   31     3    262 
  18   32     7    501 
  18   33     3    230 
  18   34     7    497 
  18   35    11    785 
  18   36     6    465 
  18   37     5    359 
  18   38     6    455 
  18   39     9    665 
  19    0    10    704 
  19    1     6    467 
  19    2     3    254 
  19    3     9    675 
  19    4     4    301 
  19    5     6    440 
  19    6    10    733 
  19    7     7    493 
  19    8     7    501 
  19    9     8    564 
  19   10     7    532 
  19   11     7    531 
  19   12     7    503 
  19   13     2    201 
  19   14     9    690 
  19   15     6    477 
  19   16     6    425 
  19   17     9    662 
  19   18     6    458 
  19   19    10    724 
  19   20     9    674 
  19   21    11    787 
  19   22     9    685 
  19   23     6    470 
  19   24     4    338 
  19   25     5    378 
  19   26    11    789 
  19   27     5    353 
  19   28     8    595 
  19   29     4    306 
  19   30     3    214 
  19   31     7    505 
  19   32     8    598 
  19   33     2    205 
  19   34     5    373 
  19   35     5    405 
  19   36     4    316 
  19   37     6    462 
  19   38     5    400 
  19   39     4    305 
  20    0     4    325 
  20    1    11    800 
  20    2     6    435 
  20    3    10    732 
  20    4     6    425 
  20    5     3    269 
  20    6     7    490 
  20    7    10    715 
  20    8     6    484 
  20    9     5    353 
  20   10     3    211 
  20   11     4    301 
  20   12     6    459 
  20   13     9    660 
  20   14     6    438 
  20   15     8    615 
  20   16     5    386 
  20   17     7    523 
  20   18    10    732 
  20   19     8    560 
  20   20    10    727 
  20   21     5    349 
  20   22     5    393 
  20   23     7    532 
  20   24     7    555 
  20   25     3    266 
  20   26     7    489 
  20   27     6    422 
  20   28     2    209 
  20   29     3    254 
  20   30    10    763 
  20   31    11    792 
  20   32     3    230 
  20   33     5    375 
  20   34     6    488 
  20   35     3    218 
  20   36     7    538 
  20   37     4    307 
  20   38     3    225 
  20   39     6    448 
  21    0     8    584 
  21    1     9    663 
  21    2     9    635 
  21    3     5    382 
  21    4     5    353 
  21    5     9    679 
  21    6     9    636 
  21    7     8    562 
  21    8     6    466 
  21    9     9    674 
  21   10     9    673 
  21   11    10    710 
  21   12     4    294 
  21   13     5    401 
  21   14    10    719 
  21   15     7    532 
  21   16     5    364 
  21   17     7    543 
  21   18    10    761 
  21   19     3    259 
  21   20     6    476 
  21   21     3    227 
  21   22     8    620 
  21   23     3    267 
  21   24     4    327 
  21   25     4    303 
  21   26     6    466 
  21   27     9    674 
  21   28     9    632 
  21   29     6    432 
  21   30     7    548 
  21   31    10    759 
  21   32     4    309 
  21   33     3    213 
  21   34     8    583 
  21   35     5    374 
  21   36    10    737 
  21   37    10    705 
  21   38     4    325 
  21   39     4    337 
  22    0     4    326 
  22    1    10    730 
  22    2     5    386 
  22    3     9    662 
  22    4     9    647 
  22    5     6    446 
  22    6    10    708 
  22    7    10    743 
  22    8     4    319 
  22    9    11    786 
  22   10    11    798 
  22   11     5    372 
  22   12     6    472 
  22   13     7    553 
  22   14    10    729 
  22   15    10    732 
  22   16     4    320 
  22   17     8    567 
  22   18     6    428 
  22   19    10    758 
  22   20     8    588 
  22   21     6    465 
  22   22     2    203 
  22   23     5    411 
  22   24     5    379 
  22   25     7    512 
  22   26     9    654 
  22   27     3    236 
  22   28     8    568 
  22   29     8    616 
  22   30     6    458 
  22   31     9    651 
  22   32     8    567 
  22   33    11    788 
  22   34     3    242 
  22   35     8    594 
  22   36     6    483 
  22   37     7    509 
  22   38     5    398 
  22   39     8    595 
  23    0     5    364 
  23    1     9    659 
  23    2     6    470 
  23    3     8    566 
  23    4     7    555 
  23    5     7    556 
  23    6    11    800 
  23    7    10    718 
  23    8     6    474 
  23    9    11    778 
  23   10    11    771 
  23   11     8    625 
  23   12     9    664 
  23   13     8    612 
  23   14     6    469 
  23   15     5    418 
  23   16     8    560 
  23   17     8    583 
  23   18     4    327 
  23   19     3    221 
  23   20     5    380 
  23   21     5    388 
  23   22    10    704 
  23   23     8    573 
  23   24     7    518 
  23   25     3    259 
  23   26     4    326 
  23   27     4    321 
  23   28     6    420 
  23   29     5    349 
  23   30     7    556 
  23   31     4    285 
  23   32     9    660 
  23   33     4    317 
  23   34     8    583 
  23   35     4    313 
  23   36     3    262 
  23   37     2    209 
  23   38    10    698 
  23   39     5    407 
  24    0     5    387 
  24    1     6    434 
  24    2     5    377 
  24    3     9    667 
  24    4     8    608 
  24    5     7    522 
  24    6    10    713 
  24    7     5    416 
  24    8     3    234 
  24    9     3    221 
  24   10     7    537 
  24   11     3    248 
  24   12     7    538 
  24   13     8    588 
  24   14     7    549 
  24   15     6    458 
  24   16     4    331 
  24   17     3    217 
  24   18    10    717 
  24   19     7    526 
  24   20     7    536 
  24   21     9    680 
  24   22     8    588 
  24   23     9    661 
  24   24     5    415 
  24   25     6    427 
  24   26     6    428 
  24   27     3    264 
  24   28    10    707 
  24   29    10    727 
  24   30    10    756 
  24   31     9    666 
  24   32     6    476 
  24   33    10    723 
  24   34     7    526 
  24   35     5    369 
  24   36     3    256 
  24   37     7    489 
  24   38    10    720 
  24   39    10    749 
  25    0     7    524 
  25    1     8    625 
  25    2     6    444 
  25    3     7    501 
  25    4     3    214 
  25    5     9    652 
  25    6     3    261 
  25    7    11    796 
  25    8     5    403 
  25    9     6    475 
  25   10     4    347 
  25   11     5    410 
  25   12    10    713 
  25   13    11    775 
  25   14     5    395 
  25   15     5    362 
  25   16     4    284 
  25   17     4    342 
  25   18     3    235 
  25   19    10    764 
  25   20     5    401 
  25   21     9    655 
  25   22     8    577 
  25   23     5    406 
  25   24     7    519 
  25   25     9    630 
  25   26    10    750 
  25   27     5    395 
  25   28     5    397 
  25   29     3    224 
  25   30    11    770 
  25   31     9    697 
  25   32     5    390 
  25   33     3    217 
  25   34    10    720 
  25   35     7    541 
  25   36     3    214 
  25   37     9    688 
  25   38     3    263 
  25   39    10    723 
  26    0     6    464 
  26    1     6    420 
  26    2     7    495 
  26    3     3    273 
  26    4     8    583 
  26    5     3    235 
  26    6     4    322 
  26    7     3    224 
  26    8     3    228 
  26    9     7    504 
  26   10     7    546 
  26   11     4    279 
  26   12     4    326 
  26   13    10    723 
  26   14     2    202 
  26   15     6    452 
  26   16    11    798 
  26   17     7    543 
  26   18     7    551 
  26   19     6    475 
  26   20     6    445 
  26   21     6    421 
  26   22     9    696 
  26   23     7    536 
  26   24     3    219 
  26   25     8    571 
  26   26     7    549 
  26   27    11    798 
  26   28     7    544 
  26   29     7    508 
  26   30     3    218 
  26   31     9    661 
  26   32    11    778 
  26   33     3    211 
  26   34    10    716 
  26   35    10    761 
  26   36     2    207 
  26   37     3    222 
  26   38     4    294 
  26   39     8    591 
  27    0    11    769 
  27    1     9    668 
  27    2     9    671 
  27    3     8    599 
  27    4     9    663 
  27    5     6    477 
  27    6     6    431 
  27    7     3    248 
  27    8     5    357 
  27    9     6    451 
  27   10     5    371 
  27   11     4    290 
  27   12     6    482 
  27   13     8    619 
  27   14    11    776 
  27   15     5    390 
  27   16     9    642 
  27   17    11    798 
  27   18     4    338 
  27   19    10    764 
  27   20     4    332 
  27   21     8    593 
  27   22     8    571 
  27   23     8    565 
  27   24     4    341 
  27   25     7    552 
  27   26     7    509 
  27   27     4    330 
  27   28     4    311 
  27   29     6    426 
  27   30     9    651 
  27   31    10    739 
  27   32     7    533 
  27   33    10    763 
  27   34     3    261 
  27   35    10    749 
  27   36     6    456 
  27   37    10    709 
  27   38     6    442 
  27   39     8    575 
  28    0     7    548 
  28    1     3    227 
  28    2     4    308 
  28    3     5    414 
  28    4     9    678 
  28    5     9    688 
  28    6     7    551 
  28    7     7    521 
  28    8    10    736 
  28    9    11    784 
  28   10     6    468 
  28   11     7    540 
  28   12     9    654 
  28   13     3    269 
  28   14     6    435 
  28   15     7    528 
  28   16     6    484 
  28   17     7    518 
  28   18     8    626 
  28   19    10    759 
  28   20     6    483 
  28   21     4    320 
  28   22     6    426 
  28   23     5    372 
  28   24     7    508 
  28   25     9    632 
  28   26     6    480 
  28   27     9    650 
  28   28     9    667 
  28   29     6    479 
  28   30    11    769 
  28   31     2    207 
  28   32     8    565 
  28   33     3    262 
  28   34     3    254 
  28   35    11    800 
  28   36     9    663 
  28   37     3    252 
  28   38     9    635 
  28   39     9    643 
  29    0     5    369 
  29    1     8    616 
  29    2    10    743 
  29    3     6    438 
  29    4     3    243 
  29    5     6    422 
  29    6     3    253 
  29    7     6    436 
  29    8     5    382 
  29    9     8    584 
  29   10     8    617 
  29   11     6    462 
  29   12    10    739 
  29   13     8    572 
  29   14     8    609 
  29   15     3    213 
  29   16     5    415 
  29   17     4    319 
  29   18     9    687 
  29   19     6    484 
  29   20     2    205 
  29   21     9    694 
  29   22     8    588 
  29   23     6    460 
  29   24    10    765 
  29   25     2    206 
  29   26     4    331 
  29   27    10    753 
  29   28     7    502 
  29   29    11    786 
  29   30     4    280 
  29   31     5    375 
  29   32     8    576 
  29   33     3    268 
  29   34     5    391 
  29   35     7    515 
  29   36     4    300 
  29   37     6    463 
  29   38     4    332 
  29   39     4    340 
  30    0     9    633 
  30    1     7    514 
  30    2     9    657 
  30    3     3    234 
  30    4     7    534 
  30    5     6    457 
  30    6     7    545 
  30    7     7    495 
  30    8     6    480 
  30    9     9    670 
  30   10     7    553 
  30   11     5    391 
  30   12     7    501 
  30   13     6    475 
  30   14    10    742 
  30   15     9    691 
  30   16     7    496 
  30   17     3    248 
  30   18     5    399 
  30   19    10    758 
  30   20     8    581 
  30   21    11    800 
  30   22     6    436 
  30   23     8    618 
  30   24     7    543 
  30   25     3    256 
  30   26    10    755 
  30   27    10    728 
  30   28     4    341 
  30   29     6    452 
  30   30     4    279 
  30   31     5    372 
  30   32     8    564 
  30   33     8    587 
  30   34     8    578 
  30   35     8    564 
  30   36     9    640 
  30   37     6    440 
  30   38     4    331 
  30   39     5    387 
  31    0     4    316 
  31    1     8    589 
  31    2     9    662 
  31    3     7    512 
  31    4     8    615 
  31    5     7    530 
  31    6     6    456 
  31    7     4    345 
  31    8     3    269 
  31    9     6    441 
  31   10     9    657 
  31   11     5    363 
  31   12     7    540 
  31   13     9    655 
  31   14     9    664 
  31   15     8    581 
  31   16     7    542 
  31   17     4    329 
  31   18    10    744 
  31   19     6    464 
  31   20     7    544 
  31   21     2    203 
  31   22     5    398 
  31   23     6    485 
  31   24     9    638 
  31   25     5    366 
  31   26     4    291 
  31   27     5    376 
  31   28    10    716 
  31   29    11    773 
  31   30     7    536 
  31   31     9    678 
  31   32     4    303 
  31   33    10    721 
  31   34    10    707 
  31   35     9    655 
  31   36     9    670 
  31   37     5    382 
  31   38     8    571 
  31   39    11    800 
  32    0     7    525 
  32    1     6    462 
  32    2     9    674 
  32    3     8    613 
  32    4     9    633 
  32    5     6    466 
  32    6     5    396 
  32    7     2    209 
  32    8     7    515 
  32    9    11    775 
  32   10     7    524 
  32   11     7    552 
  32   12     8    604 
  32   13     7    489 
  32   14     8    605 
  32   15    11    796 
  32   16     5    391 
  32   17     7    503 
  32   18     3    251 
  32   19     9    689 
  32   20     6    458 
  32   21     3    235 
  32   22     9    680 
  32   23    11    783 
  32   24     7    522 
  32   25     5    372 
  32   26     9    695 
  32   27     3    267 
  32   28    11    796 
  32   29     3    226 
  32   30     4    334 
  32   31     7    544 
  32   32    10    728 
  32   33     6    476 
  32   34     4    330 
  32   35     5    414 
  32   36     9    654 
  32   37     5    392 
  32   38     6    471 
  32   39     7    497 
  33    0     4    338 
  33    1     8    571 
  33    2     3    255 
  33    3     4    286 
  33    4     3    253 
  33    5     4    300 
  33    6     4    339 
  33    7     4    304 
  33    8    10    725 
  33    9     9    679 
  33   10     5    393 
  33   11     5    413 
  33   12     8    621 
  33   13     5    367 
  33   14     6    441 
  33   15     3    220 
  33   16     4    330 
  33   17     8    592 
  33   18     9    630 
  33   19     8    603 
  33   20     5    351 
  33   21     3    275 
  33   22     8    608 
  33   23     8    627 
  33   24     8    583 
  33   25     3    224 
  33   26    10    734 
  33   27    10    713 
  33   28    10    749 
  33   29     9    639 
  33   30     4    316 
  33   31     5    406 
  33   32    10    709 
  33   33     9    667 
  33   34     5    385 
  33   35     6    451 
  33   36     7    540 
  33   37     7    497 
  33   38     6    426 
  33   39     7    543 
  34    0     6    440 
  34    1     6    432 
  34    2     4    281 
  34    3     6    471 
  34    4     6    481 
  34    5     4    324 
  34    6     8    563 
  34    7     6    452 
  34    8     3    274 
  34    9     6    486 
  34   10     3    227 
  34   11     6    465 
  34   12     3    273 
  34   13     3    236 
  34   14     5    351 
  34   15     9    667 
  34   16     4    334 
  34   17     3    273 
  34   18     8    615 
  34   19     5    374 
  34   20     3    264 
  34   21     3    252 
  34   22    11    768 
  34   23     3    263 
  34   24    11    768 
  34   25    10    756 
  34   26     7    497 
  34   27     4    297 
  34   28     6    488 
  34   29    11    784 
  34   30     4    330 
  34   31    11    785 
  34   32     4    332 
  34   33     5    417 
  34   34    10    760 
  34   35     8    619 
  34   36     4    317 
  34   37     3    244 
  34   38    10    747 
  34   39     4    328 
  35    0    11    781 
  35    1     8    562 
  35    2     6    427 
  35    3    10    752 
  35    4     9    675 
  35    5     9    697 
  35    6    10    762 
  35    7    10    760 
  35    8    10    756 
  35    9     6    477 
  35   10    10    763 
  35   11     4    304 
  35   12    10    726 
  35   13    10    725 
  35   14    10    701 
  35   15     7    503 
  35   16    10    764 
  35   17     5    388 
  35   18    11    776 
  35   19     3    256 
  35   20    10    699 
  35   21     4    308 
  35   22     4    297 
  35   23     5    379 
  35   24     3    243 
  35   25     8    602 
  35   26     3    242 
  35   27     7    536 
  35   28     3    212 
  35   29     4    313 
  35   30     3    244 
  35   31     5    378 
  35   32     6    460 
  35   33     4    330 
  35   34     5    369 
  35   35     3    227 
  35   36     3    272 
  35   37     3    254 
  35   38     7    507 
  35   39    11    769 
  36    0     6    442 
  36    1     8    577 
  36    2     3    217 
  36    3     7    500 
  36    4    10    748 
  36    5     4    331 
  36    6     9    663 
  36    7     7    494 
  36    8     4    333 
  36    9     7    516 
  36   10     7    513 
  36   11    10    711 
  36   12     5    377 
  36   13     5    350 
  36   14    10    703 
  36   15     9    642 
  36   16     7    547 
  36   17     3    214 
  36   18    11    770 
  36   19     3    223 
  36   20     4    313 
  36   21     5    416 
  36   22     4    292 
  36   23     4    300 
  36   24     7    518 
  36   25     5    413 
  36   26     5    388 
  36   27     8    606 
  36   28     3    217 
  36   29     2    209 
  36   30     7    495 
  36   31    10    719 
  36   32     9    661 
  36   33     7    515 
  36   34     5    417 
  36   35     8    623 
  36   36     7    519 
  36   37     8    625 
  36   38     6    438 
  36   39     4    289 
  37    0     6    476 
  37    1     2    207 
  37    2     7    516 
  37    3     3    220 
  37    4     4    303 
  37    5    11    773 
  37    6     4    303 
  37    7     4    283 
  37    8     5    351 
  37    9    11    798 
  37   10    11    778 
  37   11     7    520 
  37   12     7    541 
  37   13     3    253 
  37   14     6    456 
  37   15     3    241 
  37   16     4    319 
  37   17    10    720 
  37   18     8    560 
  37   19     8    608 
  37   20     8    606 
  37   21     6    446 
  37   22     8    618 
  37   23    10    746 
  37   24    11    786 
  37   25    10    748 
  37   26    10    713 
  37   27     4    288 
  37   28     8    609 
  37   29     4    282 
  37   30     8    596 
  37   31     5    417 
  37   32     5    410 
  37   33     3    215 
  37   34    10    702 
  37   35     9    640 
  37   36     6    435 
  37   37     3    255 
  37   38     5    408 
  37   39     3    263 
  38    0     2    209 
  38    1     2    207 
  38    2     3    216 
  38    3    10    729 
  38    4     9    648 
  38    5    10    713 
  38    6     6    479 
  38    7     6    456 
  38    8     5    363 
  38    9    10    736 
  38   10     4    330 
  38   11     9    681 
  38   12     5    396 
  38   13     3    268 
  38   14     4    318 
  38   15    11    779 
  38   16     5    410 
  38   17    10    705 
  38   18    10    766 
  38   19     9    630 
  38   20     7    501 
  38   21     9    659 
  38   22     9    659 
  38   23     8    573 
  38   24    10    714 
  38   25     4    294 
  38   26     9    672 
  38   27    11    777 
  38   28     3    218 
  38   29     7    524 
  38   30     5    396 
  38   31     6    449 
  38   32     4    295 
  38   33     9    675 
  38   34     7    547 
  38   35     6    447 
  38   36    10    710 
  38   37     9    666 
  38   38     7    550 
  38   39     6    423 
  39    0     6    453 
  39    1     6    458 
  39    2     5    397 
  39    3     5    390 
  39    4     5    411 
  39    5     3    221 
  39    6     9    685 
  39    7     8    625 
  39    8     4    289 
  39    9     8    617 
  39   10     3    235 
  39   11     8    594 
  39   12     9    628 
  39   13     7    490 
  39   14     8    590 
  39   15     8    616 
  39   16     6    443 
  39   17     9    686 
  39   18     9    679 
  39   19     8    586 
  39   20     9    677 
  39   21     5    371 
  39   22     9    690 
  39   23     7    504 
  39   24     6    429 
  39   25     6    430 
  39   26     7    541 
  39   27     6    450 
  39   28     9    631 
  39   29     7    518 
  39   30     6    435 
  39   31     9    669 
  39   32     5    354 
  39   33     5    399 
  39   34     7    542 
  39   35    10    740 
  39   36     9    676 
  39   37     4    321 
  39   38     8    583 
  39   39     6    459 
