 40
 40

   20
   15
   26
   48
   37
   27
   20
   29
    5
   26
   14
    7
    6
   13
   30
   17
   15
   24
    6
   39
    2
   39
   31
   14
   14
   13
   20
   32
   22
   49
   27
   12
   43
    5
   16
    8
   50
   36
   11
   18

    9
   24
   11
   19
   31
   13
   28
   26
   15
   49
    7
   35
   48
   29
    4
   14
   49
   32
    1
   37
   28
   11
   23
    1
   36
   16
   15
   11
   31
    4
   17
   10
    8
   39
   25
    1
   38
   30
   28
   33

   0    0     4    225 
   0    1    13    752 
   0    2    13    772 
   0    3     9    524 
   0    4     8    465 
   0    5    10    590 
   0    6     9    550 
   0    7    12    704 
   0    8    14    787 
   0    9    11    662 
   0   10     5    313 
   0   11     7    425 
   0   12    10    608 
   0   13     9    531 
   0   14    13    775 
   0   15     8    465 
   0   16     6    357 
   0   17     5    312 
   0   18     9    539 
   0   19     6    357 
   0   20     6    358 
   0   21     6    368 
   0   22     7    400 
   0   23     8    478 
   0   24    11    637 
   0   25     8    460 
   0   26    11    653 
   0   27     7    433 
   0   28    13    780 
   0   29    10    572 
   0   30     3    202 
   0   31     6    388 
   0   32     7    439 
   0   33     7    417 
   0   34    10    568 
   0   35    11    633 
   0   36    12    710 
   0   37    14    799 
   0   38     6    351 
   0   39    12    682 
   1    0     7    442 
   1    1     4    264 
   1    2     8    456 
   1    3    14    793 
   1    4    11    670 
   1    5     4    259 
   1    6    12    689 
   1    7     4    273 
   1    8    12    725 
   1    9     4    247 
   1   10     7    415 
   1   11     5    316 
   1   12     8    457 
   1   13     6    362 
   1   14     6    367 
   1   15     5    332 
   1   16    11    631 
   1   17    12    707 
   1   18     9    511 
   1   19    11    630 
   1   20    11    668 
   1   21     6    372 
   1   22     6    367 
   1   23     7    425 
   1   24     8    494 
   1   25     5    333 
   1   26     8    503 
   1   27    13    781 
   1   28    13    744 
   1   29    12    712 
   1   30     7    426 
   1   31     5    289 
   1   32    11    648 
   1   33    12    683 
   1   34     9    528 
   1   35     9    533 
   1   36     4    273 
   1   37     9    548 
   1   38    13    762 
   1   39    10    611 
   2    0    11    637 
   2    1    10    583 
   2    2     5    289 
   2    3    11    627 
   2    4    11    657 
   2    5    14    791 
   2    6     5    324 
   2    7     5    323 
   2    8    10    587 
   2    9    12    711 
   2   10    13    775 
   2   11     8    484 
   2   12     9    517 
   2   13    10    563 
   2   14     6    356 
   2   15     7    423 
   2   16     4    275 
   2   17     9    545 
   2   18     9    507 
   2   19    11    643 
   2   20    12    694 
   2   21     6    351 
   2   22    10    567 
   2   23     4    263 
   2   24     9    508 
   2   25     4    240 
   2   26     9    560 
   2   27     4    245 
   2   28    12    716 
   2   29    10    603 
   2   30    13    777 
   2   31     8    471 
   2   32     9    514 
   2   33    12    674 
   2   34     6    359 
   2   35     8    451 
   2   36     9    510 
   2   37    13    735 
   2   38    12    682 
   2   39     8    454 
   3    0     5    298 
   3    1    11    666 
   3    2    12    700 
   3    3     4    238 
   3    4     4    266 
   3    5     8    484 
   3    6    12    702 
   3    7     5    313 
   3    8     7    446 
   3    9    10    607 
   3   10    13    730 
   3   11     7    408 
   3   12    12    688 
   3   13    10    579 
   3   14     6    343 
   3   15    14    788 
   3   16    13    765 
   3   17    11    658 
   3   18     3    202 
   3   19    13    730 
   3   20    10    574 
   3   21     3    211 
   3   22     9    554 
   3   23    11    669 
   3   24     6    354 
   3   25    10    613 
   3   26    13    754 
   3   27    12    690 
   3   28     8    457 
   3   29    13    748 
   3   30    13    742 
   3   31     8    486 
   3   32     4    259 
   3   33     4    273 
   3   34     5    332 
   3   35    11    623 
   3   36     8    476 
   3   37    11    657 
   3   38    10    564 
   3   39    11    644 
   4    0    11    657 
   4    1     9    522 
   4    2    12    682 
   4    3    13    754 
   4    4    10    588 
   4    5     7    434 
   4    6    10    589 
   4    7     4    262 
   4    8     4    230 
   4    9     9    506 
   4   10     4    267 
   4   11     9    559 
   4   12     4    280 
   4   13    10    599 
   4   14    11    656 
   4   15    10    572 
   4   16    11    627 
   4   17    10    601 
   4   18    11    622 
   4   19    10    593 
   4   20    11    619 
   4   21     8    469 
   4   22     3    207 
   4   23     9    511 
   4   24     5    285 
   4   25     9    543 
   4   26     5    307 
   4   27     8    481 
   4   28    14    794 
   4   29    11    663 
   4   30    11    654 
   4   31    13    780 
   4   32    12    681 
   4   33     7    401 
   4   34    12    692 
   4   35    13    754 
   4   36     4    230 
   4   37     7    421 
   4   38    13    766 
   4   39     8    470 
   5    0     4    245 
   5    1     4    261 
   5    2    10    584 
   5    3    11    621 
   5    4     4    237 
   5    5     5    308 
   5    6     8    481 
   5    7    14    797 
   5    8    13    755 
   5    9     6    345 
   5   10    10    588 
   5   11     4    265 
   5   12     5    284 
   5   13    12    697 
   5   14     5    333 
   5   15    11    665 
   5   16    10    609 
   5   17     3    220 
   5   18     4    276 
   5   19     6    344 
   5   20     5    316 
   5   21    11    642 
   5   22    10    599 
   5   23     8    497 
   5   24     8    477 
   5   25     8    493 
   5   26     7    422 
   5   27    10    574 
   5   28    12    676 
   5   29     8    452 
   5   30    11    659 
   5   31     9    527 
   5   32     4    271 
   5   33     3    224 
   5   34    10    603 
   5   35     9    517 
   5   36     4    271 
   5   37     3    210 
   5   38     7    433 
   5   39     4    225 
   6    0     5    288 
   6    1    10    608 
   6    2    10    580 
   6    3     4    242 
   6    4    14    800 
   6    5    12    689 
   6    6    12    717 
   6    7     9    554 
   6    8    12    727 
   6    9    10    562 
   6   10    12    715 
   6   11    11    632 
   6   12     4    229 
   6   13    13    735 
   6   14     6    377 
   6   15     8    476 
   6   16    13    729 
   6   17     9    526 
   6   18    12    697 
   6   19     5    290 
   6   20     5    322 
   6   21    11    649 
   6   22    14    799 
   6   23     8    504 
   6   24    13    757 
   6   25     4    232 
   6   26     5    332 
   6   27     5    310 
   6   28     4    236 
   6   29    10    580 
   6   30    12    717 
   6   31    13    763 
   6   32    14    787 
   6   33     8    454 
   6   34    13    774 
   6   35     7    404 
   6   36    10    561 
   6   37    10    599 
   6   38    12    679 
   6   39     7    403 
   7    0     5    293 
   7    1     4    271 
   7    2     4    228 
   7    3     8    501 
   7    4    14    799 
   7    5     7    436 
   7    6    12    682 
   7    7     4    240 
   7    8     9    530 
   7    9    12    707 
   7   10    13    730 
   7   11    13    757 
   7   12     4    225 
   7   13    10    568 
   7   14    10    576 
   7   15     3    202 
   7   16    10    561 
   7   17     4    229 
   7   18    10    604 
   7   19    10    575 
   7   20     4    267 
   7   21     7    444 
   7   22    12    687 
   7   23     8    466 
   7   24     6    337 
   7   25    10    575 
   7   26    11    652 
   7   27     9    515 
   7   28     6    339 
   7   29     9    531 
   7   30     9    542 
   7   31    14    792 
   7   32    11    658 
   7   33    10    561 
   7   34    11    669 
   7   35    13    746 
   7   36     9    544 
   7   37     7    421 
   7   38     8    470 
   7   39    10    585 
   8    0     4    274 
   8    1    12    722 
   8    2    10    610 
   8    3     6    337 
   8    4    10    582 
   8    5    10    603 
   8    6     5    332 
   8    7     6    384 
   8    8    13    782 
   8    9    10    584 
   8   10     6    380 
   8   11     5    289 
   8   12     9    527 
   8   13     5    298 
   8   14     7    416 
   8   15    13    752 
   8   16     8    496 
   8   17    10    568 
   8   18     5    282 
   8   19     9    540 
   8   20    11    640 
   8   21     5    282 
   8   22    13    748 
   8   23     4    258 
   8   24     5    295 
   8   25     5    326 
   8   26     9    537 
   8   27     5    300 
   8   28     6    356 
   8   29    12    716 
   8   30     5    300 
   8   31     9    549 
   8   32    10    567 
   8   33    12    709 
   8   34     5    333 
   8   35     5    285 
   8   36     7    409 
   8   37     9    528 
   8   38     9    553 
   8   39    11    652 
   9    0    10    587 
   9    1    10    572 
   9    2    11    669 
   9    3     7    429 
   9    4     5    288 
   9    5     6    353 
   9    6     5    325 
   9    7    11    655 
   9    8    10    573 
   9    9    14    796 
   9   10     3    213 
   9   11    11    621 
   9   12    13    769 
   9   13     3    204 
   9   14     5    283 
   9   15    12    700 
   9   16     9    525 
   9   17    13    766 
   9   18    11    639 
   9   19    12    698 
   9   20     5    291 
   9   21     8    464 
   9   22     8    485 
   9   23     6    386 
   9   24    11    650 
   9   25     5    286 
   9   26     7    426 
   9   27    10    567 
   9   28    14    786 
   9   29    11    669 
   9   30     4    273 
   9   31    11    653 
   9   32    14    786 
   9   33     4    231 
   9   34     5    300 
   9   35     6    347 
   9   36    10    596 
   9   37     7    433 
   9   38     6    352 
   9   39    14    793 
  10    0    11    633 
  10    1     8    500 
  10    2     6    354 
  10    3     9    524 
  10    4    11    629 
  10    5     5    336 
  10    6    11    631 
  10    7     7    402 
  10    8     8    474 
  10    9    12    704 
  10   10     9    538 
  10   11    11    621 
  10   12     6    349 
  10   13     3    224 
  10   14    10    561 
  10   15     8    452 
  10   16     3    209 
  10   17    13    749 
  10   18     8    493 
  10   19     7    438 
  10   20     8    467 
  10   21     8    469 
  10   22     7    417 
  10   23     6    392 
  10   24    10    567 
  10   25     5    284 
  10   26    13    751 
  10   27     3    220 
  10   28    13    772 
  10   29     6    369 
  10   30     3    211 
  10   31     5    313 
  10   32     5    322 
  10   33     9    548 
  10   34    10    571 
  10   35    14    791 
  10   36    13    749 
  10   37     6    388 
  10   38    11    646 
  10   39     8    461 
  11    0     5    281 
  11    1     6    383 
  11    2     5    308 
  11    3     3    204 
  11    4    10    581 
  11    5     9    559 
  11    6     7    419 
  11    7     8    488 
  11    8    11    627 
  11    9     8    472 
  11   10     5    325 
  11   11     9    526 
  11   12     4    266 
  11   13     8    500 
  11   14    14    800 
  11   15     9    519 
  11   16     8    478 
  11   17     6    386 
  11   18     7    426 
  11   19     7    403 
  11   20    12    684 
  11   21     9    544 
  11   22    10    568 
  11   23     3    209 
  11   24     5    328 
  11   25     8    453 
  11   26    10    614 
  11   27    12    676 
  11   28     8    480 
  11   29     5    304 
  11   30     8    499 
  11   31     9    506 
  11   32    10    583 
  11   33     6    389 
  11   34    10    582 
  11   35     6    358 
  11   36     7    437 
  11   37     8    497 
  11   38    11    637 
  11   39    11    624 
  12    0    12    724 
  12    1     6    371 
  12    2    10    566 
  12    3    14    800 
  12    4    12    711 
  12    5    13    737 
  12    6    12    697 
  12    7     3    212 
  12    8    10    590 
  12    9    11    617 
  12   10    11    671 
  12   11     4    247 
  12   12     9    538 
  12   13    13    745 
  12   14     7    428 
  12   15    10    604 
  12   16    10    608 
  12   17     7    440 
  12   18     8    501 
  12   19     9    522 
  12   20     6    349 
  12   21     6    350 
  12   22     7    428 
  12   23    13    781 
  12   24     6    344 
  12   25     4    268 
  12   26     7    408 
  12   27     6    364 
  12   28    10    566 
  12   29     9    559 
  12   30    12    713 
  12   31    12    716 
  12   32     6    363 
  12   33    10    578 
  12   34    10    588 
  12   35     8    488 
  12   36     4    261 
  12   37    14    795 
  12   38    12    703 
  12   39     9    523 
  13    0    10    585 
  13    1     4    276 
  13    2    11    645 
  13    3     3    220 
  13    4    10    565 
  13    5    12    685 
  13    6     6    350 
  13    7     9    518 
  13    8     6    358 
  13    9     9    528 
  13   10     8    475 
  13   11     9    559 
  13   12     5    303 
  13   13     8    458 
  13   14     7    445 
  13   15     7    399 
  13   16    14    796 
  13   17    10    589 
  13   18    10    574 
  13   19     6    362 
  13   20    12    727 
  13   21     5    305 
  13   22    13    776 
  13   23    12    695 
  13   24     8    503 
  13   25    13    739 
  13   26     5    326 
  13   27     3    222 
  13   28    11    668 
  13   29    10    580 
  13   30     4    274 
  13   31     7    431 
  13   32     4    272 
  13   33     5    289 
  13   34     6    357 
  13   35     6    363 
  13   36     6    366 
  13   37    12    686 
  13   38     6    380 
  13   39     7    447 
  14    0    13    759 
  14    1    10    611 
  14    2     7    422 
  14    3    11    644 
  14    4     5    317 
  14    5     8    484 
  14    6    11    650 
  14    7     5    323 
  14    8    11    666 
  14    9     9    543 
  14   10    11    623 
  14   11     5    322 
  14   12    13    731 
  14   13     8    475 
  14   14    13    763 
  14   15     9    506 
  14   16     7    430 
  14   17     6    344 
  14   18    14    793 
  14   19     4    258 
  14   20    12    703 
  14   21    10    580 
  14   22    13    760 
  14   23    13    763 
  14   24     9    529 
  14   25     3    201 
  14   26     6    348 
  14   27     5    317 
  14   28     8    482 
  14   29    13    731 
  14   30    11    628 
  14   31     7    414 
  14   32    13    743 
  14   33    11    667 
  14   34     8    449 
  14   35     8    495 
  14   36    11    650 
  14   37     5    316 
  14   38    11    636 
  14   39     6    382 
  15    0    10    581 
  15    1     5    316 
  15    2    10    607 
  15    3     7    443 
  15    4     5    332 
  15    5    10    585 
  15    6    12    726 
  15    7     8    453 
  15    8     3    212 
  15    9     8    483 
  15   10     5    302 
  15   11    12    715 
  15   12    11    651 
  15   13    11    632 
  15   14     5    307 
  15   15    10    611 
  15   16     5    302 
  15   17     4    266 
  15   18     9    519 
  15   19     9    552 
  15   20     4    249 
  15   21     8    470 
  15   22     7    433 
  15   23    12    718 
  15   24     5    284 
  15   25     8    494 
  15   26     5    310 
  15   27    11    656 
  15   28    12    697 
  15   29    12    684 
  15   30    12    684 
  15   31     7    396 
  15   32    13    779 
  15   33     4    232 
  15   34     9    508 
  15   35     4    237 
  15   36     4    227 
  15   37     7    445 
  15   38     7    437 
  15   39    10    596 
  16    0     6    359 
  16    1     4    266 
  16    2    11    649 
  16    3    13    737 
  16    4    13    767 
  16    5     4    267 
  16    6    12    704 
  16    7    10    603 
  16    8     8    464 
  16    9    10    589 
  16   10    11    650 
  16   11     8    483 
  16   12     9    519 
  16   13    13    735 
  16   14     7    400 
  16   15     9    555 
  16   16    13    742 
  16   17    11    629 
  16   18     5    291 
  16   19    11    646 
  16   20     7    428 
  16   21    13    779 
  16   22     9    539 
  16   23    10    570 
  16   24     7    422 
  16   25     8    463 
  16   26     9    560 
  16   27     4    278 
  16   28     4    246 
  16   29     6    392 
  16   30     7    417 
  16   31    12    728 
  16   32     6    361 
  16   33     8    454 
  16   34    10    583 
  16   35     9    531 
  16   36     8    472 
  16   37     8    456 
  16   38    10    566 
  16   39     8    496 
  17    0     5    297 
  17    1    13    781 
  17    2    14    796 
  17    3     6    354 
  17    4    11    652 
  17    5     3    218 
  17    6    10    594 
  17    7    11    624 
  17    8     5    312 
  17    9     9    541 
  17   10    10    586 
  17   11    14    786 
  17   12     8    462 
  17   13     7    401 
  17   14    11    662 
  17   15     4    265 
  17   16    11    633 
  17   17     6    374 
  17   18    11    637 
  17   19     8    454 
  17   20    13    767 
  17   21    13    768 
  17   22    11    619 
  17   23     7    396 
  17   24     7    436 
  17   25     7    400 
  17   26    10    593 
  17   27     4    242 
  17   28    12    673 
  17   29    12    686 
  17   30    12    686 
  17   31     7    429 
  17   32     6    385 
  17   33     4    250 
  17   34    11    656 
  17   35    10    610 
  17   36     5    320 
  17   37    10    570 
  17   38     5    283 
  17   39     3    210 
  18    0    12    690 
  18    1     6    384 
  18    2    13    772 
  18    3     7    420 
  18    4     8    504 
  18    5     8    476 
  18    6     6    376 
  18    7     6    375 
  18    8     5    336 
  18    9    11    642 
  18   10     9    524 
  18   11    10    564 
  18   12     7    442 
  18   13     6    378 
  18   14     9    514 
  18   15     7    395 
  18   16    12    699 
  18   17    14    797 
  18   18     8    498 
  18   19    13    767 
  18   20    13    759 
  18   21    12    685 
  18   22    12    719 
  18   23     4    248 
  18   24    11    633 
  18   25     6    368 
  18   26     7    411 
  18   27     6    382 
  18   28     7    395 
  18   29     8    469 
  18   30    11    629 
  18   31     7    441 
  18   32    11    668 
  18   33    13    761 
  18   34    11    623 
  18   35     4    245 
  18   36     4    256 
  18   37     7    446 
  18   38    10    583 
  18   39     5    322 
  19    0     6    362 
  19    1    10    592 
  19    2    10    564 
  19    3     4    270 
  19    4     5    301 
  19    5     7    409 
  19    6     4    261 
  19    7     6    359 
  19    8     8    504 
  19    9    11    642 
  19   10    11    649 
  19   11     4    249 
  19   12    13    772 
  19   13     7    445 
  19   14    12    725 
  19   15    13    782 
  19   16    13    759 
  19   17     3    214 
  19   18     9    540 
  19   19     3    201 
  19   20     4    257 
  19   21     5    293 
  19   22     8    478 
  19   23     6    349 
  19   24     7    448 
  19   25     5    293 
  19   26     7    445 
  19   27    10    581 
  19   28     6    359 
  19   29     4    280 
  19   30     8    473 
  19   31     9    514 
  19   32     4    234 
  19   33     4    258 
  19   34     7    406 
  19   35     6    350 
  19   36    13    767 
  19   37     8    485 
  19   38    11    660 
  19   39     5    283 
  20    0    10    562 
  20    1     4    272 
  20    2    13    733 
  20    3    10    588 
  20    4     7    438 
  20    5    10    567 
  20    6     9    538 
  20    7    14    787 
  20    8     6    352 
  20    9    13    778 
  20   10     3    203 
  20   11    13    775 
  20   12     4    228 
  20   13    13    742 
  20   14     4    229 
  20   15    10    577 
  20   16    12    676 
  20   17    12    716 
  20   18     3    215 
  20   19    13    751 
  20   20     4    253 
  20   21     4    268 
  20   22     9    553 
  20   23    13    775 
  20   24     4    231 
  20   25    12    697 
  20   26     4    261 
  20   27     5    291 
  20   28     9    515 
  20   29     9    551 
  20   30     4    249 
  20   31     8    492 
  20   32     9    537 
  20   33    13    732 
  20   34     6    368 
  20   35    10    590 
  20   36     7    395 
  20   37    12    687 
  20   38     7    397 
  20   39    10    582 
  21    0    11    668 
  21    1    13    781 
  21    2    11    635 
  21    3     6    349 
  21    4    10    600 
  21    5     6    376 
  21    6     7    398 
  21    7     9    557 
  21    8     6    350 
  21    9    10    584 
  21   10     7    421 
  21   11     4    249 
  21   12    10    574 
  21   13     6    337 
  21   14     8    452 
  21   15    12    687 
  21   16    13    759 
  21   17     6    386 
  21   18     9    558 
  21   19     6    359 
  21   20    10    594 
  21   21    14    790 
  21   22     5    319 
  21   23     8    467 
  21   24     4    274 
  21   25     3    200 
  21   26    11    619 
  21   27    13    779 
  21   28    12    707 
  21   29    13    736 
  21   30    10    578 
  21   31     8    500 
  21   32    12    717 
  21   33     4    256 
  21   34     5    284 
  21   35    11    631 
  21   36    13    775 
  21   37    12    714 
  21   38     6    390 
  21   39     7    393 
  22    0    13    737 
  22    1    12    703 
  22    2    10    566 
  22    3     5    287 
  22    4    13    784 
  22    5     6    392 
  22    6     4    258 
  22    7     8    474 
  22    8    11    633 
  22    9     6    340 
  22   10    13    772 
  22   11     7    416 
  22   12    10    562 
  22   13    13    762 
  22   14     8    449 
  22   15    11    649 
  22   16     6    377 
  22   17    10    568 
  22   18    11    658 
  22   19     5    336 
  22   20     9    520 
  22   21    10    596 
  22   22    10    611 
  22   23    11    659 
  22   24    10    578 
  22   25    10    576 
  22   26     4    226 
  22   27     4    242 
  22   28     3    207 
  22   29    10    562 
  22   30     9    559 
  22   31     4    259 
  22   32     4    256 
  22   33     8    472 
  22   34     7    429 
  22   35    14    789 
  22   36     6    342 
  22   37     5    319 
  22   38     6    380 
  22   39    12    721 
  23    0    10    595 
  23    1     8    483 
  23    2    10    599 
  23    3     9    529 
  23    4    11    630 
  23    5    10    608 
  23    6     5    308 
  23    7    10    605 
  23    8     6    372 
  23    9    10    571 
  23   10     9    529 
  23   11    14    790 
  23   12     3    207 
  23   13     7    441 
  23   14    11    637 
  23   15     5    306 
  23   16    13    771 
  23   17     3    213 
  23   18     5    293 
  23   19    12    692 
  23   20    12    698 
  23   21    14    794 
  23   22    13    777 
  23   23    11    636 
  23   24     3    201 
  23   25    10    599 
  23   26    10    581 
  23   27    11    623 
  23   28     9    535 
  23   29     9    556 
  23   30     7    431 
  23   31     9    541 
  23   32     6    343 
  23   33     4    246 
  23   34     5    294 
  23   35    12    675 
  23   36     6    351 
  23   37    13    737 
  23   38     4    257 
  23   39     4    237 
  24    0    10    598 
  24    1     9    516 
  24    2    13    785 
  24    3     9    522 
  24    4    13    740 
  24    5     7    426 
  24    6    11    627 
  24    7     9    535 
  24    8    14    799 
  24    9     8    499 
  24   10     3    221 
  24   11     7    400 
  24   12     9    522 
  24   13     7    434 
  24   14    12    690 
  24   15     4    271 
  24   16     8    501 
  24   17    13    758 
  24   18     6    352 
  24   19    12    718 
  24   20     9    530 
  24   21    11    658 
  24   22     7    425 
  24   23     5    318 
  24   24    11    671 
  24   25     7    397 
  24   26     5    306 
  24   27    12    695 
  24   28    10    561 
  24   29    11    618 
  24   30    12    718 
  24   31    13    743 
  24   32    10    606 
  24   33    10    588 
  24   34    12    708 
  24   35     9    546 
  24   36     7    424 
  24   37    11    629 
  24   38     5    329 
  24   39    12    681 
  25    0     5    289 
  25    1     7    438 
  25    2    11    625 
  25    3     6    366 
  25    4     5    303 
  25    5    11    630 
  25    6    10    609 
  25    7    11    644 
  25    8     6    355 
  25    9     7    413 
  25   10     9    521 
  25   11    11    632 
  25   12     7    436 
  25   13    12    680 
  25   14    13    757 
  25   15    13    740 
  25   16    12    697 
  25   17     6    353 
  25   18    13    758 
  25   19    11    655 
  25   20     4    236 
  25   21    10    616 
  25   22     7    401 
  25   23    11    624 
  25   24     7    442 
  25   25     7    448 
  25   26    13    743 
  25   27     3    220 
  25   28     9    542 
  25   29    10    562 
  25   30     8    467 
  25   31     7    437 
  25   32    10    569 
  25   33    12    692 
  25   34     3    220 
  25   35    10    586 
  25   36     7    429 
  25   37     6    337 
  25   38     6    361 
  25   39    11    618 
  26    0     6    345 
  26    1    11    655 
  26    2    10    572 
  26    3     8    490 
  26    4     5    333 
  26    5     7    424 
  26    6    12    680 
  26    7    14    793 
  26    8     5    298 
  26    9    14    786 
  26   10    14    788 
  26   11     9    509 
  26   12     3    207 
  26   13     7    448 
  26   14     9    537 
  26   15     9    539 
  26   16     5    283 
  26   17     9    527 
  26   18    11    640 
  26   19    12    673 
  26   20     5    311 
  26   21     4    261 
  26   22     6    368 
  26   23     7    428 
  26   24    12    690 
  26   25     3    224 
  26   26     6    347 
  26   27     6    370 
  26   28    11    658 
  26   29     6    345 
  26   30     7    438 
  26   31    10    561 
  26   32     4    266 
  26   33    10    596 
  26   34     9    521 
  26   35     4    253 
  26   36     6    350 
  26   37     3    217 
  26   38     8    454 
  26   39    12    679 
  27    0    13    731 
  27    1    13    757 
  27    2     6    360 
  27    3     6    385 
  27    4     6    388 
  27    5     7    410 
  27    6     5    304 
  27    7    10    591 
  27    8    14    798 
  27    9    13    732 
  27   10     7    397 
  27   11     8    464 
  27   12    13    749 
  27   13    11    658 
  27   14     5    307 
  27   15     8    463 
  27   16     8    485 
  27   17     4    252 
  27   18     9    529 
  27   19     7    431 
  27   20    13    772 
  27   21    13    770 
  27   22     3    218 
  27   23    10    598 
  27   24     7    409 
  27   25    12    681 
  27   26     6    346 
  27   27     7    423 
  27   28    10    616 
  27   29    12    678 
  27   30    12    714 
  27   31    11    644 
  27   32     7    406 
  27   33    10    609 
  27   34    10    594 
  27   35    11    666 
  27   36    13    744 
  27   37     8    462 
  27   38     8    485 
  27   39     6    352 
  28    0    11    670 
  28    1     9    507 
  28    2     9    544 
  28    3     8    494 
  28    4     8    468 
  28    5     9    546 
  28    6     7    393 
  28    7    11    652 
  28    8     9    546 
  28    9    10    562 
  28   10     8    456 
  28   11     7    427 
  28   12     4    267 
  28   13     8    503 
  28   14     6    373 
  28   15     5    325 
  28   16    11    618 
  28   17     4    268 
  28   18     4    242 
  28   19     8    474 
  28   20    11    632 
  28   21    10    577 
  28   22    12    697 
  28   23     7    407 
  28   24    10    578 
  28   25     3    222 
  28   26     7    431 
  28   27    11    653 
  28   28    10    586 
  28   29     4    257 
  28   30     7    408 
  28   31    10    616 
  28   32     4    279 
  28   33     6    348 
  28   34    11    657 
  28   35     5    325 
  28   36     9    508 
  28   37     8    499 
  28   38    13    769 
  28   39    10    578 
  29    0    12    728 
  29    1     3    210 
  29    2    12    720 
  29    3    10    585 
  29    4    13    750 
  29    5     4    246 
  29    6    13    747 
  29    7     4    267 
  29    8    10    580 
  29    9     5    334 
  29   10     6    341 
  29   11     7    396 
  29   12    10    575 
  29   13    13    778 
  29   14     5    305 
  29   15     5    302 
  29   16     4    280 
  29   17     8    498 
  29   18     9    545 
  29   19     9    530 
  29   20     8    502 
  29   21    10    603 
  29   22     7    437 
  29   23     7    415 
  29   24    13    760 
  29   25     9    518 
  29   26     3    219 
  29   27     6    348 
  29   28    13    735 
  29   29    13    757 
  29   30     8    491 
  29   31     8    469 
  29   32     7    416 
  29   33    13    743 
  29   34     5    304 
  29   35    12    678 
  29   36     9    510 
  29   37    11    625 
  29   38    12    677 
  29   39    12    683 
  30    0     8    450 
  30    1     8    482 
  30    2     7    419 
  30    3     6    350 
  30    4     4    255 
  30    5    10    610 
  30    6     7    442 
  30    7     7    448 
  30    8    14    789 
  30    9    11    647 
  30   10    11    656 
  30   11    10    601 
  30   12     7    426 
  30   13     8    483 
  30   14    12    709 
  30   15    12    683 
  30   16    12    688 
  30   17     9    554 
  30   18     8    474 
  30   19     9    524 
  30   20    11    668 
  30   21     6    338 
  30   22    14    799 
  30   23     4    280 
  30   24     6    378 
  30   25     9    550 
  30   26     4    239 
  30   27     7    393 
  30   28    10    578 
  30   29     8    468 
  30   30     8    476 
  30   31    12    697 
  30   32    10    565 
  30   33    13    733 
  30   34    13    757 
  30   35    12    702 
  30   36    13    762 
  30   37     4    267 
  30   38    10    564 
  30   39    11    667 
  31    0    10    561 
  31    1     5    328 
  31    2     7    418 
  31    3     9    511 
  31    4     6    342 
  31    5     6    348 
  31    6     9    511 
  31    7     4    227 
  31    8     5    332 
  31    9    12    678 
  31   10    14    797 
  31   11    13    732 
  31   12     8    482 
  31   13     5    328 
  31   14     5    303 
  31   15     5    328 
  31   16     5    335 
  31   17     4    246 
  31   18     5    289 
  31   19     3    220 
  31   20    13    780 
  31   21     6    359 
  31   22     4    258 
  31   23    12    683 
  31   24     8    475 
  31   25    11    645 
  31   26     7    398 
  31   27     4    239 
  31   28    13    753 
  31   29     3    211 
  31   30     4    238 
  31   31     4    251 
  31   32     5    297 
  31   33    14    797 
  31   34    10    591 
  31   35     6    390 
  31   36     9    549 
  31   37    11    627 
  31   38     7    446 
  31   39     6    356 
  32    0    11    666 
  32    1    11    645 
  32    2     8    470 
  32    3     7    447 
  32    4    11    662 
  32    5     4    275 
  32    6     7    419 
  32    7     7    397 
  32    8    14    790 
  32    9     4    240 
  32   10     8    462 
  32   11     3    219 
  32   12    11    656 
  32   13     4    262 
  32   14     3    204 
  32   15     8    454 
  32   16     4    225 
  32   17    13    774 
  32   18    12    720 
  32   19     5    330 
  32   20     7    399 
  32   21     5    308 
  32   22     5    328 
  32   23    11    654 
  32   24    10    563 
  32   25    13    730 
  32   26     7    408 
  32   27     4    258 
  32   28    12    712 
  32   29     8    500 
  32   30     5    296 
  32   31     5    307 
  32   32     8    468 
  32   33     6    348 
  32   34     9    536 
  32   35     9    524 
  32   36     8    492 
  32   37     5    309 
  32   38     4    226 
  32   39     5    288 
  33    0    10    574 
  33    1    14    791 
  33    2    12    676 
  33    3    12    681 
  33    4     6    341 
  33    5     7    429 
  33    6    10    582 
  33    7     7    445 
  33    8     5    332 
  33    9     5    322 
  33   10    11    628 
  33   11    12    712 
  33   12     8    496 
  33   13     6    375 
  33   14     9    529 
  33   15    11    653 
  33   16    10    566 
  33   17     8    453 
  33   18     3    207 
  33   19     6    363 
  33   20     9    551 
  33   21    11    670 
  33   22     9    532 
  33   23     4    246 
  33   24     8    474 
  33   25    12    675 
  33   26     8    483 
  33   27     9    527 
  33   28    13    739 
  33   29     9    538 
  33   30     7    407 
  33   31     8    450 
  33   32     8    472 
  33   33    13    752 
  33   34     8    493 
  33   35    10    582 
  33   36     5    312 
  33   37     7    442 
  33   38     4    263 
  33   39     5    298 
  34    0     9    522 
  34    1    12    689 
  34    2    13    740 
  34    3     8    462 
  34    4    11    639 
  34    5     8    470 
  34    6     7    394 
  34    7     4    274 
  34    8     5    298 
  34    9    12    690 
  34   10     5    290 
  34   11     3    209 
  34   12    11    671 
  34   13    10    562 
  34   14     8    485 
  34   15    12    727 
  34   16    11    659 
  34   17     4    248 
  34   18    10    594 
  34   19    14    795 
  34   20     7    422 
  34   21     7    420 
  34   22     8    504 
  34   23    14    799 
  34   24     4    279 
  34   25    11    627 
  34   26    11    635 
  34   27     4    271 
  34   28     7    415 
  34   29     8    485 
  34   30     4    269 
  34   31     4    247 
  34   32    12    706 
  34   33    12    722 
  34   34    13    743 
  34   35     6    350 
  34   36    13    731 
  34   37     6    368 
  34   38     7    401 
  34   39    14    789 
  35    0    14    790 
  35    1     8    496 
  35    2     4    262 
  35    3    12    707 
  35    4    14    787 
  35    5    13    781 
  35    6     3    205 
  35    7     3    204 
  35    8     4    267 
  35    9     4    228 
  35   10     9    536 
  35   11    12    723 
  35   12     6    360 
  35   13    11    622 
  35   14    13    781 
  35   15     6    381 
  35   16    13    777 
  35   17     7    427 
  35   18     9    532 
  35   19    11    643 
  35   20     4    234 
  35   21    12    723 
  35   22     3    224 
  35   23     5    310 
  35   24    12    688 
  35   25     4    263 
  35   26     4    259 
  35   27     7    402 
  35   28    12    676 
  35   29     7    399 
  35   30     9    542 
  35   31     4    246 
  35   32    10    567 
  35   33     4    239 
  35   34    10    574 
  35   35    10    588 
  35   36    11    639 
  35   37    13    737 
  35   38    12    693 
  35   39     9    518 
  36    0     8    500 
  36    1     6    368 
  36    2     8    457 
  36    3     7    424 
  36    4    13    742 
  36    5     4    248 
  36    6     5    333 
  36    7     7    403 
  36    8    10    583 
  36    9    10    588 
  36   10    13    747 
  36   11    11    647 
  36   12     4    265 
  36   13     6    359 
  36   14    13    758 
  36   15     3    208 
  36   16    11    663 
  36   17     3    207 
  36   18     5    303 
  36   19     4    272 
  36   20     7    428 
  36   21     4    269 
  36   22     4    272 
  36   23     5    292 
  36   24    11    658 
  36   25    12    709 
  36   26    12    726 
  36   27     4    250 
  36   28    10    565 
  36   29     6    368 
  36   30    11    664 
  36   31     4    239 
  36   32     5    307 
  36   33     9    559 
  36   34    13    780 
  36   35     4    267 
  36   36     5    320 
  36   37    13    784 
  36   38     8    491 
  36   39    10    600 
  37    0     3    214 
  37    1    13    765 
  37    2     5    285 
  37    3    11    635 
  37    4     6    376 
  37    5     7    404 
  37    6     7    444 
  37    7    11    648 
  37    8     8    457 
  37    9     5    327 
  37   10     6    362 
  37   11    13    730 
  37   12     8    489 
  37   13     4    239 
  37   14    11    653 
  37   15     9    555 
  37   16     3    211 
  37   17    13    741 
  37   18     7    435 
  37   19     5    316 
  37   20     5    302 
  37   21     3    215 
  37   22    12    697 
  37   23     6    381 
  37   24     6    341 
  37   25     9    512 
  37   26    11    629 
  37   27    14    795 
  37   28     9    534 
  37   29    12    689 
  37   30     4    242 
  37   31     8    464 
  37   32     6    373 
  37   33     7    437 
  37   34     3    205 
  37   35     4    275 
  37   36     8    486 
  37   37     5    304 
  37   38    11    667 
  37   39    10    578 
  38    0    10    601 
  38    1     4    274 
  38    2    13    745 
  38    3    10    603 
  38    4     3    207 
  38    5    10    575 
  38    6     7    431 
  38    7    12    705 
  38    8     4    278 
  38    9     8    456 
  38   10     4    241 
  38   11    12    696 
  38   12     9    526 
  38   13     8    459 
  38   14     4    260 
  38   15     3    203 
  38   16    13    751 
  38   17     6    363 
  38   18    10    608 
  38   19     6    348 
  38   20     7    421 
  38   21     3    206 
  38   22    13    758 
  38   23    13    733 
  38   24     7    425 
  38   25    12    706 
  38   26     9    554 
  38   27    11    635 
  38   28     9    512 
  38   29    12    714 
  38   30     8    496 
  38   31     8    479 
  38   32    10    605 
  38   33     6    381 
  38   34     3    202 
  38   35     7    435 
  38   36    13    761 
  38   37     5    292 
  38   38     9    506 
  38   39     8    456 
  39    0     5    316 
  39    1    13    737 
  39    2    11    669 
  39    3     9    559 
  39    4    12    682 
  39    5     7    400 
  39    6    12    715 
  39    7     9    521 
  39    8     7    406 
  39    9    11    669 
  39   10    11    624 
  39   11     8    472 
  39   12     4    241 
  39   13    13    730 
  39   14     5    317 
  39   15    12    700 
  39   16    13    780 
  39   17     6    381 
  39   18     8    453 
  39   19     4    240 
  39   20     6    369 
  39   21    12    727 
  39   22     4    264 
  39   23    10    589 
  39   24     7    448 
  39   25     3    201 
  39   26    12    712 
  39   27    11    657 
  39   28    10    582 
  39   29    13    762 
  39   30    12    694 
  39   31     8    457 
  39   32     9    513 
  39   33    13    748 
  39   34    10    608 
  39   35     4    244 
  39   36     4    267 
  39   37    13    777 
  39   38    14    793 
  39   39     6    392 
