 40
 40

   36
   48
   18
    6
   50
   23
    7
   27
   21
   48
   31
    9
   42
   18
   20
   43
   41
    8
   36
   13
   50
   34
    8
    5
   11
   16
    8
   36
   36
    9
   35
   31
   20
   42
   47
    5
   47
   15
   10
    5

   32
   14
   36
   22
   22
   33
   38
   28
   23
    9
   38
    1
    1
   31
   39
   28
    4
    8
   13
   25
   14
   24
   49
    5
   40
   45
   30
   31
   42
   14
   46
   24
   34
   47
   16
    1
   33
   10
   38
   27

   0    0    12    794 
   0    1     4    272 
   0    2     8    573 
   0    3    10    669 
   0    4     3    219 
   0    5     6    390 
   0    6     6    430 
   0    7    12    789 
   0    8     3    250 
   0    9    11    766 
   0   10     3    234 
   0   11     6    428 
   0   12     5    333 
   0   13     6    410 
   0   14     6    441 
   0   15    10    647 
   0   16     3    227 
   0   17     5    360 
   0   18     8    526 
   0   19     7    459 
   0   20     3    224 
   0   21     4    268 
   0   22     8    543 
   0   23     8    543 
   0   24     9    594 
   0   25    10    643 
   0   26    10    697 
   0   27     3    214 
   0   28     9    594 
   0   29     4    312 
   0   30     5    359 
   0   31     3    217 
   0   32     7    497 
   0   33     5    344 
   0   34     6    441 
   0   35     6    402 
   0   36     9    629 
   0   37    10    675 
   0   38    12    796 
   0   39     9    618 
   1    0     9    628 
   1    1     9    597 
   1    2     4    299 
   1    3     4    261 
   1    4     8    563 
   1    5    11    717 
   1    6     4    277 
   1    7    10    663 
   1    8     8    577 
   1    9     6    405 
   1   10     6    432 
   1   11    11    711 
   1   12    11    737 
   1   13     4    305 
   1   14     3    230 
   1   15    10    688 
   1   16     3    223 
   1   17     7    485 
   1   18    11    716 
   1   19     9    620 
   1   20     3    206 
   1   21     4    289 
   1   22     3    214 
   1   23     7    503 
   1   24     6    439 
   1   25     7    493 
   1   26     8    547 
   1   27     8    576 
   1   28     7    459 
   1   29    11    736 
   1   30    11    756 
   1   31     7    497 
   1   32     6    428 
   1   33     9    631 
   1   34     8    520 
   1   35     5    360 
   1   36     7    485 
   1   37    10    662 
   1   38     5    364 
   1   39     6    395 
   2    0     3    212 
   2    1    11    742 
   2    2     7    496 
   2    3     3    200 
   2    4     3    249 
   2    5     8    542 
   2    6     8    559 
   2    7    11    711 
   2    8     7    489 
   2    9     6    448 
   2   10    11    715 
   2   11     5    377 
   2   12     6    395 
   2   13     4    272 
   2   14     3    252 
   2   15    10    679 
   2   16    11    751 
   2   17     7    468 
   2   18     4    271 
   2   19     6    398 
   2   20     5    322 
   2   21     5    337 
   2   22     7    501 
   2   23     6    406 
   2   24     9    610 
   2   25    11    738 
   2   26    12    778 
   2   27     4    285 
   2   28    10    673 
   2   29     9    621 
   2   30     3    242 
   2   31     5    324 
   2   32     6    442 
   2   33     3    227 
   2   34     3    250 
   2   35     5    342 
   2   36     9    642 
   2   37     3    227 
   2   38    12    790 
   2   39     7    485 
   3    0     6    427 
   3    1     4    288 
   3    2     8    569 
   3    3     6    442 
   3    4     7    471 
   3    5     5    331 
   3    6    11    725 
   3    7    10    680 
   3    8     9    603 
   3    9    10    683 
   3   10     8    554 
   3   11    12    773 
   3   12    10    655 
   3   13     9    641 
   3   14    11    768 
   3   15     5    349 
   3   16     4    313 
   3   17     3    251 
   3   18     5    371 
   3   19     4    301 
   3   20     5    377 
   3   21     9    587 
   3   22     9    591 
   3   23    10    644 
   3   24     6    438 
   3   25     8    518 
   3   26     8    525 
   3   27     9    590 
   3   28     9    591 
   3   29     5    369 
   3   30     6    415 
   3   31     7    458 
   3   32    12    795 
   3   33     7    456 
   3   34     8    568 
   3   35    11    725 
   3   36    11    743 
   3   37     6    414 
   3   38     9    598 
   3   39     5    384 
   4    0     5    371 
   4    1     6    441 
   4    2     4    261 
   4    3    10    643 
   4    4     7    513 
   4    5     6    392 
   4    6    10    688 
   4    7     5    382 
   4    8    11    770 
   4    9     6    421 
   4   10     8    522 
   4   11     8    564 
   4   12    11    731 
   4   13     8    517 
   4   14    11    750 
   4   15     5    371 
   4   16     8    553 
   4   17    10    677 
   4   18    10    656 
   4   19     4    265 
   4   20     6    421 
   4   21    11    712 
   4   22     4    272 
   4   23     3    213 
   4   24     8    556 
   4   25     4    261 
   4   26    10    702 
   4   27    11    717 
   4   28    12    793 
   4   29    11    741 
   4   30     3    238 
   4   31     9    636 
   4   32     5    358 
   4   33     4    308 
   4   34    11    735 
   4   35     4    282 
   4   36     8    551 
   4   37     9    615 
   4   38    11    745 
   4   39    12    792 
   5    0     6    449 
   5    1    11    760 
   5    2     9    618 
   5    3    11    760 
   5    4     9    600 
   5    5     4    271 
   5    6     8    573 
   5    7     9    636 
   5    8     7    492 
   5    9    11    714 
   5   10     5    360 
   5   11     5    359 
   5   12     3    254 
   5   13     9    617 
   5   14     3    252 
   5   15     8    536 
   5   16    11    716 
   5   17     5    333 
   5   18    10    692 
   5   19     5    324 
   5   20     4    287 
   5   21     3    240 
   5   22     7    476 
   5   23     6    422 
   5   24     4    297 
   5   25     5    368 
   5   26     5    331 
   5   27    12    773 
   5   28     5    384 
   5   29     8    523 
   5   30    12    787 
   5   31     7    455 
   5   32     3    203 
   5   33     4    270 
   5   34     7    454 
   5   35    11    756 
   5   36     7    475 
   5   37     8    559 
   5   38    11    716 
   5   39     7    451 
   6    0     3    252 
   6    1     6    444 
   6    2     4    260 
   6    3     7    475 
   6    4     5    373 
   6    5     8    578 
   6    6     6    396 
   6    7    11    718 
   6    8     7    483 
   6    9    11    762 
   6   10    10    671 
   6   11     8    548 
   6   12     3    227 
   6   13     7    487 
   6   14     8    565 
   6   15     9    610 
   6   16     6    449 
   6   17     7    478 
   6   18    11    764 
   6   19     5    322 
   6   20     9    623 
   6   21    11    722 
   6   22     7    495 
   6   23     4    283 
   6   24     8    573 
   6   25    11    732 
   6   26    11    734 
   6   27     8    574 
   6   28    10    671 
   6   29     3    246 
   6   30     8    520 
   6   31     5    368 
   6   32     5    382 
   6   33    10    658 
   6   34    11    763 
   6   35     7    454 
   6   36     3    230 
   6   37     7    452 
   6   38    10    683 
   6   39     5    365 
   7    0     8    532 
   7    1     7    500 
   7    2    11    762 
   7    3    11    745 
   7    4     3    237 
   7    5     9    616 
   7    6     3    247 
   7    7     8    522 
   7    8     7    452 
   7    9     3    248 
   7   10     3    218 
   7   11     9    608 
   7   12     3    213 
   7   13     8    574 
   7   14     5    382 
   7   15    10    665 
   7   16     8    565 
   7   17     6    412 
   7   18     6    426 
   7   19    10    705 
   7   20     6    406 
   7   21     7    481 
   7   22    11    729 
   7   23     9    625 
   7   24     8    524 
   7   25     6    435 
   7   26     3    204 
   7   27     3    237 
   7   28     9    640 
   7   29     4    313 
   7   30     9    639 
   7   31     4    282 
   7   32     8    576 
   7   33     6    446 
   7   34     3    245 
   7   35    11    712 
   7   36     5    363 
   7   37     8    552 
   7   38    10    667 
   7   39    11    709 
   8    0     3    236 
   8    1     9    631 
   8    2     7    497 
   8    3     7    490 
   8    4     4    300 
   8    5     4    266 
   8    6     8    558 
   8    7    11    759 
   8    8    10    654 
   8    9     5    385 
   8   10     5    349 
   8   11     4    278 
   8   12     8    552 
   8   13     4    283 
   8   14    12    772 
   8   15     8    569 
   8   16     4    270 
   8   17    11    747 
   8   18     8    565 
   8   19     3    234 
   8   20     6    412 
   8   21     7    457 
   8   22     5    331 
   8   23    10    698 
   8   24     5    336 
   8   25     9    621 
   8   26     8    558 
   8   27    11    742 
   8   28     6    445 
   8   29     7    472 
   8   30     7    454 
   8   31     8    544 
   8   32     4    285 
   8   33     7    501 
   8   34    11    759 
   8   35     6    440 
   8   36     5    385 
   8   37     3    229 
   8   38    11    707 
   8   39     9    636 
   9    0    10    664 
   9    1     8    558 
   9    2     6    448 
   9    3    10    696 
   9    4     8    575 
   9    5     6    408 
   9    6     4    306 
   9    7     3    200 
   9    8    11    709 
   9    9     3    226 
   9   10     4    269 
   9   11    11    723 
   9   12     4    293 
   9   13     3    223 
   9   14     9    604 
   9   15     9    637 
   9   16    10    682 
   9   17     8    560 
   9   18     3    208 
   9   19    10    654 
   9   20     8    515 
   9   21     7    507 
   9   22     4    265 
   9   23     9    600 
   9   24     7    463 
   9   25    10    677 
   9   26     3    205 
   9   27     8    514 
   9   28    10    658 
   9   29     8    515 
   9   30    11    741 
   9   31    10    678 
   9   32     6    428 
   9   33     5    382 
   9   34    11    740 
   9   35     3    224 
   9   36    10    676 
   9   37     9    628 
   9   38     5    337 
   9   39     5    350 
  10    0    12    791 
  10    1     4    310 
  10    2     8    527 
  10    3     5    360 
  10    4     8    564 
  10    5    11    714 
  10    6     6    412 
  10    7     9    640 
  10    8    10    693 
  10    9     7    490 
  10   10    10    696 
  10   11     6    425 
  10   12     5    344 
  10   13     5    385 
  10   14     4    306 
  10   15     3    245 
  10   16     4    294 
  10   17     3    212 
  10   18     7    487 
  10   19     5    348 
  10   20     8    552 
  10   21     8    532 
  10   22     7    459 
  10   23     6    406 
  10   24     9    641 
  10   25     8    546 
  10   26     5    371 
  10   27     4    260 
  10   28     4    279 
  10   29    10    676 
  10   30     5    324 
  10   31     6    440 
  10   32     5    332 
  10   33     6    411 
  10   34    11    738 
  10   35     9    623 
  10   36     6    414 
  10   37     3    221 
  10   38     5    370 
  10   39    10    668 
  11    0     8    570 
  11    1    10    702 
  11    2     4    303 
  11    3     3    210 
  11    4     7    469 
  11    5     6    392 
  11    6    11    724 
  11    7    10    678 
  11    8     3    202 
  11    9     5    367 
  11   10     4    320 
  11   11     4    307 
  11   12     3    212 
  11   13     7    487 
  11   14    11    722 
  11   15     7    487 
  11   16    11    753 
  11   17    10    655 
  11   18    10    647 
  11   19     9    608 
  11   20    11    719 
  11   21    11    766 
  11   22    12    785 
  11   23    11    753 
  11   24     4    303 
  11   25     5    346 
  11   26    10    683 
  11   27    11    764 
  11   28     9    632 
  11   29     4    288 
  11   30    11    750 
  11   31    10    683 
  11   32     8    522 
  11   33    10    687 
  11   34     5    356 
  11   35     9    636 
  11   36     5    359 
  11   37    11    748 
  11   38     9    635 
  11   39     6    401 
  12    0     8    558 
  12    1     6    400 
  12    2     3    240 
  12    3     9    623 
  12    4     8    521 
  12    5     8    568 
  12    6     3    242 
  12    7     7    461 
  12    8    12    792 
  12    9     5    375 
  12   10     3    203 
  12   11     9    598 
  12   12     7    461 
  12   13     3    209 
  12   14     5    326 
  12   15     6    391 
  12   16     7    508 
  12   17     4    280 
  12   18     7    478 
  12   19     7    507 
  12   20    10    650 
  12   21     4    300 
  12   22    11    768 
  12   23     5    330 
  12   24     6    424 
  12   25     9    601 
  12   26    11    714 
  12   27     5    340 
  12   28     7    482 
  12   29    11    719 
  12   30     3    248 
  12   31     9    608 
  12   32     7    512 
  12   33     8    525 
  12   34     8    540 
  12   35    12    798 
  12   36    10    667 
  12   37     3    246 
  12   38     9    597 
  12   39     6    446 
  13    0     7    478 
  13    1     5    379 
  13    2     6    434 
  13    3     9    605 
  13    4     7    485 
  13    5     9    627 
  13    6     7    495 
  13    7     4    260 
  13    8    10    644 
  13    9     7    496 
  13   10     4    306 
  13   11     5    330 
  13   12     5    352 
  13   13     7    465 
  13   14     7    469 
  13   15     7    507 
  13   16    10    703 
  13   17     6    404 
  13   18     6    415 
  13   19     4    258 
  13   20     3    239 
  13   21     5    363 
  13   22     4    310 
  13   23    11    741 
  13   24     5    369 
  13   25    11    753 
  13   26    10    669 
  13   27     7    485 
  13   28     4    260 
  13   29    12    779 
  13   30     4    271 
  13   31     4    267 
  13   32    10    683 
  13   33    12    800 
  13   34    10    687 
  13   35     9    611 
  13   36     6    416 
  13   37     8    544 
  13   38     9    587 
  13   39     6    401 
  14    0    11    734 
  14    1     7    453 
  14    2    10    658 
  14    3     8    555 
  14    4     4    279 
  14    5     5    347 
  14    6     5    360 
  14    7     9    597 
  14    8     4    275 
  14    9     6    431 
  14   10     9    608 
  14   11     4    278 
  14   12     9    628 
  14   13     5    327 
  14   14     8    517 
  14   15     7    499 
  14   16     6    439 
  14   17     9    589 
  14   18     6    408 
  14   19     5    383 
  14   20     8    537 
  14   21     4    300 
  14   22     5    329 
  14   23     5    375 
  14   24    11    747 
  14   25     5    373 
  14   26     5    356 
  14   27    11    726 
  14   28     8    564 
  14   29     4    272 
  14   30    11    722 
  14   31     3    228 
  14   32     7    460 
  14   33     8    559 
  14   34     4    317 
  14   35     7    480 
  14   36     3    245 
  14   37     4    308 
  14   38     4    285 
  14   39     4    291 
  15    0    11    728 
  15    1     3    220 
  15    2    11    707 
  15    3    11    759 
  15    4     6    407 
  15    5     8    537 
  15    6     7    502 
  15    7     3    237 
  15    8     5    382 
  15    9    12    800 
  15   10     7    494 
  15   11    11    770 
  15   12    11    752 
  15   13     3    249 
  15   14     4    261 
  15   15     9    620 
  15   16     9    612 
  15   17     9    614 
  15   18    10    654 
  15   19     9    614 
  15   20    12    799 
  15   21     9    631 
  15   22     4    310 
  15   23    10    692 
  15   24    10    664 
  15   25    11    766 
  15   26    12    775 
  15   27     6    449 
  15   28     7    462 
  15   29    10    695 
  15   30     4    266 
  15   31     7    510 
  15   32     4    308 
  15   33     8    548 
  15   34     7    458 
  15   35    10    672 
  15   36     8    535 
  15   37     4    303 
  15   38    10    650 
  15   39     9    591 
  16    0     6    439 
  16    1    11    755 
  16    2    12    796 
  16    3     4    279 
  16    4     4    297 
  16    5     6    427 
  16    6     5    329 
  16    7     8    562 
  16    8     6    435 
  16    9    11    726 
  16   10     7    462 
  16   11    11    721 
  16   12     7    474 
  16   13     8    572 
  16   14     7    475 
  16   15     5    341 
  16   16    10    673 
  16   17    12    776 
  16   18     9    589 
  16   19     6    386 
  16   20     6    389 
  16   21     8    530 
  16   22     8    522 
  16   23    10    656 
  16   24     8    561 
  16   25     8    531 
  16   26     4    279 
  16   27    11    709 
  16   28     4    299 
  16   29    10    645 
  16   30     5    369 
  16   31     6    422 
  16   32     8    518 
  16   33     8    515 
  16   34    10    653 
  16   35     6    412 
  16   36    11    761 
  16   37     9    623 
  16   38     6    399 
  16   39    10    674 
  17    0     6    404 
  17    1     8    574 
  17    2     8    532 
  17    3     6    422 
  17    4     4    306 
  17    5    12    780 
  17    6     6    399 
  17    7    11    725 
  17    8    10    683 
  17    9     5    378 
  17   10    11    767 
  17   11    10    657 
  17   12    11    768 
  17   13     9    602 
  17   14     8    562 
  17   15    11    757 
  17   16     4    265 
  17   17     8    524 
  17   18     9    604 
  17   19     7    494 
  17   20     4    303 
  17   21     6    399 
  17   22    12    785 
  17   23    10    705 
  17   24    12    789 
  17   25     3    202 
  17   26    10    647 
  17   27    11    712 
  17   28     9    579 
  17   29     3    219 
  17   30     3    248 
  17   31     3    225 
  17   32    10    660 
  17   33    11    742 
  17   34    11    721 
  17   35     7    499 
  17   36     7    492 
  17   37    10    672 
  17   38     6    407 
  17   39     6    441 
  18    0     4    269 
  18    1     9    631 
  18    2     8    555 
  18    3     4    294 
  18    4     6    389 
  18    5     7    456 
  18    6     6    406 
  18    7     3    237 
  18    8     9    610 
  18    9     6    398 
  18   10     7    452 
  18   11    10    690 
  18   12     5    367 
  18   13    12    793 
  18   14     7    480 
  18   15     4    296 
  18   16     8    515 
  18   17     9    630 
  18   18     7    492 
  18   19     9    589 
  18   20    10    698 
  18   21     5    385 
  18   22     6    428 
  18   23     9    625 
  18   24    10    697 
  18   25     5    362 
  18   26    10    643 
  18   27     9    636 
  18   28     7    479 
  18   29     3    226 
  18   30     5    369 
  18   31     6    434 
  18   32    11    760 
  18   33     9    615 
  18   34     6    446 
  18   35     8    573 
  18   36     4    266 
  18   37    11    716 
  18   38     8    566 
  18   39    10    665 
  19    0     5    333 
  19    1    10    689 
  19    2    10    660 
  19    3     5    339 
  19    4     6    449 
  19    5     3    214 
  19    6     5    354 
  19    7     7    479 
  19    8     6    428 
  19    9     9    614 
  19   10     8    547 
  19   11     7    496 
  19   12     5    370 
  19   13     5    368 
  19   14     7    493 
  19   15     8    539 
  19   16     4    297 
  19   17    12    798 
  19   18     9    581 
  19   19     6    411 
  19   20     6    422 
  19   21     8    529 
  19   22     6    413 
  19   23     8    525 
  19   24     7    458 
  19   25     5    366 
  19   26    10    690 
  19   27     4    263 
  19   28     5    322 
  19   29    12    795 
  19   30     3    236 
  19   31     8    572 
  19   32     8    553 
  19   33     3    245 
  19   34     4    304 
  19   35    11    757 
  19   36     9    617 
  19   37     5    357 
  19   38     4    306 
  19   39    11    763 
  20    0     4    295 
  20    1     8    519 
  20    2     9    639 
  20    3     7    494 
  20    4     7    500 
  20    5     8    578 
  20    6     7    509 
  20    7     7    513 
  20    8    11    716 
  20    9     6    446 
  20   10     3    238 
  20   11     7    471 
  20   12     5    327 
  20   13     7    509 
  20   14     3    211 
  20   15     7    481 
  20   16    10    651 
  20   17     4    321 
  20   18     5    353 
  20   19    10    664 
  20   20     9    614 
  20   21     9    610 
  20   22     9    642 
  20   23     9    634 
  20   24     8    567 
  20   25     5    356 
  20   26    10    651 
  20   27     6    409 
  20   28    11    760 
  20   29     6    390 
  20   30    11    723 
  20   31     5    337 
  20   32     3    206 
  20   33     3    254 
  20   34     5    325 
  20   35    11    744 
  20   36     9    588 
  20   37    11    754 
  20   38     6    430 
  20   39     6    436 
  21    0     7    466 
  21    1     3    224 
  21    2     4    273 
  21    3     6    392 
  21    4     8    567 
  21    5     3    231 
  21    6     8    549 
  21    7     6    435 
  21    8     3    201 
  21    9    10    694 
  21   10     6    399 
  21   11     3    226 
  21   12     6    395 
  21   13     9    614 
  21   14     7    466 
  21   15     9    608 
  21   16     7    510 
  21   17     9    623 
  21   18     8    553 
  21   19     4    292 
  21   20     4    301 
  21   21     5    357 
  21   22     6    390 
  21   23     3    221 
  21   24     7    512 
  21   25     5    339 
  21   26    11    725 
  21   27    10    704 
  21   28     9    579 
  21   29     4    286 
  21   30    10    698 
  21   31     3    249 
  21   32     7    471 
  21   33     7    510 
  21   34     3    215 
  21   35     8    529 
  21   36     7    478 
  21   37     9    579 
  21   38     5    327 
  21   39     7    487 
  22    0     5    324 
  22    1     8    561 
  22    2     4    296 
  22    3     9    613 
  22    4     4    282 
  22    5     4    303 
  22    6     6    421 
  22    7     9    593 
  22    8     8    525 
  22    9     6    428 
  22   10    11    763 
  22   11     6    410 
  22   12     4    289 
  22   13     8    522 
  22   14    10    697 
  22   15     3    229 
  22   16     4    292 
  22   17     8    521 
  22   18     4    282 
  22   19     4    270 
  22   20     3    219 
  22   21     4    267 
  22   22     7    467 
  22   23    12    778 
  22   24    10    666 
  22   25     4    284 
  22   26     7    497 
  22   27     7    480 
  22   28     6    418 
  22   29     4    281 
  22   30     6    421 
  22   31    11    768 
  22   32    11    731 
  22   33     4    315 
  22   34     7    470 
  22   35     4    270 
  22   36    10    686 
  22   37     9    596 
  22   38    12    793 
  22   39     5    368 
  23    0     6    418 
  23    1     6    439 
  23    2     8    563 
  23    3     9    580 
  23    4    10    655 
  23    5     7    482 
  23    6     3    231 
  23    7     3    203 
  23    8     7    459 
  23    9     5    324 
  23   10     8    516 
  23   11    11    724 
  23   12     4    300 
  23   13     8    553 
  23   14     4    267 
  23   15    12    786 
  23   16    10    704 
  23   17     6    392 
  23   18    11    738 
  23   19     9    625 
  23   20     8    542 
  23   21    11    716 
  23   22    11    707 
  23   23     8    515 
  23   24     7    479 
  23   25     6    441 
  23   26     3    217 
  23   27     8    571 
  23   28     5    326 
  23   29     8    569 
  23   30     4    266 
  23   31     5    342 
  23   32     4    263 
  23   33     7    504 
  23   34    11    765 
  23   35     8    516 
  23   36     9    600 
  23   37    10    653 
  23   38    11    755 
  23   39     4    266 
  24    0     5    361 
  24    1     4    277 
  24    2     3    246 
  24    3    12    787 
  24    4     7    496 
  24    5     9    616 
  24    6     3    255 
  24    7     3    209 
  24    8     7    503 
  24    9     4    309 
  24   10     4    284 
  24   11     9    583 
  24   12     8    566 
  24   13     7    479 
  24   14     5    371 
  24   15     7    479 
  24   16     6    410 
  24   17     8    569 
  24   18     5    336 
  24   19     9    614 
  24   20     7    486 
  24   21     6    407 
  24   22    11    757 
  24   23     4    317 
  24   24    11    713 
  24   25     8    558 
  24   26    11    740 
  24   27    10    660 
  24   28     5    328 
  24   29     8    524 
  24   30    10    657 
  24   31     4    283 
  24   32     3    215 
  24   33     5    345 
  24   34     7    506 
  24   35     8    534 
  24   36    10    645 
  24   37     7    464 
  24   38     6    448 
  24   39     3    206 
  25    0     8    536 
  25    1    11    719 
  25    2     9    616 
  25    3    11    759 
  25    4     8    574 
  25    5     3    213 
  25    6     9    579 
  25    7    12    783 
  25    8    11    742 
  25    9    11    737 
  25   10     3    212 
  25   11     8    563 
  25   12     6    444 
  25   13     8    540 
  25   14     6    410 
  25   15     6    409 
  25   16     8    569 
  25   17     9    627 
  25   18     8    527 
  25   19    11    748 
  25   20    11    748 
  25   21     5    379 
  25   22     4    302 
  25   23     6    400 
  25   24     3    216 
  25   25     4    321 
  25   26     3    203 
  25   27     3    222 
  25   28     5    379 
  25   29     5    349 
  25   30     3    203 
  25   31     7    478 
  25   32    10    652 
  25   33     5    362 
  25   34     9    595 
  25   35     7    480 
  25   36     8    528 
  25   37     7    468 
  25   38     9    608 
  25   39     6    426 
  26    0    11    758 
  26    1     7    470 
  26    2     6    445 
  26    3    11    743 
  26    4    12    787 
  26    5    11    732 
  26    6     5    342 
  26    7     6    447 
  26    8     6    442 
  26    9     3    200 
  26   10     7    473 
  26   11     5    330 
  26   12     3    216 
  26   13    12    774 
  26   14     8    567 
  26   15    12    791 
  26   16     8    564 
  26   17    10    664 
  26   18     7    459 
  26   19     3    238 
  26   20     5    380 
  26   21     7    460 
  26   22     8    541 
  26   23     5    379 
  26   24     6    394 
  26   25    11    730 
  26   26     4    301 
  26   27     7    460 
  26   28    11    757 
  26   29     8    553 
  26   30     3    221 
  26   31     7    468 
  26   32     9    610 
  26   33     8    556 
  26   34     8    535 
  26   35     6    428 
  26   36     7    464 
  26   37     6    390 
  26   38     9    616 
  26   39     8    568 
  27    0     9    583 
  27    1     5    369 
  27    2    10    705 
  27    3    10    680 
  27    4     7    490 
  27    5    10    656 
  27    6    10    704 
  27    7    11    738 
  27    8    12    784 
  27    9    11    719 
  27   10     4    296 
  27   11     4    262 
  27   12     3    211 
  27   13     9    603 
  27   14     4    277 
  27   15     3    230 
  27   16    11    745 
  27   17    10    688 
  27   18    12    774 
  27   19     5    365 
  27   20     4    266 
  27   21     4    309 
  27   22     9    584 
  27   23    12    791 
  27   24    11    739 
  27   25    10    702 
  27   26     3    256 
  27   27     4    276 
  27   28     4    308 
  27   29     9    634 
  27   30     4    318 
  27   31     5    337 
  27   32     5    329 
  27   33     8    518 
  27   34    11    770 
  27   35     7    458 
  27   36     7    485 
  27   37    11    736 
  27   38    12    791 
  27   39     6    412 
  28    0     5    382 
  28    1     3    209 
  28    2     4    296 
  28    3     6    416 
  28    4     3    201 
  28    5     3    228 
  28    6     8    547 
  28    7     4    298 
  28    8     4    289 
  28    9    11    707 
  28   10    10    691 
  28   11     9    617 
  28   12     4    257 
  28   13    11    713 
  28   14    10    663 
  28   15     6    390 
  28   16    10    652 
  28   17    10    675 
  28   18    10    683 
  28   19     7    474 
  28   20    10    686 
  28   21    11    739 
  28   22     3    201 
  28   23     7    488 
  28   24    12    778 
  28   25     5    375 
  28   26     4    283 
  28   27     5    332 
  28   28     6    399 
  28   29     7    454 
  28   30    11    767 
  28   31     4    319 
  28   32     5    354 
  28   33    11    750 
  28   34    12    799 
  28   35    10    662 
  28   36    12    784 
  28   37     8    525 
  28   38     4    284 
  28   39     5    327 
  29    0     3    254 
  29    1     6    434 
  29    2     9    579 
  29    3     9    590 
  29    4     8    527 
  29    5     8    559 
  29    6     7    510 
  29    7     5    344 
  29    8    10    697 
  29    9     5    334 
  29   10     7    503 
  29   11     7    502 
  29   12     9    586 
  29   13     7    512 
  29   14     5    354 
  29   15     4    294 
  29   16     9    624 
  29   17     6    418 
  29   18     6    393 
  29   19     3    213 
  29   20     3    254 
  29   21     6    386 
  29   22     7    511 
  29   23    10    679 
  29   24    11    765 
  29   25    11    757 
  29   26     5    383 
  29   27     4    259 
  29   28    10    675 
  29   29     3    211 
  29   30    10    683 
  29   31     4    319 
  29   32    10    674 
  29   33     3    205 
  29   34     6    435 
  29   35    11    757 
  29   36    11    748 
  29   37    10    688 
  29   38     5    379 
  29   39     4    298 
  30    0     9    626 
  30    1     8    514 
  30    2     9    594 
  30    3     3    255 
  30    4     5    336 
  30    5     9    585 
  30    6     6    443 
  30    7     3    226 
  30    8     9    609 
  30    9     3    243 
  30   10     3    203 
  30   11    11    766 
  30   12     8    520 
  30   13     6    441 
  30   14    10    680 
  30   15     7    480 
  30   16     6    428 
  30   17    12    796 
  30   18     5    364 
  30   19    11    707 
  30   20     4    296 
  30   21     5    338 
  30   22     7    476 
  30   23     4    301 
  30   24     9    615 
  30   25    11    734 
  30   26     4    270 
  30   27     7    489 
  30   28    10    673 
  30   29    10    677 
  30   30     6    410 
  30   31     6    440 
  30   32    11    770 
  30   33     5    338 
  30   34    10    646 
  30   35     6    437 
  30   36     5    368 
  30   37     4    319 
  30   38     5    332 
  30   39    12    783 
  31    0     8    561 
  31    1    11    767 
  31    2    10    663 
  31    3    11    751 
  31    4     8    576 
  31    5    11    745 
  31    6     4    299 
  31    7     8    565 
  31    8     8    566 
  31    9     5    349 
  31   10     9    613 
  31   11    10    659 
  31   12     6    409 
  31   13    10    693 
  31   14     5    375 
  31   15     5    324 
  31   16    10    644 
  31   17    11    736 
  31   18    12    771 
  31   19     3    254 
  31   20     7    480 
  31   21     9    631 
  31   22    10    687 
  31   23    11    726 
  31   24     7    498 
  31   25     3    221 
  31   26     6    394 
  31   27     5    367 
  31   28     9    628 
  31   29     3    235 
  31   30    10    660 
  31   31     5    341 
  31   32     4    262 
  31   33     4    277 
  31   34     5    363 
  31   35     3    227 
  31   36     3    223 
  31   37     7    501 
  31   38     6    425 
  31   39     4    258 
  32    0     8    550 
  32    1     7    451 
  32    2     7    469 
  32    3    11    725 
  32    4    11    740 
  32    5    10    706 
  32    6     5    375 
  32    7    11    726 
  32    8     6    386 
  32    9     7    476 
  32   10     8    521 
  32   11     6    388 
  32   12     7    508 
  32   13     4    306 
  32   14     8    523 
  32   15     7    479 
  32   16     6    389 
  32   17     5    355 
  32   18     8    532 
  32   19     7    457 
  32   20     9    591 
  32   21     7    450 
  32   22     3    207 
  32   23     4    309 
  32   24    10    677 
  32   25     7    470 
  32   26    10    655 
  32   27    10    667 
  32   28     8    572 
  32   29     4    301 
  32   30     7    513 
  32   31     6    399 
  32   32     4    305 
  32   33     6    449 
  32   34     7    463 
  32   35     3    207 
  32   36     3    231 
  32   37     4    316 
  32   38     5    385 
  32   39    10    667 
  33    0    10    653 
  33    1     5    337 
  33    2     9    609 
  33    3     7    467 
  33    4     9    579 
  33    5     8    563 
  33    6     5    375 
  33    7     3    249 
  33    8    10    655 
  33    9    11    733 
  33   10     4    310 
  33   11     5    362 
  33   12     7    475 
  33   13     7    464 
  33   14     5    328 
  33   15     9    604 
  33   16    10    655 
  33   17     6    388 
  33   18     7    504 
  33   19     5    379 
  33   20     7    467 
  33   21     6    388 
  33   22    12    793 
  33   23     5    364 
  33   24    10    678 
  33   25    10    669 
  33   26     5    339 
  33   27     9    628 
  33   28     5    342 
  33   29     5    335 
  33   30     8    518 
  33   31     3    220 
  33   32    11    715 
  33   33    11    766 
  33   34    10    649 
  33   35     8    535 
  33   36     5    335 
  33   37    11    736 
  33   38     4    274 
  33   39     9    586 
  34    0     4    318 
  34    1     7    498 
  34    2     7    508 
  34    3     3    205 
  34    4     9    602 
  34    5     8    573 
  34    6     7    463 
  34    7     8    540 
  34    8     3    205 
  34    9     6    393 
  34   10    12    776 
  34   11     8    517 
  34   12     5    378 
  34   13     5    334 
  34   14     3    207 
  34   15     5    384 
  34   16     9    637 
  34   17     4    299 
  34   18    11    743 
  34   19     6    397 
  34   20     4    263 
  34   21     8    567 
  34   22    12    771 
  34   23     5    371 
  34   24     6    397 
  34   25     7    495 
  34   26     4    299 
  34   27    11    766 
  34   28    11    758 
  34   29     9    636 
  34   30    11    763 
  34   31     4    261 
  34   32    11    751 
  34   33    11    711 
  34   34    11    751 
  34   35     8    551 
  34   36     3    203 
  34   37    11    717 
  34   38     3    253 
  34   39     5    370 
  35    0     7    511 
  35    1     4    307 
  35    2     8    525 
  35    3     5    327 
  35    4     4    309 
  35    5     4    273 
  35    6     9    590 
  35    7    11    748 
  35    8     5    357 
  35    9     6    445 
  35   10     4    275 
  35   11    11    745 
  35   12     7    494 
  35   13     7    490 
  35   14     6    428 
  35   15     4    273 
  35   16     6    446 
  35   17    12    778 
  35   18    11    753 
  35   19    10    654 
  35   20     3    246 
  35   21     5    379 
  35   22    12    786 
  35   23    11    760 
  35   24     4    303 
  35   25    10    694 
  35   26     6    420 
  35   27    10    657 
  35   28     7    450 
  35   29    11    770 
  35   30     7    455 
  35   31     4    294 
  35   32     4    311 
  35   33    10    644 
  35   34     6    389 
  35   35    10    698 
  35   36     9    632 
  35   37     3    246 
  35   38    10    683 
  35   39     3    223 
  36    0     8    568 
  36    1     7    474 
  36    2     9    614 
  36    3    11    707 
  36    4    11    758 
  36    5    10    687 
  36    6     3    203 
  36    7    10    649 
  36    8    10    645 
  36    9    12    789 
  36   10     4    268 
  36   11     6    395 
  36   12     9    627 
  36   13     8    559 
  36   14     5    348 
  36   15     3    251 
  36   16     4    281 
  36   17     7    460 
  36   18     7    457 
  36   19     7    484 
  36   20     8    529 
  36   21     8    539 
  36   22     3    224 
  36   23     4    300 
  36   24     6    434 
  36   25     3    206 
  36   26     7    452 
  36   27     8    559 
  36   28    11    709 
  36   29     8    539 
  36   30     9    579 
  36   31     4    319 
  36   32     7    461 
  36   33     6    444 
  36   34     6    421 
  36   35     5    361 
  36   36     4    312 
  36   37    12    791 
  36   38    10    671 
  36   39    10    704 
  37    0     6    441 
  37    1    11    731 
  37    2     6    438 
  37    3     5    367 
  37    4     8    545 
  37    5     3    239 
  37    6     4    284 
  37    7     8    556 
  37    8     7    481 
  37    9     6    427 
  37   10     9    616 
  37   11     3    228 
  37   12     5    341 
  37   13     6    393 
  37   14    10    665 
  37   15     9    637 
  37   16     7    488 
  37   17     4    287 
  37   18     3    241 
  37   19     8    536 
  37   20     9    583 
  37   21     7    458 
  37   22     5    339 
  37   23    11    716 
  37   24     6    437 
  37   25     7    504 
  37   26     8    573 
  37   27     8    540 
  37   28     9    611 
  37   29     5    362 
  37   30     8    515 
  37   31     3    238 
  37   32    12    778 
  37   33     9    588 
  37   34     8    524 
  37   35     8    528 
  37   36     3    241 
  37   37    12    796 
  37   38     6    425 
  37   39     6    439 
  38    0     5    363 
  38    1     7    473 
  38    2     6    439 
  38    3     7    473 
  38    4     8    549 
  38    5     4    291 
  38    6     6    447 
  38    7    10    663 
  38    8     9    635 
  38    9     6    442 
  38   10     7    499 
  38   11     7    495 
  38   12    11    722 
  38   13    11    755 
  38   14     7    482 
  38   15     8    544 
  38   16     8    534 
  38   17     8    577 
  38   18     6    448 
  38   19     6    431 
  38   20     4    269 
  38   21    10    701 
  38   22     6    425 
  38   23     4    284 
  38   24    11    747 
  38   25    11    715 
  38   26     6    405 
  38   27     5    339 
  38   28     6    435 
  38   29     3    246 
  38   30     7    493 
  38   31     8    545 
  38   32     4    283 
  38   33     3    253 
  38   34     5    370 
  38   35     7    496 
  38   36    10    669 
  38   37    11    755 
  38   38     7    477 
  38   39     5    361 
  39    0     6    414 
  39    1     9    631 
  39    2     4    268 
  39    3     7    457 
  39    4     8    527 
  39    5     4    316 
  39    6     3    216 
  39    7     6    393 
  39    8    11    768 
  39    9     5    364 
  39   10    10    697 
  39   11     4    290 
  39   12     6    388 
  39   13     9    635 
  39   14    10    690 
  39   15    10    667 
  39   16     5    335 
  39   17     5    360 
  39   18     4    318 
  39   19    10    695 
  39   20    10    698 
  39   21     6    429 
  39   22    10    694 
  39   23     4    288 
  39   24     8    520 
  39   25    11    742 
  39   26     9    637 
  39   27    10    644 
  39   28    10    693 
  39   29     6    434 
  39   30     6    398 
  39   31     4    316 
  39   32     8    544 
  39   33     9    588 
  39   34     6    407 
  39   35     9    597 
  39   36     6    422 
  39   37    10    675 
  39   38    11    750 
  39   39     4    304 
