 40
 40

    3
   17
   33
    8
   30
   36
   19
    4
    6
   41
   48
    2
   27
    3
   46
   30
    8
   43
   36
   43
   50
    4
   45
    5
   24
   42
   12
   12
   12
   31
   25
   10
   34
   36
   15
   26
    4
   10
   36
   28

   10
   10
   16
   37
   11
    1
   21
   13
   29
   11
   35
   48
    2
   25
   29
    1
   25
    1
    2
   14
   45
   11
   32
   42
   38
   33
   43
   43
   34
   41
   39
   25
   21
   29
   19
   28
    1
    6
   36
   37

   0    0     4    255 
   0    1     7    430 
   0    2     7    419 
   0    3     3    223 
   0    4     3    210 
   0    5     7    435 
   0    6     5    303 
   0    7     8    529 
   0    8    10    631 
   0    9    10    637 
   0   10    12    766 
   0   11     7    446 
   0   12     5    309 
   0   13    12    757 
   0   14    10    608 
   0   15     3    221 
   0   16     9    587 
   0   17    10    599 
   0   18     9    586 
   0   19     3    210 
   0   20     4    269 
   0   21     4    255 
   0   22    10    655 
   0   23     7    437 
   0   24     9    582 
   0   25     4    243 
   0   26     3    213 
   0   27     3    213 
   0   28     5    358 
   0   29    12    766 
   0   30     5    302 
   0   31    11    707 
   0   32     7    456 
   0   33    12    760 
   0   34     9    579 
   0   35     8    513 
   0   36     6    379 
   0   37    10    603 
   0   38     4    270 
   0   39     4    255 
   1    0     7    423 
   1    1    12    742 
   1    2     5    349 
   1    3     5    299 
   1    4    11    665 
   1    5    10    598 
   1    6     8    478 
   1    7     5    326 
   1    8     5    313 
   1    9     5    304 
   1   10     3    214 
   1   11     6    382 
   1   12     9    576 
   1   13    12    740 
   1   14     5    339 
   1   15     4    298 
   1   16     5    312 
   1   17     8    503 
   1   18     7    441 
   1   19     6    363 
   1   20     8    503 
   1   21     9    540 
   1   22     7    450 
   1   23     5    304 
   1   24     5    355 
   1   25    12    737 
   1   26    11    679 
   1   27     9    586 
   1   28    12    725 
   1   29     5    312 
   1   30     4    293 
   1   31     7    470 
   1   32     8    537 
   1   33     4    260 
   1   34     6    370 
   1   35     3    236 
   1   36     3    231 
   1   37    10    625 
   1   38     5    326 
   1   39     5    314 
   2    0     5    337 
   2    1    13    796 
   2    2     6    403 
   2    3     5    321 
   2    4    11    658 
   2    5     7    444 
   2    6     4    276 
   2    7     6    416 
   2    8     5    318 
   2    9     5    334 
   2   10    13    786 
   2   11    10    639 
   2   12     7    453 
   2   13     8    515 
   2   14    12    768 
   2   15    12    772 
   2   16    12    766 
   2   17     4    250 
   2   18     7    434 
   2   19     6    418 
   2   20    11    705 
   2   21     5    336 
   2   22     8    512 
   2   23    10    638 
   2   24     9    560 
   2   25    13    786 
   2   26     4    295 
   2   27    12    755 
   2   28     3    233 
   2   29     3    230 
   2   30    10    634 
   2   31     5    321 
   2   32     9    570 
   2   33    10    657 
   2   34    11    690 
   2   35     8    516 
   2   36     5    309 
   2   37    11    705 
   2   38     8    490 
   2   39     3    237 
   3    0     9    587 
   3    1    12    728 
   3    2     6    400 
   3    3     6    410 
   3    4     7    437 
   3    5    12    719 
   3    6     4    289 
   3    7     9    556 
   3    8     6    382 
   3    9    12    756 
   3   10    12    741 
   3   11    12    728 
   3   12     7    422 
   3   13    12    720 
   3   14     8    523 
   3   15     7    440 
   3   16     9    564 
   3   17     5    333 
   3   18     7    425 
   3   19     6    359 
   3   20    12    767 
   3   21    11    711 
   3   22    13    790 
   3   23    12    761 
   3   24     8    523 
   3   25     9    560 
   3   26    10    614 
   3   27     5    348 
   3   28     9    569 
   3   29     4    297 
   3   30     8    515 
   3   31     9    596 
   3   32     6    392 
   3   33    10    639 
   3   34     8    506 
   3   35    10    601 
   3   36    11    701 
   3   37     7    477 
   3   38     9    559 
   3   39     8    492 
   4    0     7    420 
   4    1    11    677 
   4    2    11    674 
   4    3     7    469 
   4    4     5    336 
   4    5    13    799 
   4    6    11    685 
   4    7    12    723 
   4    8     9    565 
   4    9     8    518 
   4   10    13    782 
   4   11     5    329 
   4   12    12    741 
   4   13     4    253 
   4   14    10    604 
   4   15     7    435 
   4   16    12    769 
   4   17     5    311 
   4   18     9    583 
   4   19     3    201 
   4   20     6    406 
   4   21     4    242 
   4   22    10    620 
   4   23     3    230 
   4   24     7    436 
   4   25     7    454 
   4   26    13    785 
   4   27     7    448 
   4   28    10    650 
   4   29     7    443 
   4   30     9    567 
   4   31    12    722 
   4   32     3    235 
   4   33     9    553 
   4   34     7    460 
   4   35     3    200 
   4   36     5    353 
   4   37     5    325 
   4   38     9    577 
   4   39     7    462 
   5    0     6    411 
   5    1     4    291 
   5    2    11    713 
   5    3     3    234 
   5    4     6    366 
   5    5     3    228 
   5    6     5    338 
   5    7     3    223 
   5    8     5    306 
   5    9     4    292 
   5   10    11    671 
   5   11     8    494 
   5   12     5    345 
   5   13     4    278 
   5   14     4    270 
   5   15     7    443 
   5   16     6    395 
   5   17     5    351 
   5   18     4    275 
   5   19     7    454 
   5   20    10    645 
   5   21     8    537 
   5   22    10    618 
   5   23     6    404 
   5   24     9    558 
   5   25     5    344 
   5   26    10    618 
   5   27     4    284 
   5   28     7    420 
   5   29    12    723 
   5   30    12    776 
   5   31    10    626 
   5   32     8    493 
   5   33     6    405 
   5   34     8    485 
   5   35    10    622 
   5   36    12    731 
   5   37    10    622 
   5   38    10    621 
   5   39    10    621 
   6    0    12    737 
   6    1    10    619 
   6    2    10    615 
   6    3     9    589 
   6    4     5    358 
   6    5     3    220 
   6    6     9    580 
   6    7     6    410 
   6    8     7    430 
   6    9    12    768 
   6   10     7    419 
   6   11    10    609 
   6   12    13    778 
   6   13     9    577 
   6   14     3    206 
   6   15    12    775 
   6   16     9    545 
   6   17     5    325 
   6   18    12    733 
   6   19     8    517 
   6   20     8    529 
   6   21     4    277 
   6   22    13    795 
   6   23     6    372 
   6   24     8    485 
   6   25     6    382 
   6   26     4    289 
   6   27    10    613 
   6   28     5    329 
   6   29     6    400 
   6   30     7    471 
   6   31     4    259 
   6   32     3    233 
   6   33     8    520 
   6   34    12    761 
   6   35     8    485 
   6   36    12    771 
   6   37     6    405 
   6   38    11    659 
   6   39    12    729 
   7    0    10    620 
   7    1    10    651 
   7    2     3    210 
   7    3     6    393 
   7    4     9    584 
   7    5    12    765 
   7    6    13    794 
   7    7     9    571 
   7    8    11    702 
   7    9    12    740 
   7   10     5    340 
   7   11     8    527 
   7   12     7    429 
   7   13    12    749 
   7   14     4    278 
   7   15     9    564 
   7   16     9    553 
   7   17     7    420 
   7   18     5    324 
   7   19     6    360 
   7   20    11    679 
   7   21     8    484 
   7   22     7    448 
   7   23     6    389 
   7   24     8    486 
   7   25     6    398 
   7   26     7    464 
   7   27     9    586 
   7   28    12    756 
   7   29     6    410 
   7   30     6    379 
   7   31     7    440 
   7   32    10    640 
   7   33    12    774 
   7   34     7    424 
   7   35     9    578 
   7   36     9    557 
   7   37    10    627 
   7   38     5    346 
   7   39     4    269 
   8    0     9    585 
   8    1    11    713 
   8    2     8    498 
   8    3     5    317 
   8    4     3    201 
   8    5    12    733 
   8    6     8    500 
   8    7    13    795 
   8    8     7    459 
   8    9    11    667 
   8   10    12    739 
   8   11     5    340 
   8   12    10    623 
   8   13    13    779 
   8   14     6    416 
   8   15     7    419 
   8   16    11    668 
   8   17     6    417 
   8   18     5    313 
   8   19     8    495 
   8   20     6    414 
   8   21     9    567 
   8   22     9    581 
   8   23    10    607 
   8   24     5    343 
   8   25     7    420 
   8   26    10    613 
   8   27     8    484 
   8   28    10    635 
   8   29    12    731 
   8   30     9    542 
   8   31     5    300 
   8   32     3    214 
   8   33    13    797 
   8   34    11    674 
   8   35     4    241 
   8   36     4    281 
   8   37     8    497 
   8   38     6    408 
   8   39     5    308 
   9    0     8    484 
   9    1    12    718 
   9    2     7    462 
   9    3     9    544 
   9    4     9    590 
   9    5     6    399 
   9    6    10    607 
   9    7     9    579 
   9    8    12    757 
   9    9    11    716 
   9   10     8    537 
   9   11    12    771 
   9   12     3    204 
   9   13     7    477 
   9   14    13    781 
   9   15    12    739 
   9   16     6    408 
   9   17    11    672 
   9   18     9    567 
   9   19     7    461 
   9   20    13    797 
   9   21     4    284 
   9   22    13    796 
   9   23    11    692 
   9   24     6    411 
   9   25     7    425 
   9   26     6    367 
   9   27     8    483 
   9   28     4    264 
   9   29     7    462 
   9   30    10    607 
   9   31    11    681 
   9   32     8    479 
   9   33     7    453 
   9   34     3    201 
   9   35    12    767 
   9   36     7    428 
   9   37    12    761 
   9   38    13    787 
   9   39    12    745 
  10    0    10    614 
  10    1     4    253 
  10    2     7    427 
  10    3     9    568 
  10    4    10    632 
  10    5    13    784 
  10    6     4    265 
  10    7     4    276 
  10    8    12    773 
  10    9     3    236 
  10   10    11    684 
  10   11     5    323 
  10   12     8    495 
  10   13     8    478 
  10   14     5    339 
  10   15     9    542 
  10   16     6    393 
  10   17     8    489 
  10   18     8    491 
  10   19    11    690 
  10   20    11    676 
  10   21     5    319 
  10   22     5    344 
  10   23    11    705 
  10   24     3    209 
  10   25    11    694 
  10   26     5    331 
  10   27     8    526 
  10   28     5    340 
  10   29    11    714 
  10   30     9    545 
  10   31    11    700 
  10   32     5    332 
  10   33    11    678 
  10   34     8    484 
  10   35     5    337 
  10   36     7    469 
  10   37     8    507 
  10   38     4    280 
  10   39    11    682 
  11    0    12    719 
  11    1    13    794 
  11    2     7    428 
  11    3     9    572 
  11    4    11    687 
  11    5     9    542 
  11    6    10    607 
  11    7    11    684 
  11    8     8    497 
  11    9     6    417 
  11   10    13    792 
  11   11     4    283 
  11   12     4    285 
  11   13    13    798 
  11   14    12    753 
  11   15    10    624 
  11   16     3    217 
  11   17    12    717 
  11   18     9    577 
  11   19     6    398 
  11   20    10    601 
  11   21     8    497 
  11   22     3    208 
  11   23     8    499 
  11   24     7    461 
  11   25    11    686 
  11   26     8    532 
  11   27     5    302 
  11   28     5    307 
  11   29     5    315 
  11   30    11    699 
  11   31     6    376 
  11   32     9    586 
  11   33    13    784 
  11   34     7    439 
  11   35     9    575 
  11   36     9    596 
  11   37     8    490 
  11   38    13    790 
  11   39     5    343 
  12    0    10    602 
  12    1     8    523 
  12    2    10    626 
  12    3     4    290 
  12    4     5    331 
  12    5    12    724 
  12    6     6    387 
  12    7     5    325 
  12    8     5    356 
  12    9     8    478 
  12   10     6    382 
  12   11     6    393 
  12   12     4    274 
  12   13    13    787 
  12   14     8    498 
  12   15    11    705 
  12   16     9    581 
  12   17    12    749 
  12   18     7    427 
  12   19     7    465 
  12   20    13    782 
  12   21     7    454 
  12   22     4    270 
  12   23     6    402 
  12   24    10    629 
  12   25     7    424 
  12   26     6    400 
  12   27     6    415 
  12   28     6    408 
  12   29    13    777 
  12   30     7    476 
  12   31     3    217 
  12   32     9    559 
  12   33     9    571 
  12   34     9    556 
  12   35     5    314 
  12   36     4    272 
  12   37     4    251 
  12   38    10    652 
  12   39     8    518 
  13    0    11    681 
  13    1     8    478 
  13    2     5    318 
  13    3    10    613 
  13    4    10    637 
  13    5    10    613 
  13    6     7    469 
  13    7     5    325 
  13    8    12    730 
  13    9     7    472 
  13   10     8    525 
  13   11     5    315 
  13   12    13    798 
  13   13    11    697 
  13   14     9    597 
  13   15     3    219 
  13   16     6    389 
  13   17     4    240 
  13   18     4    282 
  13   19     3    236 
  13   20    10    636 
  13   21     3    210 
  13   22     9    592 
  13   23     5    341 
  13   24     6    363 
  13   25     4    298 
  13   26     3    238 
  13   27     5    333 
  13   28     3    234 
  13   29     4    289 
  13   30     5    344 
  13   31     5    328 
  13   32     4    246 
  13   33     6    381 
  13   34     6    360 
  13   35    11    674 
  13   36     9    554 
  13   37    11    677 
  13   38     8    515 
  13   39     6    390 
  14    0     9    573 
  14    1     5    349 
  14    2     5    328 
  14    3     5    347 
  14    4    13    792 
  14    5     6    400 
  14    6    12    730 
  14    7    12    737 
  14    8     3    209 
  14    9    13    783 
  14   10     5    351 
  14   11     4    276 
  14   12    10    639 
  14   13     8    496 
  14   14     6    370 
  14   15    10    650 
  14   16     8    498 
  14   17     5    353 
  14   18    12    741 
  14   19     6    416 
  14   20    11    678 
  14   21     6    414 
  14   22     8    514 
  14   23     5    330 
  14   24     6    369 
  14   25    11    712 
  14   26    12    724 
  14   27     9    543 
  14   28     7    476 
  14   29    10    633 
  14   30     3    223 
  14   31     6    374 
  14   32     9    580 
  14   33     9    584 
  14   34    12    751 
  14   35     3    204 
  14   36     5    357 
  14   37     9    589 
  14   38     6    374 
  14   39     7    420 
  15    0     5    346 
  15    1     3    200 
  15    2     8    512 
  15    3     4    260 
  15    4     7    444 
  15    5    12    751 
  15    6     6    379 
  15    7    12    757 
  15    8     8    501 
  15    9     8    522 
  15   10    12    762 
  15   11    12    723 
  15   12     5    303 
  15   13    11    697 
  15   14     3    203 
  15   15     7    458 
  15   16     3    219 
  15   17     8    531 
  15   18    11    715 
  15   19     4    277 
  15   20     4    297 
  15   21    10    604 
  15   22     3    230 
  15   23     5    310 
  15   24     7    477 
  15   25     8    518 
  15   26     9    597 
  15   27     4    248 
  15   28     5    332 
  15   29    10    615 
  15   30    10    625 
  15   31     5    330 
  15   32     5    316 
  15   33     9    555 
  15   34     6    361 
  15   35     4    288 
  15   36    11    700 
  15   37     9    562 
  15   38     6    384 
  15   39     7    465 
  16    0    10    657 
  16    1     9    562 
  16    2    12    727 
  16    3     9    587 
  16    4     9    597 
  16    5    11    711 
  16    6     6    393 
  16    7     9    553 
  16    8     5    315 
  16    9     6    412 
  16   10     8    507 
  16   11    10    625 
  16   12     4    243 
  16   13     4    267 
  16   14    10    655 
  16   15     6    401 
  16   16     8    533 
  16   17     6    378 
  16   18    12    767 
  16   19    10    615 
  16   20     6    399 
  16   21    10    612 
  16   22     4    258 
  16   23    10    601 
  16   24     7    465 
  16   25    10    618 
  16   26     6    360 
  16   27     9    554 
  16   28    10    608 
  16   29    10    612 
  16   30     5    311 
  16   31     7    454 
  16   32     4    250 
  16   33     9    568 
  16   34     7    468 
  16   35     5    347 
  16   36    10    637 
  16   37     8    524 
  16   38     6    371 
  16   39    11    674 
  17    0     8    486 
  17    1    10    640 
  17    2     9    565 
  17    3     5    334 
  17    4     9    581 
  17    5     6    368 
  17    6     4    292 
  17    7     4    260 
  17    8     9    590 
  17    9     6    388 
  17   10     5    309 
  17   11     9    590 
  17   12     9    568 
  17   13     4    267 
  17   14     4    276 
  17   15     6    359 
  17   16     7    422 
  17   17    11    672 
  17   18    10    638 
  17   19    12    738 
  17   20     5    329 
  17   21     8    510 
  17   22     8    484 
  17   23    11    707 
  17   24     9    595 
  17   25    10    636 
  17   26     6    369 
  17   27    11    692 
  17   28    13    797 
  17   29    10    646 
  17   30     7    474 
  17   31     4    267 
  17   32    12    765 
  17   33     4    268 
  17   34     6    393 
  17   35     5    305 
  17   36    12    764 
  17   37     9    582 
  17   38    11    707 
  17   39     4    269 
  18    0     6    377 
  18    1     8    512 
  18    2     5    342 
  18    3     3    204 
  18    4    10    636 
  18    5     5    339 
  18    6     5    325 
  18    7     8    491 
  18    8    10    621 
  18    9     6    400 
  18   10    11    700 
  18   11     9    585 
  18   12     5    355 
  18   13    10    621 
  18   14    12    734 
  18   15     4    253 
  18   16     7    463 
  18   17     9    569 
  18   18    13    792 
  18   19     5    312 
  18   20     9    554 
  18   21     4    280 
  18   22     8    522 
  18   23     7    461 
  18   24    13    785 
  18   25     3    234 
  18   26    11    702 
  18   27    10    642 
  18   28     3    235 
  18   29     7    475 
  18   30    10    623 
  18   31    13    794 
  18   32    12    739 
  18   33     7    424 
  18   34    12    761 
  18   35    12    724 
  18   36    11    704 
  18   37     3    225 
  18   38    12    736 
  18   39    10    616 
  19    0    13    782 
  19    1    11    708 
  19    2     5    319 
  19    3     4    242 
  19    4    10    648 
  19    5     4    289 
  19    6     7    453 
  19    7     7    458 
  19    8    10    656 
  19    9     8    485 
  19   10     9    564 
  19   11    11    704 
  19   12     6    371 
  19   13     8    532 
  19   14     3    209 
  19   15     9    540 
  19   16     6    377 
  19   17     8    501 
  19   18     5    324 
  19   19    10    622 
  19   20     5    335 
  19   21     6    372 
  19   22     6    363 
  19   23     5    308 
  19   24    10    606 
  19   25    10    657 
  19   26     9    551 
  19   27     8    530 
  19   28     6    368 
  19   29    11    706 
  19   30     3    201 
  19   31     4    287 
  19   32     3    222 
  19   33    11    700 
  19   34    12    762 
  19   35     3    234 
  19   36     9    586 
  19   37     8    505 
  19   38     5    318 
  19   39     8    505 
  20    0     5    347 
  20    1     8    498 
  20    2     4    292 
  20    3    11    708 
  20    4     7    441 
  20    5    10    602 
  20    6     8    487 
  20    7     5    324 
  20    8     7    438 
  20    9     8    513 
  20   10     3    216 
  20   11     4    241 
  20   12     5    336 
  20   13    12    724 
  20   14    11    699 
  20   15     3    220 
  20   16    10    622 
  20   17    10    621 
  20   18     7    427 
  20   19    12    757 
  20   20    12    730 
  20   21     4    287 
  20   22     8    524 
  20   23    13    791 
  20   24     9    580 
  20   25    11    706 
  20   26     4    242 
  20   27     9    575 
  20   28     3    219 
  20   29     5    321 
  20   30     4    256 
  20   31     7    450 
  20   32     7    427 
  20   33    12    750 
  20   34     9    564 
  20   35     8    487 
  20   36    11    687 
  20   37     7    472 
  20   38    11    697 
  20   39     8    478 
  21    0     5    313 
  21    1     9    571 
  21    2     6    370 
  21    3     7    420 
  21    4     7    439 
  21    5    11    678 
  21    6    11    680 
  21    7     6    382 
  21    8     6    406 
  21    9     9    584 
  21   10     8    534 
  21   11     9    565 
  21   12     4    248 
  21   13     6    372 
  21   14     5    301 
  21   15     5    344 
  21   16     5    346 
  21   17    12    740 
  21   18     4    244 
  21   19    12    769 
  21   20     8    529 
  21   21    12    750 
  21   22     4    298 
  21   23     9    543 
  21   24     7    469 
  21   25     8    489 
  21   26    12    717 
  21   27     4    264 
  21   28     3    216 
  21   29     9    539 
  21   30     9    545 
  21   31     6    375 
  21   32     6    386 
  21   33    12    717 
  21   34    13    786 
  21   35     7    419 
  21   36     4    288 
  21   37    12    734 
  21   38    12    725 
  21   39     9    580 
  22    0    11    693 
  22    1     4    240 
  22    2     5    315 
  22    3     5    353 
  22    4     7    453 
  22    5    11    693 
  22    6     6    380 
  22    7    11    702 
  22    8    10    646 
  22    9     4    239 
  22   10     7    430 
  22   11     6    381 
  22   12     7    452 
  22   13     9    554 
  22   14     5    303 
  22   15    11    681 
  22   16     8    537 
  22   17    12    740 
  22   18    11    667 
  22   19    10    640 
  22   20     9    553 
  22   21     7    467 
  22   22     7    476 
  22   23     9    547 
  22   24    11    692 
  22   25    11    700 
  22   26     8    499 
  22   27     7    450 
  22   28     3    229 
  22   29     5    321 
  22   30     7    442 
  22   31     8    533 
  22   32    10    613 
  22   33     3    222 
  22   34    12    764 
  22   35     5    351 
  22   36    12    776 
  22   37     4    245 
  22   38     3    228 
  22   39     9    547 
  23    0    11    687 
  23    1     7    470 
  23    2    12    754 
  23    3     9    583 
  23    4    12    772 
  23    5     8    483 
  23    6     9    547 
  23    7     6    405 
  23    8     5    322 
  23    9     8    489 
  23   10    10    624 
  23   11     3    217 
  23   12     4    265 
  23   13     6    416 
  23   14     8    498 
  23   15     3    232 
  23   16     3    238 
  23   17     9    558 
  23   18    10    642 
  23   19     3    215 
  23   20     9    595 
  23   21     4    278 
  23   22     7    466 
  23   23    13    782 
  23   24     6    362 
  23   25     3    219 
  23   26    11    706 
  23   27     8    536 
  23   28     7    435 
  23   29     5    325 
  23   30     5    338 
  23   31    10    612 
  23   32     8    479 
  23   33     9    553 
  23   34     8    520 
  23   35     3    234 
  23   36     8    511 
  23   37     3    236 
  23   38     8    533 
  23   39     6    392 
  24    0     9    575 
  24    1     3    209 
  24    2     7    437 
  24    3     6    403 
  24    4    11    708 
  24    5     6    359 
  24    6    11    672 
  24    7    12    743 
  24    8    10    612 
  24    9     5    350 
  24   10     3    209 
  24   11    12    733 
  24   12     9    589 
  24   13     5    343 
  24   14    11    678 
  24   15    10    623 
  24   16     6    360 
  24   17     9    573 
  24   18     6    409 
  24   19     6    375 
  24   20     7    465 
  24   21     8    526 
  24   22     6    395 
  24   23    10    649 
  24   24     3    232 
  24   25     9    575 
  24   26     8    502 
  24   27     5    344 
  24   28     9    542 
  24   29     8    532 
  24   30     8    496 
  24   31    10    625 
  24   32     7    472 
  24   33    11    658 
  24   34     4    247 
  24   35     4    239 
  24   36     8    534 
  24   37     7    453 
  24   38    10    624 
  24   39     4    295 
  25    0     5    335 
  25    1     7    449 
  25    2     9    549 
  25    3     5    342 
  25    4    11    660 
  25    5    13    777 
  25    6    12    756 
  25    7    13    779 
  25    8     5    344 
  25    9    11    708 
  25   10    12    776 
  25   11     5    340 
  25   12     8    484 
  25   13    10    653 
  25   14     8    536 
  25   15    10    654 
  25   16     5    333 
  25   17     5    307 
  25   18     4    250 
  25   19     4    265 
  25   20    10    603 
  25   21     3    205 
  25   22     7    468 
  25   23    12    758 
  25   24     9    568 
  25   25     4    241 
  25   26     7    460 
  25   27     6    373 
  25   28     4    272 
  25   29     6    408 
  25   30     6    398 
  25   31     5    329 
  25   32    13    794 
  25   33     5    340 
  25   34    10    615 
  25   35     8    529 
  25   36    11    700 
  25   37    12    766 
  25   38    13    799 
  25   39     6    384 
  26    0     8    509 
  26    1     6    363 
  26    2     9    544 
  26    3    11    680 
  26    4     7    441 
  26    5     5    321 
  26    6    12    719 
  26    7     4    247 
  26    8     8    479 
  26    9     7    432 
  26   10     8    494 
  26   11     9    561 
  26   12     7    453 
  26   13     5    309 
  26   14    10    618 
  26   15    11    666 
  26   16    12    728 
  26   17     5    341 
  26   18     4    261 
  26   19     6    366 
  26   20    13    782 
  26   21     6    403 
  26   22    12    753 
  26   23     7    467 
  26   24     4    285 
  26   25    11    704 
  26   26     3    225 
  26   27    12    728 
  26   28     5    358 
  26   29     9    541 
  26   30    12    730 
  26   31    10    654 
  26   32    10    651 
  26   33     8    500 
  26   34     8    518 
  26   35     8    503 
  26   36     5    302 
  26   37     9    559 
  26   38    11    696 
  26   39    13    778 
  27    0     9    569 
  27    1    12    746 
  27    2     7    428 
  27    3     7    449 
  27    4     8    492 
  27    5     4    279 
  27    6     5    335 
  27    7    12    732 
  27    8    11    704 
  27    9     9    589 
  27   10     5    302 
  27   11     6    417 
  27   12     9    589 
  27   13    12    771 
  27   14    13    779 
  27   15     3    214 
  27   16     9    597 
  27   17     7    448 
  27   18    10    640 
  27   19     7    461 
  27   20     3    215 
  27   21     8    514 
  27   22     5    319 
  27   23     5    304 
  27   24     8    506 
  27   25     9    593 
  27   26     9    595 
  27   27     3    238 
  27   28     6    418 
  27   29     6    406 
  27   30     6    383 
  27   31     4    270 
  27   32     6    390 
  27   33    12    752 
  27   34     7    428 
  27   35    11    672 
  27   36     5    307 
  27   37    10    616 
  27   38     5    345 
  27   39    12    723 
  28    0     7    452 
  28    1     9    587 
  28    2     9    584 
  28    3     8    529 
  28    4    10    639 
  28    5     8    487 
  28    6     9    563 
  28    7     9    549 
  28    8    12    742 
  28    9     9    563 
  28   10     7    434 
  28   11     4    257 
  28   12     5    322 
  28   13     6    364 
  28   14     5    335 
  28   15     6    388 
  28   16     8    534 
  28   17    11    687 
  28   18     5    339 
  28   19    11    662 
  28   20     9    584 
  28   21    10    599 
  28   22     6    380 
  28   23     3    228 
  28   24     4    241 
  28   25     9    555 
  28   26     3    220 
  28   27     5    315 
  28   28    11    701 
  28   29     7    437 
  28   30     9    570 
  28   31     5    313 
  28   32     6    413 
  28   33     9    563 
  28   34     9    545 
  28   35     8    506 
  28   36     7    463 
  28   37     3    220 
  28   38    10    640 
  28   39     4    266 
  29    0    12    768 
  29    1     9    579 
  29    2     8    512 
  29    3    11    705 
  29    4    12    748 
  29    5     3    212 
  29    6    12    767 
  29    7     6    402 
  29    8     4    272 
  29    9     4    277 
  29   10     7    464 
  29   11     9    580 
  29   12    10    609 
  29   13     3    200 
  29   14     8    534 
  29   15    10    629 
  29   16    10    598 
  29   17     9    571 
  29   18    12    737 
  29   19     5    300 
  29   20    12    719 
  29   21     9    580 
  29   22     7    465 
  29   23     4    284 
  29   24     5    342 
  29   25     7    455 
  29   26     6    404 
  29   27     3    216 
  29   28     3    207 
  29   29    12    770 
  29   30     7    457 
  29   31    13    784 
  29   32     6    401 
  29   33    10    623 
  29   34     4    295 
  29   35    11    685 
  29   36    11    715 
  29   37     5    333 
  29   38     3    223 
  29   39    11    664 
  30    0     4    293 
  30    1    11    661 
  30    2     8    490 
  30    3     5    349 
  30    4    11    690 
  30    5     4    255 
  30    6    13    800 
  30    7    12    756 
  30    8     5    334 
  30    9    10    639 
  30   10     7    435 
  30   11    12    752 
  30   12    11    678 
  30   13     8    498 
  30   14    13    798 
  30   15     3    204 
  30   16    12    769 
  30   17     8    516 
  30   18     7    443 
  30   19     8    506 
  30   20     6    376 
  30   21     6    400 
  30   22     8    480 
  30   23    12    764 
  30   24    11    692 
  30   25     3    222 
  30   26     5    330 
  30   27     6    367 
  30   28    12    721 
  30   29     5    299 
  30   30     7    453 
  30   31     4    250 
  30   32     8    483 
  30   33    12    731 
  30   34     8    491 
  30   35     6    417 
  30   36    12    754 
  30   37    12    765 
  30   38    10    643 
  30   39     7    451 
  31    0     5    354 
  31    1     5    312 
  31    2    13    779 
  31    3     6    371 
  31    4     5    314 
  31    5    11    712 
  31    6    11    696 
  31    7    12    747 
  31    8     6    362 
  31    9    11    679 
  31   10     9    553 
  31   11     8    534 
  31   12    10    604 
  31   13     8    532 
  31   14     7    426 
  31   15    10    631 
  31   16     8    516 
  31   17     6    413 
  31   18     4    283 
  31   19     4    296 
  31   20    11    680 
  31   21    11    694 
  31   22     5    313 
  31   23     3    233 
  31   24    10    643 
  31   25    10    603 
  31   26     3    204 
  31   27    12    719 
  31   28     7    455 
  31   29     6    396 
  31   30     4    290 
  31   31    11    692 
  31   32     8    505 
  31   33     5    312 
  31   34     3    210 
  31   35     6    375 
  31   36    10    633 
  31   37    11    699 
  31   38     9    542 
  31   39     7    432 
  32    0    10    628 
  32    1     5    331 
  32    2    10    606 
  32    3     6    414 
  32    4     9    596 
  32    5    11    683 
  32    6    11    666 
  32    7    11    687 
  32    8     7    462 
  32    9    12    772 
  32   10     5    347 
  32   11     8    510 
  32   12     9    547 
  32   13     8    484 
  32   14     4    279 
  32   15     7    469 
  32   16    12    772 
  32   17    11    680 
  32   18     9    549 
  32   19     6    366 
  32   20     7    437 
  32   21     5    346 
  32   22     6    366 
  32   23     9    561 
  32   24     4    265 
  32   25     3    214 
  32   26     6    411 
  32   27     3    220 
  32   28     9    569 
  32   29     7    428 
  32   30     5    309 
  32   31    11    686 
  32   32     5    321 
  32   33    10    631 
  32   34     8    478 
  32   35    11    658 
  32   36    11    702 
  32   37     7    467 
  32   38     4    273 
  32   39    10    621 
  33    0    11    696 
  33    1     4    244 
  33    2    12    720 
  33    3     8    534 
  33    4    11    666 
  33    5     9    591 
  33    6     6    368 
  33    7     6    408 
  33    8     6    418 
  33    9     8    504 
  33   10     5    334 
  33   11     6    363 
  33   12     7    442 
  33   13    13    793 
  33   14     6    402 
  33   15     5    300 
  33   16     3    224 
  33   17    13    792 
  33   18    11    669 
  33   19    11    675 
  33   20     5    330 
  33   21     4    286 
  33   22    10    654 
  33   23     3    209 
  33   24     7    462 
  33   25     6    362 
  33   26     4    286 
  33   27    11    671 
  33   28     6    401 
  33   29    10    598 
  33   30    13    781 
  33   31     5    343 
  33   32    11    693 
  33   33     8    517 
  33   34     5    349 
  33   35     4    268 
  33   36     8    480 
  33   37     5    319 
  33   38     6    387 
  33   39     5    345 
  34    0     9    585 
  34    1     8    500 
  34    2    11    695 
  34    3     5    314 
  34    4    10    601 
  34    5     4    293 
  34    6    11    665 
  34    7     6    372 
  34    8     8    522 
  34    9    11    700 
  34   10     8    509 
  34   11     8    487 
  34   12    12    739 
  34   13     4    240 
  34   14     4    252 
  34   15    10    610 
  34   16    13    784 
  34   17    12    732 
  34   18    12    725 
  34   19     3    232 
  34   20    12    732 
  34   21     7    455 
  34   22     9    591 
  34   23     4    268 
  34   24     6    393 
  34   25     9    558 
  34   26     9    566 
  34   27     9    594 
  34   28    11    705 
  34   29     9    585 
  34   30     5    308 
  34   31     3    225 
  34   32     5    335 
  34   33     3    230 
  34   34    11    686 
  34   35    12    775 
  34   36    12    772 
  34   37     3    224 
  34   38     5    358 
  34   39    10    600 
  35    0    10    635 
  35    1     7    450 
  35    2    11    663 
  35    3     9    580 
  35    4     4    289 
  35    5     6    412 
  35    6    10    631 
  35    7    12    738 
  35    8     5    303 
  35    9     8    519 
  35   10    11    669 
  35   11     6    386 
  35   12    11    689 
  35   13    12    747 
  35   14     4    278 
  35   15    12    772 
  35   16     9    589 
  35   17     9    564 
  35   18     4    277 
  35   19     6    391 
  35   20    10    615 
  35   21    11    715 
  35   22     7    473 
  35   23     3    211 
  35   24    12    758 
  35   25    12    745 
  35   26    13    800 
  35   27     5    302 
  35   28     9    544 
  35   29     5    339 
  35   30     9    594 
  35   31    11    711 
  35   32     3    217 
  35   33     8    521 
  35   34     5    301 
  35   35    12    767 
  35   36     3    207 
  35   37     7    477 
  35   38     6    398 
  35   39     9    581 
  36    0    10    644 
  36    1     5    355 
  36    2     7    455 
  36    3     8    493 
  36    4    13    796 
  36    5     4    274 
  36    6     4    294 
  36    7    11    676 
  36    8    11    705 
  36    9     7    439 
  36   10    12    743 
  36   11    12    720 
  36   12     6    386 
  36   13    12    736 
  36   14     8    498 
  36   15     6    397 
  36   16    12    718 
  36   17     6    402 
  36   18     5    336 
  36   19     3    233 
  36   20     3    204 
  36   21     9    549 
  36   22    13    794 
  36   23     6    366 
  36   24     5    322 
  36   25     8    532 
  36   26     6    400 
  36   27    11    665 
  36   28     9    563 
  36   29     9    582 
  36   30    12    726 
  36   31    11    659 
  36   32    10    624 
  36   33     4    242 
  36   34    12    718 
  36   35    10    602 
  36   36     7    422 
  36   37    10    657 
  36   38     4    257 
  36   39     8    508 
  37    0     7    423 
  37    1    11    689 
  37    2     3    227 
  37    3     5    299 
  37    4     4    293 
  37    5     5    310 
  37    6     6    367 
  37    7     8    527 
  37    8    12    765 
  37    9     5    300 
  37   10     5    320 
  37   11     8    505 
  37   12     5    319 
  37   13     5    344 
  37   14     3    226 
  37   15     6    389 
  37   16    12    717 
  37   17    11    673 
  37   18     6    375 
  37   19     4    239 
  37   20     4    293 
  37   21     7    424 
  37   22    13    779 
  37   23     3    221 
  37   24     7    467 
  37   25     8    521 
  37   26     3    213 
  37   27    13    799 
  37   28     8    496 
  37   29    12    721 
  37   30     9    548 
  37   31     7    443 
  37   32     8    484 
  37   33     5    328 
  37   34     3    237 
  37   35    11    682 
  37   36    10    628 
  37   37    11    689 
  37   38     9    543 
  37   39     9    563 
  38    0     8    479 
  38    1     4    283 
  38    2     9    581 
  38    3     8    519 
  38    4     5    349 
  38    5     9    547 
  38    6     6    359 
  38    7    10    620 
  38    8    12    742 
  38    9     4    298 
  38   10     8    533 
  38   11     7    460 
  38   12    12    758 
  38   13    12    773 
  38   14    12    746 
  38   15     9    543 
  38   16     4    281 
  38   17    10    642 
  38   18     6    418 
  38   19    11    714 
  38   20     8    499 
  38   21    10    618 
  38   22     7    456 
  38   23     9    589 
  38   24     5    342 
  38   25    13    798 
  38   26     7    456 
  38   27    12    769 
  38   28     8    525 
  38   29    10    615 
  38   30     6    367 
  38   31     7    425 
  38   32     8    526 
  38   33     9    584 
  38   34     5    327 
  38   35    11    679 
  38   36     6    400 
  38   37    10    643 
  38   38     6    392 
  38   39     3    232 
  39    0     4    252 
  39    1     8    534 
  39    2     9    561 
  39    3     9    587 
  39    4    11    695 
  39    5    12    750 
  39    6     5    352 
  39    7     8    482 
  39    8     6    375 
  39    9    10    629 
  39   10    11    675 
  39   11    10    612 
  39   12     8    534 
  39   13     6    370 
  39   14     9    583 
  39   15     6    387 
  39   16     9    540 
  39   17     8    537 
  39   18     9    545 
  39   19     7    462 
  39   20     6    391 
  39   21    13    790 
  39   22     3    233 
  39   23     9    544 
  39   24     9    545 
  39   25    13    782 
  39   26     3    208 
  39   27     9    538 
  39   28     9    596 
  39   29     5    303 
  39   30     9    550 
  39   31     7    421 
  39   32     8    478 
  39   33    11    706 
  39   34     6    384 
  39   35     4    254 
  39   36     5    351 
  39   37     3    204 
  39   38     5    345 
  39   39     4    261 
