 40
 40

   33
   15
   19
   10
   44
   11
   26
   42
   42
   49
   29
   36
   26
   21
   31
    7
   25
   42
   14
    6
   43
   33
   46
   33
    8
   22
   50
   12
   43
   46
   32
    6
   43
    7
   42
   27
   23
   31
   42
   46

   38
    6
   10
   17
   46
   31
   19
   37
   18
   40
   47
   25
   37
   25
   42
   48
   16
   40
   43
   41
   28
   28
   13
   24
   19
   50
   34
   48
   34
   43
   33
   27
   28
   27
   12
   10
    6
   18
    8
   47

   0    0    10    746 
   0    1     3    238 
   0    2     4    337 
   0    3     7    558 
   0    4     6    491 
   0    5     6    509 
   0    6    10    750 
   0    7     5    382 
   0    8     6    474 
   0    9     3    278 
   0   10     7    569 
   0   11     3    226 
   0   12     2    213 
   0   13     4    332 
   0   14     3    264 
   0   15     4    341 
   0   16     4    346 
   0   17     3    262 
   0   18     2    210 
   0   19     8    657 
   0   20     7    533 
   0   21     7    543 
   0   22     6    514 
   0   23    10    750 
   0   24     3    272 
   0   25     4    317 
   0   26    10    795 
   0   27     7    587 
   0   28     9    718 
   0   29     7    586 
   0   30     4    318 
   0   31     8    662 
   0   32     8    598 
   0   33    10    761 
   0   34     4    316 
   0   35    10    775 
   0   36     9    694 
   0   37     4    324 
   0   38     6    444 
   0   39    10    775 
   1    0     3    232 
   1    1     7    586 
   1    2    10    747 
   1    3     6    476 
   1    4     4    304 
   1    5     4    315 
   1    6     6    485 
   1    7     5    423 
   1    8     5    425 
   1    9     3    229 
   1   10     4    361 
   1   11     9    692 
   1   12     8    591 
   1   13     5    383 
   1   14    10    743 
   1   15     3    244 
   1   16    10    793 
   1   17     6    514 
   1   18     4    326 
   1   19     5    422 
   1   20    10    767 
   1   21     4    345 
   1   22     5    376 
   1   23     7    577 
   1   24     7    525 
   1   25     3    263 
   1   26     6    454 
   1   27     3    264 
   1   28     6    482 
   1   29    10    743 
   1   30     4    313 
   1   31     4    302 
   1   32     2    220 
   1   33     6    476 
   1   34     3    224 
   1   35     3    251 
   1   36     5    408 
   1   37     4    346 
   1   38     3    262 
   1   39     8    600 
   2    0     5    415 
   2    1     8    598 
   2    2     2    211 
   2    3     6    511 
   2    4     9    733 
   2    5     3    233 
   2    6     6    465 
   2    7     5    390 
   2    8    10    770 
   2    9     6    484 
   2   10     3    247 
   2   11     5    418 
   2   12     4    326 
   2   13     7    530 
   2   14     3    282 
   2   15     9    726 
   2   16     3    256 
   2   17     2    217 
   2   18     8    605 
   2   19    10    788 
   2   20     4    355 
   2   21     4    297 
   2   22     9    673 
   2   23     3    250 
   2   24     3    243 
   2   25     8    592 
   2   26     6    507 
   2   27    10    741 
   2   28     3    286 
   2   29     4    365 
   2   30     9    723 
   2   31     8    642 
   2   32     3    291 
   2   33     7    566 
   2   34     8    662 
   2   35     7    534 
   2   36     4    308 
   2   37     4    336 
   2   38     6    480 
   2   39     8    651 
   3    0     5    440 
   3    1     7    582 
   3    2     3    267 
   3    3     3    293 
   3    4     6    510 
   3    5     7    548 
   3    6     8    604 
   3    7     4    335 
   3    8     8    612 
   3    9     8    604 
   3   10     3    259 
   3   11     8    592 
   3   12     3    287 
   3   13     4    366 
   3   14     5    432 
   3   15     4    324 
   3   16     4    311 
   3   17     4    346 
   3   18     5    390 
   3   19     7    559 
   3   20     3    293 
   3   21     6    497 
   3   22     9    700 
   3   23    10    799 
   3   24     3    230 
   3   25     4    299 
   3   26    10    737 
   3   27     5    411 
   3   28     6    513 
   3   29     6    515 
   3   30     3    237 
   3   31     9    687 
   3   32     6    497 
   3   33     6    509 
   3   34     4    356 
   3   35     3    224 
   3   36     9    679 
   3   37     8    612 
   3   38     7    556 
   3   39     5    391 
   4    0     2    211 
   4    1     3    231 
   4    2     5    402 
   4    3     9    676 
   4    4     3    293 
   4    5     5    391 
   4    6     9    725 
   4    7     6    504 
   4    8     4    344 
   4    9     5    380 
   4   10     9    735 
   4   11    10    789 
   4   12     8    594 
   4   13     9    707 
   4   14     8    649 
   4   15     4    367 
   4   16     4    320 
   4   17     7    562 
   4   18     4    352 
   4   19     6    456 
   4   20    10    756 
   4   21     5    434 
   4   22    10    781 
   4   23     5    430 
   4   24     4    351 
   4   25     4    328 
   4   26    10    779 
   4   27     9    710 
   4   28     3    234 
   4   29     6    465 
   4   30     8    635 
   4   31     8    614 
   4   32     4    300 
   4   33     4    303 
   4   34     6    512 
   4   35     9    669 
   4   36     5    405 
   4   37     3    285 
   4   38     9    735 
   4   39     9    674 
   5    0     5    440 
   5    1     6    442 
   5    2     7    582 
   5    3    10    773 
   5    4     6    456 
   5    5     7    540 
   5    6     3    249 
   5    7     9    690 
   5    8     6    513 
   5    9     3    285 
   5   10     8    632 
   5   11     6    446 
   5   12     3    232 
   5   13     3    225 
   5   14     7    577 
   5   15     4    344 
   5   16     3    238 
   5   17     5    390 
   5   18     3    238 
   5   19     3    275 
   5   20    10    738 
   5   21     4    318 
   5   22     7    587 
   5   23     8    654 
   5   24     6    474 
   5   25     7    537 
   5   26     4    302 
   5   27     3    261 
   5   28    10    756 
   5   29     9    716 
   5   30     4    323 
   5   31     4    338 
   5   32     4    321 
   5   33     3    281 
   5   34    10    751 
   5   35     3    283 
   5   36     9    707 
   5   37     3    272 
   5   38     7    516 
   5   39     4    328 
   6    0     5    384 
   6    1     3    255 
   6    2     6    511 
   6    3     7    587 
   6    4     3    270 
   6    5     6    491 
   6    6     4    315 
   6    7     2    202 
   6    8     3    228 
   6    9    10    756 
   6   10    10    758 
   6   11     2    201 
   6   12     6    479 
   6   13     3    250 
   6   14     4    296 
   6   15     9    699 
   6   16     3    265 
   6   17     8    646 
   6   18     9    668 
   6   19     5    408 
   6   20     7    578 
   6   21     5    390 
   6   22     5    407 
   6   23    10    764 
   6   24    10    799 
   6   25     7    558 
   6   26     6    500 
   6   27     8    644 
   6   28     5    413 
   6   29     4    361 
   6   30     6    456 
   6   31     6    493 
   6   32     8    601 
   6   33     4    344 
   6   34     9    731 
   6   35     7    548 
   6   36     5    437 
   6   37    10    788 
   6   38     7    533 
   6   39     8    649 
   7    0     8    646 
   7    1     3    283 
   7    2     5    372 
   7    3     8    655 
   7    4     2    220 
   7    5    10    782 
   7    6     8    611 
   7    7     3    266 
   7    8     7    585 
   7    9     9    685 
   7   10     9    683 
   7   11     5    380 
   7   12     5    377 
   7   13     8    598 
   7   14     7    519 
   7   15    10    747 
   7   16    10    743 
   7   17    10    757 
   7   18     8    607 
   7   19     3    266 
   7   20     7    518 
   7   21     2    215 
   7   22     5    418 
   7   23     2    211 
   7   24     7    541 
   7   25    10    759 
   7   26     2    209 
   7   27     9    663 
   7   28     4    348 
   7   29     6    510 
   7   30     8    650 
   7   31     5    435 
   7   32    10    788 
   7   33     3    257 
   7   34    10    747 
   7   35     5    407 
   7   36     6    454 
   7   37     6    499 
   7   38    10    774 
   7   39     8    610 
   8    0    10    741 
   8    1     9    676 
   8    2     8    600 
   8    3     9    713 
   8    4     5    389 
   8    5     9    699 
   8    6     8    593 
   8    7     6    505 
   8    8    10    766 
   8    9     4    359 
   8   10     7    575 
   8   11     8    655 
   8   12    10    777 
   8   13     8    601 
   8   14     7    568 
   8   15     7    559 
   8   16     4    329 
   8   17     6    480 
   8   18     7    534 
   8   19     6    466 
   8   20     3    286 
   8   21    10    751 
   8   22     7    537 
   8   23     8    645 
   8   24     6    442 
   8   25    10    759 
   8   26     6    476 
   8   27     9    692 
   8   28     3    229 
   8   29     7    574 
   8   30     9    677 
   8   31     3    226 
   8   32     3    241 
   8   33     9    669 
   8   34     4    336 
   8   35     3    255 
   8   36     8    607 
   8   37     6    463 
   8   38     5    407 
   8   39     6    503 
   9    0     6    480 
   9    1     8    649 
   9    2     6    513 
   9    3     9    714 
   9    4     9    706 
   9    5     8    640 
   9    6     8    610 
   9    7     6    457 
   9    8     4    348 
   9    9     4    311 
   9   10     7    528 
   9   11    10    784 
   9   12     3    268 
   9   13     8    618 
   9   14    10    771 
   9   15     2    208 
   9   16    10    793 
   9   17     9    695 
   9   18     3    242 
   9   19     6    459 
   9   20     5    413 
   9   21     6    477 
   9   22     5    408 
   9   23     3    234 
   9   24     8    600 
   9   25     6    451 
   9   26     4    362 
   9   27     4    296 
   9   28    10    782 
   9   29     6    473 
   9   30    10    765 
   9   31     7    539 
   9   32     3    245 
   9   33     3    242 
   9   34     6    481 
   9   35     4    298 
   9   36    10    777 
   9   37     7    546 
   9   38     4    355 
   9   39     3    221 
  10    0     3    237 
  10    1     6    482 
  10    2     7    534 
  10    3     9    732 
  10    4     8    639 
  10    5     8    625 
  10    6     3    264 
  10    7     9    704 
  10    8     3    253 
  10    9    10    771 
  10   10     5    399 
  10   11     6    496 
  10   12     6    456 
  10   13     6    515 
  10   14     5    419 
  10   15    10    800 
  10   16     6    499 
  10   17     5    381 
  10   18     7    556 
  10   19    10    752 
  10   20     5    392 
  10   21     3    237 
  10   22    10    779 
  10   23     4    342 
  10   24     4    362 
  10   25     9    732 
  10   26     3    232 
  10   27     7    554 
  10   28     3    277 
  10   29     8    638 
  10   30     8    613 
  10   31    10    753 
  10   32    10    752 
  10   33     8    622 
  10   34     3    247 
  10   35     9    688 
  10   36     4    326 
  10   37     6    502 
  10   38     9    729 
  10   39     8    615 
  11    0     5    385 
  11    1     2    202 
  11    2     5    387 
  11    3     2    220 
  11    4     6    453 
  11    5    10    782 
  11    6     9    699 
  11    7     6    505 
  11    8     8    651 
  11    9     3    241 
  11   10     5    430 
  11   11     9    688 
  11   12    10    765 
  11   13     4    332 
  11   14     3    266 
  11   15     6    464 
  11   16     5    418 
  11   17     6    471 
  11   18     4    360 
  11   19     4    343 
  11   20     9    684 
  11   21     7    552 
  11   22     3    265 
  11   23    10    746 
  11   24     6    446 
  11   25     4    355 
  11   26     3    230 
  11   27     3    233 
  11   28     8    653 
  11   29     6    474 
  11   30     9    721 
  11   31    10    758 
  11   32     3    289 
  11   33     4    318 
  11   34     6    488 
  11   35     4    311 
  11   36     2    203 
  11   37     9    692 
  11   38     6    487 
  11   39     3    268 
  12    0    10    741 
  12    1     9    729 
  12    2     9    706 
  12    3    10    775 
  12    4     7    581 
  12    5     4    318 
  12    6     5    414 
  12    7     2    212 
  12    8     2    202 
  12    9     6    449 
  12   10     7    549 
  12   11     9    677 
  12   12     6    485 
  12   13     4    315 
  12   14     4    366 
  12   15     4    340 
  12   16    10    737 
  12   17     3    245 
  12   18     5    423 
  12   19     6    501 
  12   20     8    662 
  12   21     3    293 
  12   22     5    422 
  12   23     5    422 
  12   24     6    442 
  12   25     8    643 
  12   26     9    677 
  12   27     8    625 
  12   28     2    201 
  12   29     4    364 
  12   30     4    301 
  12   31     9    681 
  12   32     4    368 
  12   33     5    420 
  12   34     3    256 
  12   35     3    259 
  12   36     4    368 
  12   37    10    767 
  12   38     9    684 
  12   39     8    633 
  13    0     3    275 
  13    1     3    242 
  13    2    10    776 
  13    3     3    256 
  13    4     8    643 
  13    5    10    789 
  13    6     4    329 
  13    7     7    524 
  13    8     3    293 
  13    9     6    515 
  13   10    10    744 
  13   11     4    363 
  13   12     3    274 
  13   13     6    494 
  13   14     5    409 
  13   15     8    606 
  13   16     4    317 
  13   17     6    442 
  13   18     8    593 
  13   19     6    508 
  13   20     9    676 
  13   21     9    723 
  13   22    10    800 
  13   23     9    700 
  13   24     2    220 
  13   25     4    348 
  13   26     8    620 
  13   27     3    277 
  13   28     9    695 
  13   29     8    660 
  13   30     5    392 
  13   31     7    561 
  13   32     3    227 
  13   33     7    576 
  13   34     4    340 
  13   35     4    299 
  13   36     4    362 
  13   37     7    536 
  13   38     7    566 
  13   39     5    417 
  14    0     8    648 
  14    1     3    264 
  14    2     6    464 
  14    3     7    534 
  14    4     5    396 
  14    5     3    277 
  14    6    10    793 
  14    7     9    724 
  14    8    10    793 
  14    9    10    750 
  14   10     6    454 
  14   11     4    309 
  14   12     5    381 
  14   13     9    735 
  14   14     5    373 
  14   15    10    782 
  14   16     3    272 
  14   17     8    629 
  14   18     4    314 
  14   19     3    254 
  14   20     5    376 
  14   21     8    594 
  14   22    10    761 
  14   23     8    618 
  14   24     5    423 
  14   25     5    422 
  14   26     9    668 
  14   27     7    546 
  14   28     4    352 
  14   29     5    413 
  14   30     9    736 
  14   31     3    247 
  14   32     2    215 
  14   33     4    338 
  14   34     8    634 
  14   35     4    324 
  14   36    10    777 
  14   37     6    462 
  14   38     8    621 
  14   39     6    465 
  15    0     3    232 
  15    1     3    226 
  15    2     5    432 
  15    3    10    755 
  15    4     3    261 
  15    5     5    407 
  15    6     7    523 
  15    7     9    690 
  15    8     9    724 
  15    9     6    488 
  15   10     3    236 
  15   11     8    594 
  15   12     9    697 
  15   13    10    747 
  15   14     9    721 
  15   15     9    735 
  15   16     3    225 
  15   17     3    240 
  15   18     5    416 
  15   19     8    594 
  15   20     7    533 
  15   21     2    206 
  15   22     3    292 
  15   23     2    200 
  15   24     8    643 
  15   25     5    432 
  15   26    10    797 
  15   27     8    627 
  15   28     4    295 
  15   29     7    585 
  15   30     3    249 
  15   31     4    313 
  15   32     2    200 
  15   33     7    558 
  15   34     5    416 
  15   35     7    520 
  15   36     8    646 
  15   37     7    532 
  15   38     6    484 
  15   39     5    408 
  16    0     5    437 
  16    1     4    353 
  16    2     4    347 
  16    3     3    273 
  16    4     3    243 
  16    5     3    276 
  16    6     3    254 
  16    7     6    487 
  16    8     9    712 
  16    9     7    517 
  16   10     8    626 
  16   11     9    678 
  16   12     3    241 
  16   13     6    510 
  16   14     4    314 
  16   15     5    397 
  16   16    10    750 
  16   17     3    241 
  16   18     6    446 
  16   19     4    334 
  16   20     3    276 
  16   21     3    286 
  16   22    10    745 
  16   23     9    710 
  16   24     5    374 
  16   25     5    426 
  16   26    10    796 
  16   27     6    510 
  16   28    10    766 
  16   29     3    251 
  16   30     6    488 
  16   31     6    479 
  16   32     4    303 
  16   33     5    386 
  16   34     8    589 
  16   35    10    762 
  16   36     9    705 
  16   37     3    244 
  16   38     8    652 
  16   39     3    268 
  17    0     9    736 
  17    1     7    533 
  17    2     6    514 
  17    3     2    206 
  17    4     4    346 
  17    5     6    505 
  17    6     7    527 
  17    7     8    602 
  17    8     6    467 
  17    9     8    660 
  17   10     3    258 
  17   11     6    490 
  17   12     4    342 
  17   13     4    300 
  17   14     8    620 
  17   15     7    543 
  17   16     8    608 
  17   17     4    313 
  17   18    10    791 
  17   19     2    206 
  17   20     6    466 
  17   21     9    666 
  17   22     4    303 
  17   23    10    780 
  17   24    10    784 
  17   25     5    436 
  17   26     7    540 
  17   27     4    330 
  17   28     6    469 
  17   29     5    433 
  17   30     8    624 
  17   31     9    723 
  17   32     3    262 
  17   33     6    481 
  17   34     6    478 
  17   35     3    221 
  17   36     7    584 
  17   37     2    207 
  17   38    10    740 
  17   39    10    776 
  18    0     2    216 
  18    1     2    202 
  18    2     3    256 
  18    3     6    455 
  18    4     9    676 
  18    5     4    318 
  18    6     4    299 
  18    7     9    696 
  18    8     4    353 
  18    9     5    440 
  18   10     6    489 
  18   11     4    355 
  18   12     7    578 
  18   13     4    342 
  18   14    10    747 
  18   15     6    490 
  18   16     6    457 
  18   17     9    663 
  18   18     5    414 
  18   19     8    602 
  18   20     5    397 
  18   21     5    439 
  18   22     6    506 
  18   23     8    624 
  18   24     8    658 
  18   25     7    581 
  18   26     7    556 
  18   27     8    624 
  18   28     6    451 
  18   29     8    651 
  18   30     4    322 
  18   31     3    236 
  18   32     4    306 
  18   33     9    699 
  18   34    10    761 
  18   35     3    251 
  18   36     5    387 
  18   37     6    469 
  18   38     8    629 
  18   39     7    522 
  19    0    10    778 
  19    1     9    682 
  19    2     6    503 
  19    3     8    589 
  19    4     9    722 
  19    5     5    403 
  19    6     8    602 
  19    7     3    268 
  19    8     6    473 
  19    9     8    651 
  19   10     4    349 
  19   11     4    313 
  19   12     6    480 
  19   13     8    641 
  19   14    10    741 
  19   15     6    481 
  19   16     6    464 
  19   17     5    422 
  19   18     6    500 
  19   19     6    468 
  19   20     8    635 
  19   21     8    619 
  19   22     3    242 
  19   23     9    665 
  19   24     4    357 
  19   25     9    664 
  19   26     3    268 
  19   27     4    305 
  19   28     5    404 
  19   29     6    466 
  19   30    10    762 
  19   31    10    797 
  19   32     2    220 
  19   33     5    394 
  19   34     3    276 
  19   35     4    348 
  19   36     8    616 
  19   37     8    612 
  19   38     4    304 
  19   39     4    362 
  20    0     9    726 
  20    1     7    582 
  20    2    10    748 
  20    3     5    380 
  20    4    10    780 
  20    5     5    371 
  20    6     5    421 
  20    7     5    421 
  20    8     3    221 
  20    9     3    246 
  20   10     4    307 
  20   11    10    751 
  20   12    10    744 
  20   13     8    594 
  20   14     9    689 
  20   15     8    618 
  20   16    10    791 
  20   17     5    434 
  20   18     3    228 
  20   19     2    220 
  20   20     6    468 
  20   21     6    463 
  20   22     4    302 
  20   23     9    714 
  20   24     3    252 
  20   25     9    680 
  20   26     5    379 
  20   27     8    645 
  20   28     8    596 
  20   29     8    626 
  20   30    10    737 
  20   31     9    695 
  20   32     8    653 
  20   33     8    639 
  20   34     7    532 
  20   35     7    579 
  20   36    10    775 
  20   37     8    631 
  20   38     7    549 
  20   39     7    532 
  21    0     9    699 
  21    1     3    292 
  21    2     3    235 
  21    3     9    702 
  21    4     5    380 
  21    5     3    271 
  21    6     6    498 
  21    7     9    728 
  21    8     5    404 
  21    9     5    375 
  21   10     7    584 
  21   11     3    288 
  21   12     5    422 
  21   13     6    482 
  21   14     6    449 
  21   15     8    629 
  21   16    10    788 
  21   17     3    288 
  21   18     6    476 
  21   19    10    758 
  21   20    10    755 
  21   21     3    232 
  21   22    10    752 
  21   23     6    493 
  21   24     2    207 
  21   25    10    739 
  21   26     4    351 
  21   27     6    490 
  21   28     4    328 
  21   29    10    750 
  21   30    10    747 
  21   31     3    234 
  21   32     9    725 
  21   33     6    485 
  21   34     7    550 
  21   35     3    272 
  21   36     9    701 
  21   37    10    755 
  21   38     5    391 
  21   39     9    674 
  22    0     4    307 
  22    1     2    219 
  22    2     4    315 
  22    3     7    551 
  22    4     9    724 
  22    5     5    412 
  22    6    10    738 
  22    7     3    228 
  22    8    10    797 
  22    9     8    659 
  22   10     2    206 
  22   11     9    680 
  22   12     8    629 
  22   13     8    600 
  22   14     7    563 
  22   15     5    432 
  22   16     6    456 
  22   17    10    800 
  22   18     7    546 
  22   19     5    384 
  22   20     2    207 
  22   21     7    552 
  22   22     5    433 
  22   23     8    657 
  22   24     3    242 
  22   25     6    487 
  22   26     7    556 
  22   27     5    388 
  22   28     7    536 
  22   29     7    564 
  22   30     4    336 
  22   31     8    613 
  22   32     4    297 
  22   33     9    667 
  22   34     2    207 
  22   35     8    595 
  22   36     9    674 
  22   37     4    300 
  22   38     3    237 
  22   39     4    307 
  23    0     8    594 
  23    1     7    564 
  23    2     9    678 
  23    3    10    755 
  23    4     9    713 
  23    5     8    624 
  23    6     6    495 
  23    7     3    234 
  23    8     7    555 
  23    9     5    422 
  23   10     3    234 
  23   11     4    309 
  23   12     4    363 
  23   13     8    617 
  23   14     9    705 
  23   15     6    485 
  23   16     8    597 
  23   17     7    559 
  23   18     6    450 
  23   19     3    235 
  23   20     3    244 
  23   21    10    798 
  23   22     5    412 
  23   23     9    690 
  23   24     9    686 
  23   25     7    563 
  23   26     5    402 
  23   27     8    641 
  23   28     3    247 
  23   29     4    317 
  23   30     6    502 
  23   31     5    418 
  23   32     5    438 
  23   33     3    264 
  23   34     7    550 
  23   35     7    557 
  23   36     4    344 
  23   37     8    609 
  23   38     5    380 
  23   39     9    726 
  24    0     5    431 
  24    1     6    462 
  24    2     7    576 
  24    3     9    688 
  24    4    10    764 
  24    5     6    450 
  24    6     8    625 
  24    7     5    427 
  24    8     8    617 
  24    9     5    386 
  24   10     9    694 
  24   11     4    321 
  24   12     7    516 
  24   13     4    311 
  24   14     3    231 
  24   15     8    642 
  24   16    10    758 
  24   17     4    316 
  24   18     9    729 
  24   19     9    714 
  24   20     8    634 
  24   21     3    245 
  24   22     7    532 
  24   23     4    334 
  24   24     6    447 
  24   25     4    330 
  24   26     7    574 
  24   27     4    295 
  24   28     9    680 
  24   29     5    386 
  24   30     6    499 
  24   31     4    296 
  24   32     7    554 
  24   33     3    228 
  24   34     8    647 
  24   35     3    233 
  24   36     7    535 
  24   37     8    656 
  24   38     8    619 
  24   39     3    234 
  25    0     7    535 
  25    1     3    225 
  25    2     2    215 
  25    3     8    613 
  25    4     4    311 
  25    5     7    542 
  25    6     9    718 
  25    7    10    795 
  25    8     4    312 
  25    9     8    620 
  25   10     8    658 
  25   11     8    616 
  25   12     9    694 
  25   13     4    307 
  25   14     9    666 
  25   15     9    676 
  25   16     4    366 
  25   17     6    446 
  25   18     3    281 
  25   19     4    297 
  25   20     7    570 
  25   21     3    231 
  25   22     4    329 
  25   23     7    551 
  25   24     4    339 
  25   25     4    312 
  25   26     4    364 
  25   27     6    461 
  25   28     9    672 
  25   29    10    789 
  25   30     4    309 
  25   31     6    482 
  25   32    10    784 
  25   33     9    671 
  25   34     8    635 
  25   35     3    255 
  25   36     5    435 
  25   37     4    340 
  25   38     2    214 
  25   39     6    464 
  26    0     3    236 
  26    1     4    366 
  26    2     3    264 
  26    3     3    263 
  26    4     3    245 
  26    5     7    567 
  26    6     5    436 
  26    7     6    510 
  26    8     5    402 
  26    9     4    317 
  26   10     4    355 
  26   11     9    664 
  26   12     5    373 
  26   13     8    625 
  26   14     9    683 
  26   15     4    318 
  26   16     4    345 
  26   17     4    334 
  26   18     3    223 
  26   19     3    238 
  26   20     9    676 
  26   21     7    534 
  26   22     4    339 
  26   23     6    503 
  26   24    10    770 
  26   25     7    543 
  26   26     2    211 
  26   27     8    623 
  26   28     3    222 
  26   29     3    251 
  26   30     2    203 
  26   31     9    702 
  26   32     5    417 
  26   33     3    272 
  26   34     6    464 
  26   35     2    213 
  26   36     4    297 
  26   37     4    355 
  26   38     5    397 
  26   39     4    295 
  27    0     5    386 
  27    1     7    537 
  27    2     7    570 
  27    3     5    389 
  27    4     2    201 
  27    5     9    664 
  27    6     9    682 
  27    7     2    211 
  27    8     9    701 
  27    9     3    280 
  27   10     5    384 
  27   11     4    348 
  27   12    10    743 
  27   13     5    385 
  27   14     4    316 
  27   15     6    449 
  27   16    10    752 
  27   17     9    720 
  27   18     2    210 
  27   19     5    412 
  27   20     3    279 
  27   21     9    665 
  27   22     6    474 
  27   23     5    430 
  27   24     8    629 
  27   25     6    453 
  27   26     9    690 
  27   27     2    220 
  27   28     6    469 
  27   29     5    387 
  27   30     4    354 
  27   31     6    451 
  27   32     4    354 
  27   33     7    522 
  27   34     4    340 
  27   35     8    615 
  27   36     7    555 
  27   37     3    225 
  27   38     6    496 
  27   39     9    724 
  28    0     3    251 
  28    1     9    735 
  28    2     5    413 
  28    3     5    434 
  28    4     6    462 
  28    5     8    650 
  28    6     6    502 
  28    7     5    379 
  28    8     6    512 
  28    9     8    644 
  28   10     8    648 
  28   11     7    551 
  28   12     8    656 
  28   13     4    347 
  28   14     8    637 
  28   15     7    539 
  28   16     3    274 
  28   17     6    474 
  28   18     4    301 
  28   19     6    447 
  28   20     9    684 
  28   21     4    304 
  28   22    10    793 
  28   23     6    444 
  28   24     6    512 
  28   25     3    287 
  28   26     3    285 
  28   27     6    514 
  28   28     9    720 
  28   29     3    258 
  28   30     5    406 
  28   31    10    796 
  28   32     9    704 
  28   33    10    765 
  28   34     5    404 
  28   35     3    233 
  28   36     5    405 
  28   37     4    302 
  28   38     5    433 
  28   39     4    339 
  29    0     9    685 
  29    1     4    329 
  29    2     8    606 
  29    3     3    230 
  29    4     6    505 
  29    5     8    597 
  29    6     5    440 
  29    7     9    732 
  29    8     9    728 
  29    9     6    447 
  29   10     5    436 
  29   11     2    202 
  29   12     8    649 
  29   13     7    530 
  29   14     7    562 
  29   15     7    559 
  29   16     4    356 
  29   17    10    786 
  29   18     5    378 
  29   19     7    521 
  29   20     8    657 
  29   21     4    321 
  29   22     6    486 
  29   23     3    239 
  29   24     5    388 
  29   25     9    693 
  29   26     5    425 
  29   27    10    771 
  29   28     7    587 
  29   29     4    328 
  29   30     8    644 
  29   31     7    568 
  29   32     3    277 
  29   33     5    414 
  29   34     8    661 
  29   35     7    530 
  29   36     8    592 
  29   37     6    491 
  29   38     4    312 
  29   39     4    305 
  30    0     7    540 
  30    1     3    222 
  30    2     5    440 
  30    3     5    427 
  30    4     5    376 
  30    5     6    442 
  30    6     5    392 
  30    7     5    414 
  30    8     7    522 
  30    9     3    229 
  30   10     3    282 
  30   11     7    561 
  30   12     9    682 
  30   13     6    498 
  30   14     5    374 
  30   15     7    548 
  30   16     3    239 
  30   17     2    208 
  30   18     3    269 
  30   19     6    448 
  30   20     6    469 
  30   21     7    587 
  30   22     8    602 
  30   23     4    351 
  30   24     4    301 
  30   25     8    651 
  30   26    10    740 
  30   27     6    507 
  30   28    10    785 
  30   29    10    752 
  30   30     3    273 
  30   31     7    575 
  30   32     4    313 
  30   33     7    586 
  30   34    10    780 
  30   35     4    298 
  30   36     3    259 
  30   37    10    773 
  30   38     7    578 
  30   39     6    449 
  31    0     8    619 
  31    1    10    794 
  31    2     6    502 
  31    3     4    336 
  31    4     7    555 
  31    5     9    686 
  31    6     5    390 
  31    7    10    775 
  31    8    10    766 
  31    9     3    229 
  31   10     3    250 
  31   11    10    757 
  31   12     5    441 
  31   13     7    569 
  31   14     6    485 
  31   15     9    735 
  31   16    10    766 
  31   17    10    786 
  31   18     6    461 
  31   19     7    533 
  31   20     5    423 
  31   21    10    792 
  31   22     5    396 
  31   23     5    416 
  31   24     6    487 
  31   25    10    783 
  31   26     6    445 
  31   27     8    595 
  31   28     9    712 
  31   29     4    297 
  31   30     3    294 
  31   31     6    487 
  31   32    10    743 
  31   33     5    426 
  31   34     8    660 
  31   35     3    237 
  31   36     9    681 
  31   37     4    363 
  31   38     9    729 
  31   39     2    217 
  32    0     4    300 
  32    1    10    783 
  32    2     4    349 
  32    3     3    277 
  32    4     4    364 
  32    5     6    499 
  32    6     8    609 
  32    7     7    554 
  32    8     4    367 
  32    9     8    593 
  32   10     4    311 
  32   11     5    419 
  32   12     8    662 
  32   13     5    441 
  32   14     8    605 
  32   15     5    439 
  32   16     7    551 
  32   17     9    712 
  32   18    10    751 
  32   19     9    700 
  32   20     9    731 
  32   21     9    684 
  32   22     9    679 
  32   23     7    522 
  32   24     3    279 
  32   25     5    413 
  32   26     8    589 
  32   27    10    746 
  32   28     3    280 
  32   29     8    651 
  32   30     5    441 
  32   31     6    482 
  32   32     4    324 
  32   33     5    409 
  32   34     3    267 
  32   35     5    369 
  32   36     5    430 
  32   37     5    439 
  32   38    10    794 
  32   39     5    409 
  33    0     9    718 
  33    1     6    443 
  33    2     9    728 
  33    3     9    692 
  33    4     8    643 
  33    5     4    311 
  33    6     9    672 
  33    7     3    270 
  33    8    10    746 
  33    9     3    239 
  33   10     4    301 
  33   11     5    373 
  33   12     2    214 
  33   13    10    757 
  33   14     7    552 
  33   15     7    529 
  33   16     9    667 
  33   17     2    210 
  33   18    10    758 
  33   19     4    318 
  33   20     6    473 
  33   21     6    449 
  33   22     7    567 
  33   23     9    735 
  33   24     6    489 
  33   25     8    645 
  33   26     3    230 
  33   27     4    364 
  33   28     7    588 
  33   29     4    346 
  33   30     9    684 
  33   31     3    230 
  33   32     8    602 
  33   33     5    421 
  33   34     8    639 
  33   35     6    451 
  33   36     5    408 
  33   37     8    595 
  33   38    10    737 
  33   39     9    702 
  34    0     8    650 
  34    1     6    488 
  34    2     9    711 
  34    3     4    323 
  34    4     8    650 
  34    5     9    668 
  34    6     5    382 
  34    7     9    708 
  34    8     6    463 
  34    9     2    215 
  34   10     8    644 
  34   11     6    504 
  34   12     8    595 
  34   13     8    589 
  34   14     5    402 
  34   15     4    359 
  34   16     3    276 
  34   17     4    339 
  34   18    10    756 
  34   19     4    315 
  34   20     3    230 
  34   21     8    621 
  34   22     4    347 
  34   23     6    456 
  34   24     7    519 
  34   25     4    319 
  34   26     5    440 
  34   27     9    692 
  34   28     9    702 
  34   29     5    385 
  34   30    10    790 
  34   31     4    311 
  34   32     4    303 
  34   33     6    460 
  34   34     6    488 
  34   35    10    776 
  34   36     7    536 
  34   37    10    750 
  34   38    10    749 
  34   39     7    561 
  35    0     3    281 
  35    1     2    219 
  35    2     4    360 
  35    3     6    512 
  35    4     4    339 
  35    5     8    595 
  35    6     4    318 
  35    7    10    788 
  35    8     8    597 
  35    9     6    453 
  35   10     7    540 
  35   11     8    596 
  35   12     3    281 
  35   13     8    617 
  35   14     4    300 
  35   15     4    308 
  35   16     7    569 
  35   17     7    531 
  35   18     6    507 
  35   19     9    668 
  35   20     6    481 
  35   21     6    497 
  35   22     9    672 
  35   23     9    670 
  35   24     7    574 
  35   25     4    358 
  35   26     3    291 
  35   27     7    560 
  35   28     3    247 
  35   29     3    291 
  35   30     7    564 
  35   31     6    467 
  35   32     8    596 
  35   33     4    355 
  35   34     7    543 
  35   35     7    584 
  35   36     4    330 
  35   37     5    433 
  35   38    10    795 
  35   39     9    672 
  36    0     6    448 
  36    1    10    772 
  36    2     8    635 
  36    3     3    235 
  36    4     3    248 
  36    5     6    470 
  36    6     7    540 
  36    7     5    407 
  36    8     9    712 
  36    9     3    273 
  36   10     3    279 
  36   11     4    352 
  36   12     7    548 
  36   13     9    675 
  36   14     7    588 
  36   15     7    537 
  36   16     5    388 
  36   17     9    726 
  36   18     5    389 
  36   19     8    627 
  36   20    10    773 
  36   21     7    564 
  36   22     8    652 
  36   23     5    421 
  36   24     4    305 
  36   25     5    412 
  36   26     4    322 
  36   27     5    394 
  36   28     4    349 
  36   29     6    511 
  36   30     8    593 
  36   31     9    708 
  36   32     3    227 
  36   33     6    477 
  36   34     3    265 
  36   35     9    701 
  36   36     7    544 
  36   37     9    731 
  36   38     4    314 
  36   39     5    413 
  37    0     7    562 
  37    1     3    275 
  37    2     8    662 
  37    3     5    379 
  37    4     7    551 
  37    5     6    504 
  37    6     8    598 
  37    7     9    722 
  37    8     5    417 
  37    9     7    587 
  37   10    10    769 
  37   11     7    585 
  37   12     6    485 
  37   13     3    249 
  37   14    10    743 
  37   15     4    355 
  37   16     8    599 
  37   17     7    518 
  37   18     8    607 
  37   19     4    338 
  37   20     3    249 
  37   21     3    243 
  37   22     6    466 
  37   23     4    302 
  37   24     7    537 
  37   25     3    239 
  37   26     6    442 
  37   27     3    261 
  37   28    10    762 
  37   29     9    670 
  37   30     6    465 
  37   31     7    525 
  37   32    10    795 
  37   33     9    664 
  37   34    10    740 
  37   35     3    273 
  37   36     2    206 
  37   37     5    375 
  37   38     7    579 
  37   39    10    764 
  38    0     8    590 
  38    1    10    792 
  38    2     6    457 
  38    3     4    366 
  38    4     6    489 
  38    5     4    328 
  38    6     9    732 
  38    7     9    733 
  38    8     5    438 
  38    9     3    224 
  38   10     6    456 
  38   11     7    586 
  38   12    10    785 
  38   13     8    662 
  38   14     4    334 
  38   15     8    644 
  38   16     5    373 
  38   17    10    777 
  38   18     4    349 
  38   19     7    565 
  38   20     6    515 
  38   21     3    261 
  38   22    10    799 
  38   23     3    271 
  38   24    10    773 
  38   25     9    676 
  38   26     6    462 
  38   27     3    223 
  38   28    10    763 
  38   29     6    499 
  38   30     7    546 
  38   31     6    450 
  38   32    10    748 
  38   33     5    389 
  38   34     3    259 
  38   35     4    331 
  38   36     5    419 
  38   37     9    734 
  38   38     4    308 
  38   39    10    748 
  39    0     2    213 
  39    1     3    256 
  39    2     5    396 
  39    3    10    769 
  39    4     5    383 
  39    5     7    578 
  39    6     3    252 
  39    7     9    718 
  39    8     9    711 
  39    9     9    694 
  39   10     4    325 
  39   11     4    346 
  39   12     5    375 
  39   13     7    574 
  39   14     3    287 
  39   15     4    315 
  39   16     9    684 
  39   17    10    749 
  39   18     9    673 
  39   19     7    559 
  39   20     6    511 
  39   21     5    377 
  39   22     8    597 
  39   23     9    702 
  39   24     4    335 
  39   25     3    253 
  39   26     5    388 
  39   27     8    591 
  39   28     7    581 
  39   29     8    643 
  39   30     6    470 
  39   31     9    732 
  39   32    10    800 
  39   33     6    476 
  39   34     9    674 
  39   35     8    636 
  39   36     3    227 
  39   37     6    445 
  39   38     5    413 
  39   39     4    353 
