 40
 40

    2
   13
   29
   49
   19
    8
   36
   27
   33
    3
    3
   35
   11
    3
   37
   30
    5
   43
   45
   45
   27
    1
    1
   31
   38
    9
   11
   39
   45
    9
   27
   35
    2
   17
   11
   50
   22
   34
   34
   22

   33
   13
    4
   19
    2
    9
   34
   17
   32
   33
   33
   36
   19
    7
   21
    1
    8
   41
   18
   28
   30
   23
   22
    1
    6
   25
    4
   11
   48
   41
   38
   32
   43
    2
   32
   31
   50
   48
   28
   18

   0    0     5    302 
   0    1     7    470 
   0    2    12    737 
   0    3     7    421 
   0    4    11    707 
   0    5    10    618 
   0    6    11    663 
   0    7     8    503 
   0    8    13    792 
   0    9     7    446 
   0   10    11    692 
   0   11     4    263 
   0   12     5    348 
   0   13     7    467 
   0   14     5    336 
   0   15     4    274 
   0   16     9    592 
   0   17    12    770 
   0   18     9    561 
   0   19    13    775 
   0   20     4    241 
   0   21    12    752 
   0   22     5    344 
   0   23     7    463 
   0   24     9    575 
   0   25     5    319 
   0   26     8    517 
   0   27     9    593 
   0   28     5    304 
   0   29     6    377 
   0   30     3    228 
   0   31    13    785 
   0   32    11    696 
   0   33     6    381 
   0   34    12    769 
   0   35     5    318 
   0   36    13    794 
   0   37    12    759 
   0   38    12    720 
   0   39     4    291 
   1    0     7    457 
   1    1     9    544 
   1    2     6    392 
   1    3     5    340 
   1    4     4    265 
   1    5    11    699 
   1    6     8    508 
   1    7    12    745 
   1    8    12    716 
   1    9     5    312 
   1   10     7    433 
   1   11     6    407 
   1   12    11    714 
   1   13    11    659 
   1   14     5    353 
   1   15     5    312 
   1   16     5    323 
   1   17    10    606 
   1   18    10    609 
   1   19    13    800 
   1   20     9    542 
   1   21     5    311 
   1   22     8    497 
   1   23    11    660 
   1   24     3    224 
   1   25     9    555 
   1   26     7    468 
   1   27    12    766 
   1   28     5    306 
   1   29    10    609 
   1   30     6    370 
   1   31     6    404 
   1   32     6    365 
   1   33     9    579 
   1   34     5    327 
   1   35    11    675 
   1   36     4    293 
   1   37     7    435 
   1   38     4    273 
   1   39     3    235 
   2    0     3    226 
   2    1     9    552 
   2    2    11    700 
   2    3     9    543 
   2    4     6    360 
   2    5     3    222 
   2    6     9    552 
   2    7     9    576 
   2    8     8    477 
   2    9     6    413 
   2   10     5    325 
   2   11    12    742 
   2   12     3    230 
   2   13    10    606 
   2   14     6    369 
   2   15    13    775 
   2   16     7    432 
   2   17     5    308 
   2   18    12    746 
   2   19    10    611 
   2   20     6    370 
   2   21     4    256 
   2   22     9    566 
   2   23     8    482 
   2   24    11    692 
   2   25     6    374 
   2   26     4    283 
   2   27    12    744 
   2   28     8    522 
   2   29     7    418 
   2   30    11    677 
   2   31     7    448 
   2   32    12    766 
   2   33    10    601 
   2   34    12    715 
   2   35     7    471 
   2   36    11    696 
   2   37    11    673 
   2   38     6    371 
   2   39     4    257 
   3    0     8    522 
   3    1     6    406 
   3    2     7    424 
   3    3     3    211 
   3    4     5    320 
   3    5     9    561 
   3    6    12    754 
   3    7     8    522 
   3    8     4    286 
   3    9     6    407 
   3   10    10    599 
   3   11     8    525 
   3   12     3    206 
   3   13     8    530 
   3   14     7    474 
   3   15    11    661 
   3   16     9    574 
   3   17     9    547 
   3   18     8    534 
   3   19    11    679 
   3   20     6    388 
   3   21     5    307 
   3   22     7    436 
   3   23     8    501 
   3   24     7    451 
   3   25    12    737 
   3   26    10    633 
   3   27     7    446 
   3   28     3    215 
   3   29     9    587 
   3   30     9    541 
   3   31     5    311 
   3   32     6    395 
   3   33     9    581 
   3   34     6    407 
   3   35     8    536 
   3   36     3    225 
   3   37    12    768 
   3   38     3    232 
   3   39    10    623 
   4    0    11    690 
   4    1    10    635 
   4    2     7    426 
   4    3     4    293 
   4    4     4    271 
   4    5    13    786 
   4    6     4    246 
   4    7     5    317 
   4    8     7    432 
   4    9    12    761 
   4   10     6    380 
   4   11     9    581 
   4   12     8    486 
   4   13    12    764 
   4   14    11    711 
   4   15    10    631 
   4   16     9    543 
   4   17     9    591 
   4   18     8    496 
   4   19     6    379 
   4   20    11    682 
   4   21     7    433 
   4   22    10    607 
   4   23    10    623 
   4   24    12    741 
   4   25     4    267 
   4   26     4    262 
   4   27     5    332 
   4   28     9    571 
   4   29     7    418 
   4   30     7    458 
   4   31    13    779 
   4   32     9    566 
   4   33     7    422 
   4   34     8    513 
   4   35     4    295 
   4   36     6    371 
   4   37     8    490 
   4   38     5    339 
   4   39    13    783 
   5    0     9    538 
   5    1     5    326 
   5    2     8    498 
   5    3     4    292 
   5    4     3    213 
   5    5    11    685 
   5    6     5    304 
   5    7     9    577 
   5    8    10    605 
   5    9     9    593 
   5   10     9    547 
   5   11     3    235 
   5   12     9    548 
   5   13    12    770 
   5   14    12    762 
   5   15    11    685 
   5   16     3    226 
   5   17     4    242 
   5   18    12    753 
   5   19     5    352 
   5   20    11    702 
   5   21     9    570 
   5   22     6    387 
   5   23     8    507 
   5   24     7    436 
   5   25     5    333 
   5   26     7    459 
   5   27    10    653 
   5   28     4    266 
   5   29     6    405 
   5   30     6    390 
   5   31     4    257 
   5   32     5    353 
   5   33     4    259 
   5   34     9    561 
   5   35     4    249 
   5   36    12    720 
   5   37     4    285 
   5   38     7    465 
   5   39     4    289 
   6    0    10    652 
   6    1     3    215 
   6    2    10    629 
   6    3     9    578 
   6    4    10    619 
   6    5    12    759 
   6    6     6    379 
   6    7    12    717 
   6    8    11    656 
   6    9     4    276 
   6   10    13    779 
   6   11     7    432 
   6   12     9    572 
   6   13     4    280 
   6   14     4    244 
   6   15     7    421 
   6   16     5    355 
   6   17     4    266 
   6   18    11    665 
   6   19     4    254 
   6   20    10    609 
   6   21     7    466 
   6   22    11    685 
   6   23     6    383 
   6   24    11    709 
   6   25     5    336 
   6   26     7    446 
   6   27     5    317 
   6   28    12    735 
   6   29     7    471 
   6   30     6    371 
   6   31     7    443 
   6   32     8    495 
   6   33    11    694 
   6   34     7    472 
   6   35    12    737 
   6   36     8    480 
   6   37    13    797 
   6   38    10    652 
   6   39     3    209 
   7    0    10    626 
   7    1     7    438 
   7    2     5    304 
   7    3     6    408 
   7    4     6    399 
   7    5    13    788 
   7    6    10    616 
   7    7     6    398 
   7    8     3    229 
   7    9     5    337 
   7   10     8    504 
   7   11    12    730 
   7   12     3    228 
   7   13     6    385 
   7   14     5    321 
   7   15    10    610 
   7   16    11    712 
   7   17     4    240 
   7   18     8    518 
   7   19     5    328 
   7   20    12    767 
   7   21     6    408 
   7   22     8    499 
   7   23     6    381 
   7   24    11    681 
   7   25     7    452 
   7   26     5    321 
   7   27     6    413 
   7   28     4    267 
   7   29     8    512 
   7   30    11    702 
   7   31     4    291 
   7   32    11    672 
   7   33    11    677 
   7   34    11    695 
   7   35     8    481 
   7   36     5    354 
   7   37    11    704 
   7   38     5    300 
   7   39     7    449 
   8    0    10    645 
   8    1    10    624 
   8    2    12    752 
   8    3    11    708 
   8    4     9    595 
   8    5     4    252 
   8    6     4    273 
   8    7     3    201 
   8    8     3    207 
   8    9     4    240 
   8   10    12    766 
   8   11    12    770 
   8   12    11    675 
   8   13     9    555 
   8   14    12    715 
   8   15     3    203 
   8   16    11    663 
   8   17     9    566 
   8   18    10    596 
   8   19     7    476 
   8   20     7    438 
   8   21    13    795 
   8   22    10    636 
   8   23    13    789 
   8   24     9    576 
   8   25     9    589 
   8   26     8    513 
   8   27     8    482 
   8   28     5    302 
   8   29     8    529 
   8   30     4    258 
   8   31    12    763 
   8   32     3    238 
   8   33     3    220 
   8   34     4    297 
   8   35    10    612 
   8   36    13    786 
   8   37     4    271 
   8   38    10    641 
   8   39     6    376 
   9    0     6    378 
   9    1    12    772 
   9    2     7    442 
   9    3     4    297 
   9    4     5    298 
   9    5     9    571 
   9    6    11    669 
   9    7     8    477 
   9    8     5    345 
   9    9     9    582 
   9   10    12    740 
   9   11     5    332 
   9   12    12    774 
   9   13     3    224 
   9   14     9    579 
   9   15     7    454 
   9   16     8    491 
   9   17     5    329 
   9   18    10    637 
   9   19    10    634 
   9   20     6    370 
   9   21     4    257 
   9   22    10    632 
   9   23     8    482 
   9   24     7    442 
   9   25     9    559 
   9   26     5    315 
   9   27    10    608 
   9   28     7    425 
   9   29    11    714 
   9   30    11    712 
   9   31    12    737 
   9   32     6    400 
   9   33     7    457 
   9   34     8    512 
   9   35    10    623 
   9   36    11    658 
   9   37    13    780 
   9   38     5    342 
   9   39    12    724 
  10    0    10    630 
  10    1     8    524 
  10    2    11    660 
  10    3     9    562 
  10    4     7    433 
  10    5     7    472 
  10    6     7    437 
  10    7     5    309 
  10    8     7    417 
  10    9     9    560 
  10   10     5    320 
  10   11    13    793 
  10   12     5    352 
  10   13     9    570 
  10   14    10    640 
  10   15     7    421 
  10   16     7    449 
  10   17     5    315 
  10   18     6    384 
  10   19     9    542 
  10   20    10    637 
  10   21    12    735 
  10   22     6    388 
  10   23    12    750 
  10   24    13    785 
  10   25     9    538 
  10   26    10    628 
  10   27    12    738 
  10   28     5    347 
  10   29    11    681 
  10   30     6    361 
  10   31     5    332 
  10   32    12    750 
  10   33    11    694 
  10   34     8    491 
  10   35    10    596 
  10   36     6    383 
  10   37     4    271 
  10   38    11    710 
  10   39     5    356 
  11    0     3    205 
  11    1     6    390 
  11    2     8    529 
  11    3     9    576 
  11    4     5    336 
  11    5     6    412 
  11    6     8    512 
  11    7    10    607 
  11    8     7    422 
  11    9    13    784 
  11   10     4    252 
  11   11     4    288 
  11   12     6    376 
  11   13    12    758 
  11   14    13    791 
  11   15     5    326 
  11   16     6    380 
  11   17    11    676 
  11   18    11    669 
  11   19     3    234 
  11   20     5    318 
  11   21     3    205 
  11   22     8    506 
  11   23     5    336 
  11   24     5    335 
  11   25    11    697 
  11   26     9    540 
  11   27     7    436 
  11   28     5    317 
  11   29     4    271 
  11   30    13    794 
  11   31    12    727 
  11   32    11    675 
  11   33     5    346 
  11   34    10    603 
  11   35     3    202 
  11   36     6    361 
  11   37     5    331 
  11   38     8    498 
  11   39    11    702 
  12    0    11    689 
  12    1    13    795 
  12    2     3    213 
  12    3    10    604 
  12    4     6    411 
  12    5     7    433 
  12    6    12    764 
  12    7    12    731 
  12    8     3    229 
  12    9    13    780 
  12   10     5    350 
  12   11     8    530 
  12   12     5    299 
  12   13     3    205 
  12   14    10    604 
  12   15     7    433 
  12   16    11    695 
  12   17     6    383 
  12   18     7    427 
  12   19    12    737 
  12   20     4    243 
  12   21     9    585 
  12   22     6    413 
  12   23     8    533 
  12   24     6    405 
  12   25     5    319 
  12   26    11    709 
  12   27     7    460 
  12   28    12    731 
  12   29     5    338 
  12   30     4    288 
  12   31    12    755 
  12   32     8    480 
  12   33    10    624 
  12   34     7    418 
  12   35    13    787 
  12   36     4    256 
  12   37     6    363 
  12   38    10    629 
  12   39    11    698 
  13    0    10    626 
  13    1     6    402 
  13    2     4    266 
  13    3    11    666 
  13    4    10    598 
  13    5    12    764 
  13    6     8    526 
  13    7     8    478 
  13    8     8    502 
  13    9     7    454 
  13   10     4    263 
  13   11    10    608 
  13   12    11    701 
  13   13     8    502 
  13   14     3    227 
  13   15     3    215 
  13   16     8    488 
  13   17    11    701 
  13   18     9    590 
  13   19     7    418 
  13   20     9    555 
  13   21     9    561 
  13   22     3    218 
  13   23    11    713 
  13   24     6    369 
  13   25     8    478 
  13   26     5    331 
  13   27    12    729 
  13   28    10    608 
  13   29     5    324 
  13   30    13    779 
  13   31     5    313 
  13   32    12    744 
  13   33     3    207 
  13   34     8    532 
  13   35     4    253 
  13   36     5    299 
  13   37     3    226 
  13   38    13    786 
  13   39     8    507 
  14    0    11    684 
  14    1     5    340 
  14    2    11    671 
  14    3    12    728 
  14    4    12    715 
  14    5     5    314 
  14    6     6    362 
  14    7     7    423 
  14    8     5    321 
  14    9     6    360 
  14   10    13    788 
  14   11     4    287 
  14   12     6    385 
  14   13     9    591 
  14   14     6    408 
  14   15     6    387 
  14   16     6    405 
  14   17    13    788 
  14   18    13    795 
  14   19    10    637 
  14   20     5    342 
  14   21     3    210 
  14   22     7    476 
  14   23     7    448 
  14   24     8    519 
  14   25     8    500 
  14   26    10    603 
  14   27     7    445 
  14   28     3    215 
  14   29     5    342 
  14   30     7    453 
  14   31     6    396 
  14   32     7    470 
  14   33     4    267 
  14   34     5    331 
  14   35     3    230 
  14   36     3    209 
  14   37    11    691 
  14   38    11    678 
  14   39    11    706 
  15    0    10    641 
  15    1     7    444 
  15    2     4    244 
  15    3     5    330 
  15    4    12    747 
  15    5     6    394 
  15    6     6    368 
  15    7     5    320 
  15    8     3    205 
  15    9    12    740 
  15   10    13    788 
  15   11    12    715 
  15   12     6    370 
  15   13     9    579 
  15   14     8    488 
  15   15     9    586 
  15   16    10    598 
  15   17     5    349 
  15   18     7    422 
  15   19     9    591 
  15   20     9    592 
  15   21     3    209 
  15   22     7    446 
  15   23     7    466 
  15   24     7    432 
  15   25     7    446 
  15   26     9    558 
  15   27     6    389 
  15   28     9    543 
  15   29     5    304 
  15   30     8    502 
  15   31     8    534 
  15   32     3    202 
  15   33     4    287 
  15   34     8    505 
  15   35    13    783 
  15   36     5    349 
  15   37     5    342 
  15   38     5    304 
  15   39    10    635 
  16    0     6    405 
  16    1     5    343 
  16    2    10    638 
  16    3     9    591 
  16    4     6    414 
  16    5     4    277 
  16    6     7    452 
  16    7     7    419 
  16    8     4    249 
  16    9     8    501 
  16   10     7    420 
  16   11    11    662 
  16   12     7    425 
  16   13     9    558 
  16   14     3    209 
  16   15     5    328 
  16   16     5    334 
  16   17    11    708 
  16   18     7    461 
  16   19     6    388 
  16   20    10    654 
  16   21     4    262 
  16   22    11    667 
  16   23    11    682 
  16   24     9    587 
  16   25     5    328 
  16   26     5    311 
  16   27    12    731 
  16   28     9    564 
  16   29     4    294 
  16   30     7    442 
  16   31     6    408 
  16   32     8    523 
  16   33     7    425 
  16   34    10    614 
  16   35     8    491 
  16   36    12    770 
  16   37    10    642 
  16   38    10    651 
  16   39     6    368 
  17    0    10    651 
  17    1     3    202 
  17    2    10    629 
  17    3     5    319 
  17    4    12    750 
  17    5    11    665 
  17    6    12    773 
  17    7     5    325 
  17    8     6    416 
  17    9    13    791 
  17   10     3    212 
  17   11    10    609 
  17   12     6    374 
  17   13     5    303 
  17   14     5    304 
  17   15     5    330 
  17   16     8    481 
  17   17    11    656 
  17   18     6    382 
  17   19     7    458 
  17   20     5    342 
  17   21     7    460 
  17   22    12    764 
  17   23     6    385 
  17   24     8    529 
  17   25     9    573 
  17   26     4    244 
  17   27     5    355 
  17   28     7    463 
  17   29     6    385 
  17   30     3    234 
  17   31    12    721 
  17   32    11    714 
  17   33     6    381 
  17   34    11    705 
  17   35     7    446 
  17   36     8    521 
  17   37     3    211 
  17   38    12    758 
  17   39    11    694 
  18    0     6    374 
  18    1    11    704 
  18    2     8    525 
  18    3     9    546 
  18    4     6    401 
  18    5     9    543 
  18    6    10    648 
  18    7     9    589 
  18    8     3    223 
  18    9    11    663 
  18   10    12    750 
  18   11     3    222 
  18   12     6    416 
  18   13     9    566 
  18   14     6    382 
  18   15     4    240 
  18   16     8    524 
  18   17     9    594 
  18   18    12    773 
  18   19    12    745 
  18   20     5    349 
  18   21     6    398 
  18   22    12    747 
  18   23     7    434 
  18   24     6    374 
  18   25    12    723 
  18   26    12    741 
  18   27     7    436 
  18   28    12    732 
  18   29    12    743 
  18   30     6    395 
  18   31     5    311 
  18   32    11    667 
  18   33    11    681 
  18   34    13    800 
  18   35    10    606 
  18   36     7    469 
  18   37     4    270 
  18   38    10    602 
  18   39    10    635 
  19    0     3    233 
  19    1    10    614 
  19    2     7    447 
  19    3     5    329 
  19    4     9    555 
  19    5     7    429 
  19    6     9    593 
  19    7     7    456 
  19    8    12    723 
  19    9     9    543 
  19   10    10    642 
  19   11    11    708 
  19   12     4    296 
  19   13    12    773 
  19   14     3    228 
  19   15    11    707 
  19   16     4    275 
  19   17     4    247 
  19   18     8    484 
  19   19     4    283 
  19   20     4    268 
  19   21    10    607 
  19   22     8    507 
  19   23     9    583 
  19   24     6    373 
  19   25     9    569 
  19   26     4    294 
  19   27     5    302 
  19   28     5    320 
  19   29    10    643 
  19   30     5    315 
  19   31     6    399 
  19   32     8    492 
  19   33     6    397 
  19   34     8    506 
  19   35    13    799 
  19   36     8    533 
  19   37     8    501 
  19   38    10    598 
  19   39    12    729 
  20    0     8    533 
  20    1     6    379 
  20    2     4    296 
  20    3     8    517 
  20    4     8    493 
  20    5    13    778 
  20    6    10    649 
  20    7     8    491 
  20    8    10    598 
  20    9     9    593 
  20   10     7    453 
  20   11     4    292 
  20   12    11    683 
  20   13    10    641 
  20   14     8    499 
  20   15    12    724 
  20   16    12    770 
  20   17     7    467 
  20   18    10    612 
  20   19     5    353 
  20   20     4    274 
  20   21     4    241 
  20   22     4    267 
  20   23     4    284 
  20   24     8    491 
  20   25     7    432 
  20   26     5    335 
  20   27     7    420 
  20   28    11    679 
  20   29     7    464 
  20   30     4    267 
  20   31     5    336 
  20   32    12    726 
  20   33     5    337 
  20   34    10    642 
  20   35     7    442 
  20   36     8    479 
  20   37    11    660 
  20   38     7    424 
  20   39    12    749 
  21    0     7    430 
  21    1    11    674 
  21    2    12    771 
  21    3    13    793 
  21    4    13    791 
  21    5     9    546 
  21    6     7    421 
  21    7     6    389 
  21    8     9    583 
  21    9    12    718 
  21   10     3    213 
  21   11     9    584 
  21   12     4    291 
  21   13     6    402 
  21   14    12    722 
  21   15     4    243 
  21   16    12    716 
  21   17    12    756 
  21   18    12    741 
  21   19     7    436 
  21   20     6    411 
  21   21    11    692 
  21   22     7    429 
  21   23     8    512 
  21   24     6    379 
  21   25     9    555 
  21   26     7    435 
  21   27     8    494 
  21   28    11    659 
  21   29     7    467 
  21   30    11    699 
  21   31     7    427 
  21   32     8    509 
  21   33     8    481 
  21   34     4    243 
  21   35     5    311 
  21   36     4    274 
  21   37     7    424 
  21   38     5    341 
  21   39     4    276 
  22    0     7    444 
  22    1    11    684 
  22    2     8    503 
  22    3     9    558 
  22    4     5    336 
  22    5     7    461 
  22    6     7    445 
  22    7    11    700 
  22    8     5    302 
  22    9    12    769 
  22   10     6    359 
  22   11     4    258 
  22   12     5    303 
  22   13    11    704 
  22   14    12    731 
  22   15     4    242 
  22   16     8    482 
  22   17     3    220 
  22   18    11    697 
  22   19     5    337 
  22   20     3    217 
  22   21     5    311 
  22   22     5    314 
  22   23    13    800 
  22   24     7    455 
  22   25     9    568 
  22   26     9    593 
  22   27     6    373 
  22   28     5    310 
  22   29    12    759 
  22   30     6    395 
  22   31     6    377 
  22   32     3    212 
  22   33     4    262 
  22   34     5    341 
  22   35    12    726 
  22   36    10    612 
  22   37    12    732 
  22   38     6    390 
  22   39    12    720 
  23    0    10    609 
  23    1     6    376 
  23    2     6    399 
  23    3     9    554 
  23    4     5    305 
  23    5    12    715 
  23    6     9    574 
  23    7     8    498 
  23    8    10    646 
  23    9     9    540 
  23   10     4    247 
  23   11    10    605 
  23   12     6    404 
  23   13    11    709 
  23   14     8    506 
  23   15     4    262 
  23   16    10    650 
  23   17     4    245 
  23   18     7    430 
  23   19    12    731 
  23   20     9    539 
  23   21     4    289 
  23   22     8    479 
  23   23     3    211 
  23   24     8    477 
  23   25     8    482 
  23   26     5    307 
  23   27     5    334 
  23   28     6    414 
  23   29    11    705 
  23   30    10    610 
  23   31     7    435 
  23   32     6    414 
  23   33     5    355 
  23   34    12    757 
  23   35     7    443 
  23   36    10    635 
  23   37     7    450 
  23   38    10    633 
  23   39     4    262 
  24    0     5    330 
  24    1     9    591 
  24    2    13    793 
  24    3    11    700 
  24    4    11    676 
  24    5    12    750 
  24    6    13    777 
  24    7     6    370 
  24    8     6    358 
  24    9     8    532 
  24   10     5    337 
  24   11     8    530 
  24   12     4    265 
  24   13     9    592 
  24   14     8    506 
  24   15     6    366 
  24   16     7    428 
  24   17     8    532 
  24   18     9    550 
  24   19     7    456 
  24   20     8    507 
  24   21     4    272 
  24   22    11    658 
  24   23     7    446 
  24   24    11    694 
  24   25     8    479 
  24   26    10    641 
  24   27    10    615 
  24   28    10    601 
  24   29     9    590 
  24   30     6    397 
  24   31     4    241 
  24   32     9    590 
  24   33     8    534 
  24   34    11    669 
  24   35    10    650 
  24   36    11    699 
  24   37    13    789 
  24   38     6    387 
  24   39     7    457 
  25    0     8    493 
  25    1     4    266 
  25    2     9    552 
  25    3     7    459 
  25    4     4    262 
  25    5     5    301 
  25    6    12    771 
  25    7     6    412 
  25    8     9    587 
  25    9    11    682 
  25   10     9    563 
  25   11    11    675 
  25   12    12    742 
  25   13     9    591 
  25   14     6    391 
  25   15     5    309 
  25   16     7    473 
  25   17     8    478 
  25   18     5    351 
  25   19     3    214 
  25   20    11    664 
  25   21     6    414 
  25   22    10    604 
  25   23     5    327 
  25   24     8    503 
  25   25     3    201 
  25   26     7    470 
  25   27    13    794 
  25   28     7    461 
  25   29    11    697 
  25   30     7    443 
  25   31     9    588 
  25   32     9    591 
  25   33     6    359 
  25   34     4    258 
  25   35     9    575 
  25   36     6    393 
  25   37     8    517 
  25   38    11    675 
  25   39     5    333 
  26    0     6    412 
  26    1     5    299 
  26    2     9    584 
  26    3     9    571 
  26    4    10    614 
  26    5     3    220 
  26    6     5    335 
  26    7    10    622 
  26    8     6    399 
  26    9    10    618 
  26   10    11    699 
  26   11     3    238 
  26   12     5    351 
  26   13    13    782 
  26   14     9    571 
  26   15     5    337 
  26   16     8    482 
  26   17     4    243 
  26   18    12    732 
  26   19     4    270 
  26   20     8    502 
  26   21     7    436 
  26   22     4    266 
  26   23     7    432 
  26   24     4    295 
  26   25    12    715 
  26   26    10    642 
  26   27     6    362 
  26   28     7    475 
  26   29    11    656 
  26   30     4    287 
  26   31    10    609 
  26   32    11    673 
  26   33    12    747 
  26   34     8    478 
  26   35    11    666 
  26   36    13    793 
  26   37     8    496 
  26   38     7    463 
  26   39    11    676 
  27    0    10    627 
  27    1    13    782 
  27    2     4    268 
  27    3    12    771 
  27    4    11    682 
  27    5     3    238 
  27    6     3    235 
  27    7     8    499 
  27    8    12    764 
  27    9    10    647 
  27   10     5    338 
  27   11     5    327 
  27   12     7    452 
  27   13    10    603 
  27   14     7    450 
  27   15    11    678 
  27   16     4    274 
  27   17    10    624 
  27   18     7    428 
  27   19     3    213 
  27   20     5    303 
  27   21     8    482 
  27   22    10    639 
  27   23    11    673 
  27   24     7    445 
  27   25     5    318 
  27   26    10    601 
  27   27     9    537 
  27   28     7    445 
  27   29    12    730 
  27   30    13    789 
  27   31    13    777 
  27   32     8    535 
  27   33     8    500 
  27   34     9    560 
  27   35     6    402 
  27   36     9    541 
  27   37    11    709 
  27   38     7    462 
  27   39     5    338 
  28    0     8    491 
  28    1     7    442 
  28    2    13    800 
  28    3    12    726 
  28    4    13    783 
  28    5     7    425 
  28    6     7    458 
  28    7    11    676 
  28    8     7    417 
  28    9     7    458 
  28   10     9    577 
  28   11     3    235 
  28   12     4    251 
  28   13     8    505 
  28   14    11    686 
  28   15    11    713 
  28   16    12    741 
  28   17     9    584 
  28   18    10    619 
  28   19    12    728 
  28   20    13    800 
  28   21     5    324 
  28   22    12    770 
  28   23     8    528 
  28   24     3    236 
  28   25     7    437 
  28   26     4    247 
  28   27    12    753 
  28   28     4    278 
  28   29    10    606 
  28   30     6    416 
  28   31     7    421 
  28   32     7    432 
  28   33    11    682 
  28   34     3    226 
  28   35     6    363 
  28   36     7    455 
  28   37    11    706 
  28   38     5    345 
  28   39     4    251 
  29    0     7    461 
  29    1     9    547 
  29    2    13    789 
  29    3     8    532 
  29    4     6    360 
  29    5    10    643 
  29    6    10    633 
  29    7     7    473 
  29    8     9    595 
  29    9     9    591 
  29   10    11    660 
  29   11     9    552 
  29   12    10    638 
  29   13     4    284 
  29   14     8    511 
  29   15     4    284 
  29   16     4    241 
  29   17     9    591 
  29   18    10    630 
  29   19    12    725 
  29   20     8    511 
  29   21     3    234 
  29   22     8    479 
  29   23     4    267 
  29   24     9    576 
  29   25     4    262 
  29   26     3    217 
  29   27     8    485 
  29   28     8    499 
  29   29     3    224 
  29   30     4    261 
  29   31     4    294 
  29   32     8    514 
  29   33     4    268 
  29   34     5    337 
  29   35     5    345 
  29   36    10    648 
  29   37     6    358 
  29   38    12    726 
  29   39     7    452 
  30    0     6    377 
  30    1     4    258 
  30    2    13    793 
  30    3     3    234 
  30    4     8    522 
  30    5     8    478 
  30    6     7    472 
  30    7     9    558 
  30    8    10    622 
  30    9     9    577 
  30   10     8    496 
  30   11     7    446 
  30   12    11    660 
  30   13     9    560 
  30   14    12    764 
  30   15    12    755 
  30   16    12    760 
  30   17     6    415 
  30   18    12    745 
  30   19    10    611 
  30   20    12    721 
  30   21     9    538 
  30   22     6    376 
  30   23     5    335 
  30   24     9    558 
  30   25    11    704 
  30   26     8    525 
  30   27     6    375 
  30   28    12    773 
  30   29    11    663 
  30   30     6    395 
  30   31    12    730 
  30   32     4    254 
  30   33     5    329 
  30   34     5    346 
  30   35     5    340 
  30   36    11    706 
  30   37     9    551 
  30   38     4    270 
  30   39     8    501 
  31    0     5    330 
  31    1     4    285 
  31    2    10    608 
  31    3     5    355 
  31    4    11    673 
  31    5     4    265 
  31    6     4    250 
  31    7     4    251 
  31    8     5    304 
  31    9    13    791 
  31   10     3    234 
  31   11     8    522 
  31   12     5    307 
  31   13     4    293 
  31   14     5    330 
  31   15     6    376 
  31   16    11    659 
  31   17     8    498 
  31   18     7    428 
  31   19     8    486 
  31   20    11    711 
  31   21     4    255 
  31   22     9    576 
  31   23    10    627 
  31   24     3    214 
  31   25     9    590 
  31   26    10    651 
  31   27     8    519 
  31   28     8    507 
  31   29     9    549 
  31   30     7    427 
  31   31    10    647 
  31   32     4    256 
  31   33     6    400 
  31   34    12    756 
  31   35    10    604 
  31   36     8    503 
  31   37     8    498 
  31   38     6    367 
  31   39     9    544 
  32    0    13    779 
  32    1    11    687 
  32    2     9    547 
  32    3     5    334 
  32    4     8    484 
  32    5    10    626 
  32    6     6    378 
  32    7     9    570 
  32    8    12    730 
  32    9     5    314 
  32   10     8    494 
  32   11     8    515 
  32   12     6    392 
  32   13     5    356 
  32   14    12    760 
  32   15     3    218 
  32   16    11    694 
  32   17     7    447 
  32   18     4    263 
  32   19     7    441 
  32   20    11    685 
  32   21    10    613 
  32   22    10    648 
  32   23     8    486 
  32   24     3    226 
  32   25    10    650 
  32   26    10    614 
  32   27    12    741 
  32   28    10    655 
  32   29    11    693 
  32   30    13    786 
  32   31     5    312 
  32   32     9    548 
  32   33     8    533 
  32   34    12    771 
  32   35     8    477 
  32   36    11    681 
  32   37    11    675 
  32   38     4    249 
  32   39    10    626 
  33    0     8    481 
  33    1     7    460 
  33    2     3    228 
  33    3     5    323 
  33    4     4    297 
  33    5    12    732 
  33    6    13    796 
  33    7     6    364 
  33    8    12    725 
  33    9     7    442 
  33   10     5    316 
  33   11     5    354 
  33   12     3    201 
  33   13     5    340 
  33   14     6    395 
  33   15     9    574 
  33   16    13    775 
  33   17     6    410 
  33   18    10    635 
  33   19     5    312 
  33   20     6    413 
  33   21    11    662 
  33   22    10    619 
  33   23    12    765 
  33   24     9    539 
  33   25     6    407 
  33   26     8    505 
  33   27    12    753 
  33   28     9    594 
  33   29     3    216 
  33   30     5    313 
  33   31    12    724 
  33   32     6    385 
  33   33     9    553 
  33   34     8    480 
  33   35     6    370 
  33   36     5    314 
  33   37    10    640 
  33   38     4    263 
  33   39     4    247 
  34    0     6    390 
  34    1    12    761 
  34    2    10    626 
  34    3     4    267 
  34    4     6    401 
  34    5    10    624 
  34    6     5    322 
  34    7     6    396 
  34    8    12    743 
  34    9    13    792 
  34   10    10    608 
  34   11    12    718 
  34   12     9    554 
  34   13    10    622 
  34   14     3    224 
  34   15     4    289 
  34   16     9    562 
  34   17     4    290 
  34   18     6    413 
  34   19    12    725 
  34   20    13    788 
  34   21    11    656 
  34   22     6    360 
  34   23    10    622 
  34   24    11    682 
  34   25    12    769 
  34   26     8    529 
  34   27     4    253 
  34   28     4    282 
  34   29    10    626 
  34   30     5    327 
  34   31     7    463 
  34   32     7    454 
  34   33     5    323 
  34   34     5    325 
  34   35    12    761 
  34   36     7    465 
  34   37     5    356 
  34   38    10    607 
  34   39     8    533 
  35    0     5    337 
  35    1     6    408 
  35    2     8    500 
  35    3     5    326 
  35    4     4    293 
  35    5     4    250 
  35    6    10    634 
  35    7     7    433 
  35    8     4    274 
  35    9    12    728 
  35   10     7    472 
  35   11     8    532 
  35   12     9    573 
  35   13    12    748 
  35   14     9    589 
  35   15    13    780 
  35   16     4    287 
  35   17     5    327 
  35   18     7    426 
  35   19    12    741 
  35   20    10    619 
  35   21     6    415 
  35   22     5    341 
  35   23    13    792 
  35   24     5    328 
  35   25    11    668 
  35   26     9    549 
  35   27    10    641 
  35   28     7    466 
  35   29     4    294 
  35   30    13    791 
  35   31     8    492 
  35   32    12    733 
  35   33     9    549 
  35   34     7    449 
  35   35     8    532 
  35   36    10    625 
  35   37     8    516 
  35   38    13    779 
  35   39     8    493 
  36    0    10    645 
  36    1     6    368 
  36    2     9    570 
  36    3    10    621 
  36    4     7    473 
  36    5     9    564 
  36    6     4    275 
  36    7     6    380 
  36    8     4    288 
  36    9     7    446 
  36   10     7    423 
  36   11     9    540 
  36   12     8    495 
  36   13    12    735 
  36   14     6    358 
  36   15    10    652 
  36   16     7    449 
  36   17     4    295 
  36   18     8    515 
  36   19     3    225 
  36   20    12    744 
  36   21    11    686 
  36   22     9    537 
  36   23     4    275 
  36   24     4    264 
  36   25     5    323 
  36   26     3    221 
  36   27    10    642 
  36   28    12    723 
  36   29     6    391 
  36   30     4    289 
  36   31     3    237 
  36   32     5    349 
  36   33     8    533 
  36   34     7    459 
  36   35     4    265 
  36   36    11    671 
  36   37     4    240 
  36   38     4    279 
  36   39     3    220 
  37    0     7    446 
  37    1     3    212 
  37    2     6    402 
  37    3    12    757 
  37    4    10    600 
  37    5     9    572 
  37    6     7    445 
  37    7     7    473 
  37    8     7    474 
  37    9     5    325 
  37   10     8    533 
  37   11    12    717 
  37   12    12    732 
  37   13     5    352 
  37   14     6    416 
  37   15     5    329 
  37   16     6    378 
  37   17     4    258 
  37   18     6    383 
  37   19     4    246 
  37   20    10    653 
  37   21     6    395 
  37   22     5    299 
  37   23    13    789 
  37   24     5    312 
  37   25    10    653 
  37   26    12    716 
  37   27     8    536 
  37   28    11    707 
  37   29    10    602 
  37   30     5    307 
  37   31    11    679 
  37   32     4    289 
  37   33     7    422 
  37   34     6    389 
  37   35    11    694 
  37   36     5    322 
  37   37     8    522 
  37   38     7    430 
  37   39     4    243 
  38    0    12    769 
  38    1     9    581 
  38    2     3    223 
  38    3     5    341 
  38    4     6    384 
  38    5    10    634 
  38    6     7    442 
  38    7     5    337 
  38    8     3    229 
  38    9     4    242 
  38   10    13    791 
  38   11     7    475 
  38   12     6    405 
  38   13     4    282 
  38   14     3    215 
  38   15    11    709 
  38   16     6    369 
  38   17     6    402 
  38   18     4    293 
  38   19    12    731 
  38   20     6    409 
  38   21     7    447 
  38   22     6    393 
  38   23     3    200 
  38   24    11    712 
  38   25    10    629 
  38   26    11    666 
  38   27     9    593 
  38   28     5    309 
  38   29    10    641 
  38   30     8    495 
  38   31    12    729 
  38   32    10    635 
  38   33     9    590 
  38   34     4    294 
  38   35    11    664 
  38   36     9    581 
  38   37     8    507 
  38   38     6    383 
  38   39     8    481 
  39    0    10    622 
  39    1    11    670 
  39    2     4    270 
  39    3     6    368 
  39    4     9    578 
  39    5     7    437 
  39    6     6    372 
  39    7     9    545 
  39    8    13    776 
  39    9     9    564 
  39   10    12    771 
  39   11     7    428 
  39   12     7    474 
  39   13    13    783 
  39   14     5    356 
  39   15    10    648 
  39   16     5    314 
  39   17     4    293 
  39   18    12    747 
  39   19    11    667 
  39   20    13    795 
  39   21    13    786 
  39   22     8    529 
  39   23    12    765 
  39   24    11    685 
  39   25    10    643 
  39   26     7    457 
  39   27     3    221 
  39   28     5    347 
  39   29     9    577 
  39   30     6    369 
  39   31     7    468 
  39   32    11    667 
  39   33    11    696 
  39   34     4    278 
  39   35     7    450 
  39   36     3    232 
  39   37     7    452 
  39   38     9    577 
  39   39    11    709 
