 40
 40

   23
   33
    6
   10
    4
   36
   31
   32
   20
   39
   17
   40
   18
   32
   29
   38
    6
   47
   46
   36
    5
   16
   18
   35
   18
   47
   43
   13
   36
   23
   30
   10
   42
   25
   40
    4
    3
   47
   23
   33

   19
   11
   12
   44
   26
   45
   35
    7
   47
   47
   43
   20
   26
   45
   18
   43
   31
   34
   17
   12
   15
    9
   22
   17
   19
   39
   33
    6
    3
    4
   35
   14
   50
   12
   41
   16
   36
   45
   23
   33

   0    0     8    591 
   0    1     8    557 
   0    2     9    611 
   0    3     8    564 
   0    4     3    234 
   0    5     6    443 
   0    6     3    263 
   0    7     8    554 
   0    8     5    363 
   0    9    10    676 
   0   10     9    659 
   0   11     6    405 
   0   12    10    670 
   0   13     8    567 
   0   14     9    645 
   0   15     5    353 
   0   16    10    673 
   0   17     5    365 
   0   18    10    691 
   0   19    11    745 
   0   20    10    731 
   0   21     8    556 
   0   22     4    311 
   0   23     8    558 
   0   24     4    324 
   0   25     8    597 
   0   26     3    247 
   0   27     9    650 
   0   28    10    724 
   0   29     6    421 
   0   30     4    292 
   0   31     4    321 
   0   32     8    593 
   0   33     3    232 
   0   34     5    353 
   0   35     4    267 
   0   36     6    424 
   0   37     7    468 
   0   38     7    467 
   0   39     5    340 
   1    0     8    568 
   1    1     6    452 
   1    2     7    506 
   1    3     3    263 
   1    4     3    214 
   1    5     9    626 
   1    6    10    686 
   1    7     9    621 
   1    8    10    696 
   1    9     7    499 
   1   10     6    420 
   1   11     5    367 
   1   12     3    238 
   1   13     5    396 
   1   14     9    621 
   1   15    11    800 
   1   16     5    386 
   1   17     9    655 
   1   18     9    605 
   1   19    10    712 
   1   20    11    795 
   1   21     9    644 
   1   22     5    350 
   1   23     9    612 
   1   24     6    446 
   1   25    10    716 
   1   26     8    590 
   1   27    10    729 
   1   28     9    622 
   1   29     5    357 
   1   30     8    554 
   1   31     8    562 
   1   32    10    671 
   1   33    10    707 
   1   34     7    488 
   1   35     3    233 
   1   36    10    693 
   1   37     9    612 
   1   38     3    223 
   1   39     6    421 
   2    0     4    333 
   2    1     5    367 
   2    2     3    227 
   2    3     4    269 
   2    4     6    450 
   2    5    11    742 
   2    6     3    237 
   2    7     3    252 
   2    8     9    619 
   2    9    10    709 
   2   10     9    605 
   2   11     4    293 
   2   12    11    757 
   2   13     9    654 
   2   14    11    761 
   2   15     7    514 
   2   16     5    400 
   2   17     9    643 
   2   18     5    383 
   2   19     5    336 
   2   20     4    275 
   2   21     9    631 
   2   22     7    512 
   2   23     6    405 
   2   24     7    516 
   2   25     3    201 
   2   26     7    496 
   2   27     5    365 
   2   28     8    565 
   2   29    11    746 
   2   30    11    748 
   2   31     6    438 
   2   32     3    262 
   2   33    10    696 
   2   34     5    352 
   2   35     5    398 
   2   36    10    681 
   2   37    10    719 
   2   38    10    703 
   2   39     9    615 
   3    0     3    220 
   3    1     4    276 
   3    2     4    272 
   3    3     3    243 
   3    4     8    581 
   3    5     9    604 
   3    6     4    267 
   3    7     6    404 
   3    8     9    643 
   3    9    11    793 
   3   10     3    263 
   3   11     8    594 
   3   12     5    390 
   3   13     7    480 
   3   14     6    466 
   3   15     7    478 
   3   16    11    746 
   3   17     5    383 
   3   18    10    716 
   3   19     7    482 
   3   20    10    712 
   3   21     7    515 
   3   22     3    255 
   3   23     5    400 
   3   24     6    444 
   3   25    11    745 
   3   26    10    699 
   3   27    11    789 
   3   28     8    599 
   3   29    11    781 
   3   30    10    723 
   3   31     3    229 
   3   32    10    680 
   3   33    10    674 
   3   34     3    239 
   3   35     8    561 
   3   36     4    306 
   3   37     3    230 
   3   38     9    665 
   3   39     4    279 
   4    0     9    653 
   4    1     5    397 
   4    2     6    424 
   4    3     5    382 
   4    4    11    789 
   4    5     6    447 
   4    6    10    676 
   4    7    11    746 
   4    8    10    692 
   4    9     9    637 
   4   10     5    396 
   4   11     7    499 
   4   12     8    596 
   4   13    11    765 
   4   14     3    222 
   4   15     8    597 
   4   16     7    471 
   4   17     5    375 
   4   18     8    552 
   4   19     9    653 
   4   20     3    234 
   4   21     5    361 
   4   22     4    283 
   4   23     5    347 
   4   24     9    658 
   4   25     3    214 
   4   26     7    489 
   4   27    11    763 
   4   28     4    279 
   4   29     8    600 
   4   30     9    625 
   4   31     5    381 
   4   32    10    679 
   4   33     3    229 
   4   34     6    440 
   4   35     6    445 
   4   36     7    477 
   4   37     9    632 
   4   38     4    281 
   4   39    11    770 
   5    0     7    486 
   5    1     9    632 
   5    2     4    281 
   5    3     5    391 
   5    4     9    609 
   5    5    10    720 
   5    6     9    664 
   5    7     9    625 
   5    8    10    679 
   5    9    10    672 
   5   10     5    374 
   5   11     3    207 
   5   12     3    230 
   5   13     8    539 
   5   14     6    422 
   5   15     9    663 
   5   16     3    244 
   5   17     3    263 
   5   18     5    382 
   5   19    11    740 
   5   20     9    628 
   5   21     8    557 
   5   22     5    389 
   5   23     8    572 
   5   24     4    314 
   5   25    11    776 
   5   26     6    464 
   5   27     6    444 
   5   28     4    279 
   5   29    10    715 
   5   30     5    387 
   5   31    10    670 
   5   32    11    749 
   5   33     9    662 
   5   34    11    752 
   5   35     3    254 
   5   36     8    562 
   5   37     9    620 
   5   38     8    586 
   5   39     9    612 
   6    0     6    461 
   6    1     4    292 
   6    2     9    609 
   6    3     9    644 
   6    4     6    418 
   6    5    11    743 
   6    6    11    771 
   6    7     7    521 
   6    8     9    614 
   6    9     5    358 
   6   10     6    461 
   6   11     6    447 
   6   12     4    296 
   6   13     4    274 
   6   14    10    675 
   6   15     5    361 
   6   16     7    497 
   6   17    10    716 
   6   18     8    600 
   6   19    10    702 
   6   20     7    491 
   6   21    11    791 
   6   22    10    695 
   6   23     3    210 
   6   24     3    210 
   6   25     6    447 
   6   26    10    682 
   6   27     8    559 
   6   28     9    650 
   6   29     8    600 
   6   30     4    275 
   6   31     4    333 
   6   32     4    269 
   6   33     9    657 
   6   34     6    423 
   6   35     3    216 
   6   36     5    356 
   6   37     8    586 
   6   38     7    522 
   6   39     5    398 
   7    0     6    457 
   7    1     5    348 
   7    2     9    618 
   7    3     3    244 
   7    4    10    704 
   7    5     6    422 
   7    6    11    766 
   7    7    10    677 
   7    8     8    592 
   7    9     3    245 
   7   10     4    332 
   7   11     6    432 
   7   12     3    248 
   7   13     3    249 
   7   14     6    437 
   7   15     8    553 
   7   16     7    494 
   7   17     8    592 
   7   18    10    725 
   7   19     9    637 
   7   20     3    225 
   7   21     5    348 
   7   22     7    470 
   7   23     6    412 
   7   24     7    469 
   7   25    10    733 
   7   26     3    215 
   7   27     8    585 
   7   28     3    221 
   7   29     6    436 
   7   30    11    753 
   7   31     5    361 
   7   32     6    412 
   7   33     5    390 
   7   34    11    753 
   7   35     4    292 
   7   36     8    596 
   7   37     4    310 
   7   38    10    711 
   7   39     9    607 
   8    0    11    768 
   8    1     7    468 
   8    2     4    323 
   8    3     6    450 
   8    4     7    508 
   8    5    11    749 
   8    6    11    759 
   8    7     6    443 
   8    8    10    705 
   8    9     7    498 
   8   10     4    284 
   8   11     3    224 
   8   12     6    429 
   8   13     4    311 
   8   14     7    502 
   8   15    11    748 
   8   16    10    689 
   8   17    11    763 
   8   18     9    628 
   8   19     3    208 
   8   20     9    602 
   8   21     3    215 
   8   22     8    562 
   8   23    11    782 
   8   24    11    770 
   8   25    10    672 
   8   26    10    689 
   8   27     7    502 
   8   28     8    591 
   8   29     4    317 
   8   30     5    379 
   8   31     5    347 
   8   32     7    477 
   8   33    10    715 
   8   34     4    302 
   8   35     6    410 
   8   36     7    524 
   8   37     7    475 
   8   38     8    540 
   8   39     9    618 
   9    0    11    780 
   9    1     3    218 
   9    2     3    259 
   9    3     5    348 
   9    4     6    415 
   9    5    11    773 
   9    6     6    438 
   9    7     9    658 
   9    8     3    208 
   9    9     9    649 
   9   10    11    763 
   9   11     4    301 
   9   12     4    275 
   9   13     4    287 
   9   14     6    411 
   9   15    10    708 
   9   16     7    480 
   9   17     7    488 
   9   18     8    571 
   9   19     4    274 
   9   20     6    410 
   9   21     9    662 
   9   22     4    324 
   9   23     9    652 
   9   24     8    548 
   9   25     4    285 
   9   26     8    576 
   9   27    10    709 
   9   28    11    738 
   9   29     7    483 
   9   30     4    282 
   9   31     3    264 
   9   32     7    513 
   9   33     9    667 
   9   34     8    585 
   9   35     9    612 
   9   36     7    528 
   9   37    10    714 
   9   38    11    770 
   9   39     3    220 
  10    0     8    570 
  10    1     9    634 
  10    2     9    618 
  10    3    10    675 
  10    4    11    778 
  10    5     8    596 
  10    6     8    557 
  10    7     9    660 
  10    8     7    525 
  10    9     9    619 
  10   10     7    495 
  10   11     4    301 
  10   12    11    760 
  10   13     3    260 
  10   14     9    661 
  10   15     5    381 
  10   16     8    549 
  10   17     9    622 
  10   18     7    518 
  10   19     4    289 
  10   20     7    492 
  10   21     3    208 
  10   22     4    285 
  10   23     4    301 
  10   24     3    213 
  10   25    10    718 
  10   26     4    317 
  10   27    10    680 
  10   28     9    607 
  10   29     6    443 
  10   30     4    321 
  10   31     5    392 
  10   32     7    515 
  10   33     4    327 
  10   34    11    769 
  10   35     4    321 
  10   36    10    715 
  10   37     5    355 
  10   38     6    449 
  10   39     7    468 
  11    0     3    229 
  11    1     5    357 
  11    2     7    508 
  11    3    11    790 
  11    4     8    589 
  11    5     7    527 
  11    6    10    698 
  11    7     6    443 
  11    8     3    222 
  11    9    11    787 
  11   10     5    367 
  11   11     4    276 
  11   12     5    343 
  11   13     6    415 
  11   14     6    406 
  11   15     6    405 
  11   16     5    393 
  11   17     6    420 
  11   18     7    523 
  11   19     5    334 
  11   20     7    512 
  11   21     6    450 
  11   22     6    402 
  11   23     3    259 
  11   24    11    787 
  11   25     4    308 
  11   26     7    517 
  11   27     6    407 
  11   28     8    537 
  11   29    10    707 
  11   30     9    619 
  11   31     3    206 
  11   32     5    374 
  11   33     8    534 
  11   34     5    351 
  11   35     7    470 
  11   36     5    378 
  11   37    10    714 
  11   38    11    795 
  11   39     7    506 
  12    0    10    712 
  12    1    10    703 
  12    2     9    654 
  12    3     5    395 
  12    4     4    295 
  12    5     3    247 
  12    6     4    302 
  12    7    11    736 
  12    8     8    562 
  12    9    11    734 
  12   10     3    216 
  12   11     5    334 
  12   12    11    745 
  12   13    11    781 
  12   14    10    682 
  12   15     9    617 
  12   16     3    214 
  12   17     7    523 
  12   18    10    683 
  12   19     6    416 
  12   20    10    712 
  12   21     8    573 
  12   22    11    761 
  12   23     7    484 
  12   24     5    400 
  12   25     6    464 
  12   26     5    343 
  12   27     4    302 
  12   28     5    366 
  12   29     6    458 
  12   30     7    507 
  12   31     6    429 
  12   32     4    333 
  12   33     5    344 
  12   34     9    661 
  12   35     6    459 
  12   36     6    420 
  12   37     3    206 
  12   38     9    652 
  12   39     8    550 
  13    0    10    718 
  13    1     3    242 
  13    2     6    423 
  13    3     9    616 
  13    4    10    678 
  13    5     6    408 
  13    6     9    627 
  13    7     6    416 
  13    8     3    257 
  13    9     4    317 
  13   10     8    553 
  13   11     7    496 
  13   12     3    263 
  13   13     3    231 
  13   14     6    447 
  13   15     9    641 
  13   16     8    549 
  13   17     5    373 
  13   18     7    470 
  13   19    10    710 
  13   20     7    519 
  13   21     3    209 
  13   22    10    726 
  13   23     9    633 
  13   24     5    345 
  13   25     8    597 
  13   26     3    252 
  13   27     9    662 
  13   28     7    521 
  13   29     9    634 
  13   30    11    754 
  13   31    11    787 
  13   32     6    432 
  13   33     7    528 
  13   34     5    346 
  13   35     9    604 
  13   36     9    614 
  13   37     9    626 
  13   38    11    752 
  13   39     9    633 
  14    0    10    718 
  14    1     9    605 
  14    2     3    252 
  14    3     8    569 
  14    4     6    402 
  14    5     6    427 
  14    6     3    220 
  14    7     3    264 
  14    8     5    376 
  14    9     7    515 
  14   10    10    668 
  14   11     6    432 
  14   12     8    590 
  14   13     8    542 
  14   14     5    362 
  14   15     8    558 
  14   16     9    667 
  14   17     7    517 
  14   18    11    754 
  14   19     9    657 
  14   20    11    759 
  14   21     8    566 
  14   22     5    358 
  14   23     8    541 
  14   24    10    732 
  14   25    11    799 
  14   26     5    397 
  14   27    10    698 
  14   28     8    589 
  14   29     6    430 
  14   30    11    768 
  14   31     5    400 
  14   32     6    455 
  14   33     6    440 
  14   34     7    511 
  14   35     9    649 
  14   36     7    525 
  14   37     3    235 
  14   38    11    785 
  14   39     9    649 
  15    0     3    211 
  15    1     8    537 
  15    2     8    567 
  15    3     4    333 
  15    4     5    349 
  15    5     6    411 
  15    6     3    239 
  15    7     3    203 
  15    8     7    528 
  15    9    10    699 
  15   10     7    474 
  15   11     7    530 
  15   12    10    710 
  15   13     9    654 
  15   14     7    497 
  15   15     5    360 
  15   16     5    389 
  15   17     3    232 
  15   18     5    337 
  15   19    11    791 
  15   20     6    420 
  15   21    11    798 
  15   22     3    207 
  15   23     8    557 
  15   24     8    590 
  15   25     6    443 
  15   26     7    525 
  15   27     3    236 
  15   28    10    731 
  15   29     6    423 
  15   30     3    237 
  15   31     5    362 
  15   32     9    612 
  15   33    10    688 
  15   34     9    663 
  15   35     3    218 
  15   36     7    495 
  15   37    10    730 
  15   38    10    714 
  15   39     5    363 
  16    0     8    564 
  16    1     3    249 
  16    2     6    411 
  16    3    10    688 
  16    4     5    338 
  16    5     8    556 
  16    6     8    536 
  16    7     5    378 
  16    8     7    492 
  16    9    11    774 
  16   10     7    482 
  16   11     8    576 
  16   12     3    256 
  16   13    11    776 
  16   14     8    539 
  16   15    10    676 
  16   16     4    326 
  16   17     4    293 
  16   18     5    357 
  16   19     6    413 
  16   20     3    217 
  16   21    10    715 
  16   22    10    729 
  16   23     8    564 
  16   24     7    508 
  16   25     9    640 
  16   26     8    542 
  16   27     8    557 
  16   28     9    627 
  16   29     6    450 
  16   30    11    766 
  16   31     4    301 
  16   32     5    379 
  16   33     5    387 
  16   34     8    576 
  16   35    11    795 
  16   36     8    537 
  16   37     9    662 
  16   38     8    578 
  16   39    10    721 
  17    0     7    529 
  17    1     6    423 
  17    2     8    551 
  17    3     5    385 
  17    4     3    263 
  17    5    11    763 
  17    6     9    654 
  17    7     4    289 
  17    8     9    614 
  17    9     9    608 
  17   10     5    335 
  17   11     8    575 
  17   12     9    659 
  17   13    10    674 
  17   14     4    288 
  17   15     3    261 
  17   16     3    204 
  17   17     5    376 
  17   18     9    631 
  17   19    10    709 
  17   20     9    644 
  17   21     7    506 
  17   22     5    370 
  17   23    10    706 
  17   24     6    410 
  17   25     3    214 
  17   26    10    727 
  17   27     3    237 
  17   28     6    440 
  17   29     4    311 
  17   30     3    236 
  17   31    11    790 
  17   32     7    473 
  17   33     7    521 
  17   34     7    504 
  17   35    10    691 
  17   36     6    418 
  17   37     6    401 
  17   38    11    751 
  17   39     9    638 
  18    0    11    745 
  18    1     3    228 
  18    2     7    478 
  18    3     6    438 
  18    4     7    481 
  18    5     9    622 
  18    6    10    708 
  18    7     7    533 
  18    8     8    575 
  18    9     7    481 
  18   10    11    737 
  18   11     5    381 
  18   12     7    520 
  18   13    11    789 
  18   14     8    578 
  18   15     5    395 
  18   16     9    663 
  18   17     9    659 
  18   18     7    519 
  18   19     9    635 
  18   20    11    743 
  18   21     7    516 
  18   22     6    456 
  18   23     8    575 
  18   24     3    214 
  18   25     9    604 
  18   26     4    305 
  18   27     7    518 
  18   28     5    375 
  18   29    10    715 
  18   30     4    279 
  18   31     3    231 
  18   32     8    556 
  18   33     5    367 
  18   34     6    445 
  18   35     7    467 
  18   36     7    532 
  18   37    11    772 
  18   38     8    578 
  18   39     8    540 
  19    0     3    209 
  19    1     9    646 
  19    2     9    641 
  19    3     9    627 
  19    4     8    557 
  19    5    11    740 
  19    6     6    409 
  19    7     7    520 
  19    8    11    748 
  19    9     8    558 
  19   10     8    554 
  19   11     9    639 
  19   12    10    669 
  19   13     9    667 
  19   14     7    469 
  19   15     8    574 
  19   16     6    417 
  19   17     3    235 
  19   18     7    473 
  19   19     7    467 
  19   20     7    484 
  19   21     7    481 
  19   22     3    256 
  19   23     6    465 
  19   24     9    629 
  19   25     6    464 
  19   26     7    501 
  19   27     8    586 
  19   28     3    213 
  19   29     3    266 
  19   30    11    735 
  19   31     4    315 
  19   32     9    644 
  19   33     8    590 
  19   34     6    423 
  19   35    11    734 
  19   36     3    214 
  19   37     8    559 
  19   38     7    532 
  19   39     5    367 
  20    0    11    787 
  20    1     3    263 
  20    2    11    759 
  20    3     8    534 
  20    4    10    714 
  20    5     8    599 
  20    6     8    578 
  20    7     4    301 
  20    8     6    456 
  20    9    11    777 
  20   10     4    303 
  20   11     5    340 
  20   12     3    227 
  20   13    10    719 
  20   14    10    690 
  20   15     9    601 
  20   16     8    599 
  20   17     4    293 
  20   18     8    575 
  20   19     7    470 
  20   20    11    800 
  20   21     7    517 
  20   22     8    585 
  20   23    10    683 
  20   24     9    610 
  20   25     4    316 
  20   26     5    396 
  20   27    10    708 
  20   28    11    796 
  20   29     4    313 
  20   30     7    525 
  20   31     5    354 
  20   32    11    762 
  20   33    10    725 
  20   34    10    728 
  20   35     5    351 
  20   36    11    791 
  20   37     4    271 
  20   38     4    286 
  20   39    11    747 
  21    0    11    798 
  21    1     8    586 
  21    2     8    557 
  21    3     4    317 
  21    4     9    619 
  21    5     8    543 
  21    6    11    755 
  21    7    11    753 
  21    8     8    565 
  21    9     7    490 
  21   10     8    549 
  21   11     3    250 
  21   12     8    581 
  21   13     6    402 
  21   14     4    323 
  21   15     9    657 
  21   16     7    504 
  21   17    11    767 
  21   18     3    257 
  21   19     4    303 
  21   20     5    363 
  21   21     3    224 
  21   22    10    701 
  21   23     3    260 
  21   24     4    312 
  21   25     7    512 
  21   26     5    344 
  21   27     3    242 
  21   28     4    280 
  21   29    11    770 
  21   30     6    402 
  21   31     6    406 
  21   32     4    305 
  21   33    11    760 
  21   34    11    749 
  21   35     5    381 
  21   36     5    339 
  21   37     5    396 
  21   38    10    675 
  21   39     4    310 
  22    0     3    223 
  22    1     8    540 
  22    2     4    285 
  22    3    10    668 
  22    4     9    606 
  22    5     6    442 
  22    6     7    515 
  22    7     9    643 
  22    8     5    346 
  22    9     6    452 
  22   10     4    278 
  22   11     8    590 
  22   12     4    281 
  22   13    10    668 
  22   14     4    282 
  22   15     9    656 
  22   16    10    709 
  22   17     4    286 
  22   18    10    673 
  22   19    11    734 
  22   20     6    412 
  22   21     4    275 
  22   22     5    384 
  22   23     6    421 
  22   24     6    444 
  22   25     3    254 
  22   26     6    424 
  22   27     3    265 
  22   28     7    518 
  22   29     8    589 
  22   30    11    785 
  22   31     6    453 
  22   32    10    673 
  22   33     3    212 
  22   34     8    538 
  22   35     3    206 
  22   36    11    767 
  22   37     6    424 
  22   38    10    686 
  22   39     6    404 
  23    0     5    361 
  23    1     5    338 
  23    2     6    425 
  23    3     9    617 
  23    4     3    239 
  23    5     6    403 
  23    6    10    714 
  23    7     4    271 
  23    8    11    763 
  23    9    11    757 
  23   10     4    330 
  23   11     4    298 
  23   12     5    341 
  23   13     7    468 
  23   14    10    688 
  23   15     9    667 
  23   16    11    769 
  23   17     3    215 
  23   18     3    229 
  23   19     6    418 
  23   20     3    210 
  23   21     5    386 
  23   22     5    352 
  23   23     6    464 
  23   24     7    498 
  23   25    11    792 
  23   26     3    211 
  23   27     6    415 
  23   28     5    399 
  23   29     4    292 
  23   30     6    445 
  23   31     7    528 
  23   32     9    631 
  23   33    11    762 
  23   34     4    277 
  23   35     6    407 
  23   36     7    490 
  23   37    10    715 
  23   38     4    289 
  23   39     6    458 
  24    0     9    660 
  24    1     7    489 
  24    2     9    625 
  24    3     7    531 
  24    4     7    498 
  24    5    11    784 
  24    6     6    416 
  24    7     9    639 
  24    8    11    745 
  24    9     7    508 
  24   10     3    241 
  24   11    11    752 
  24   12     5    347 
  24   13     6    435 
  24   14     8    557 
  24   15     7    474 
  24   16     9    626 
  24   17     4    295 
  24   18     4    278 
  24   19    11    790 
  24   20    10    711 
  24   21     7    485 
  24   22     6    450 
  24   23     9    645 
  24   24     8    579 
  24   25     8    593 
  24   26     9    643 
  24   27    10    675 
  24   28     7    498 
  24   29    10    671 
  24   30    10    672 
  24   31     6    441 
  24   32     7    500 
  24   33     3    217 
  24   34    10    705 
  24   35     6    426 
  24   36     6    440 
  24   37     3    208 
  24   38     8    581 
  24   39    10    677 
  25    0     4    326 
  25    1     7    475 
  25    2     6    464 
  25    3     5    382 
  25    4    10    673 
  25    5     9    623 
  25    6     8    598 
  25    7     8    547 
  25    8     9    616 
  25    9     4    316 
  25   10     7    515 
  25   11     5    371 
  25   12     7    525 
  25   13     9    628 
  25   14     4    268 
  25   15     4    293 
  25   16     6    403 
  25   17    11    794 
  25   18     7    486 
  25   19    10    711 
  25   20     9    629 
  25   21    10    694 
  25   22     5    398 
  25   23     7    523 
  25   24     4    271 
  25   25     9    619 
  25   26     4    323 
  25   27     7    503 
  25   28     9    656 
  25   29     4    288 
  25   30     7    504 
  25   31     6    458 
  25   32     3    241 
  25   33     9    631 
  25   34     9    620 
  25   35     4    286 
  25   36     6    402 
  25   37    10    680 
  25   38    10    699 
  25   39    10    681 
  26    0     3    255 
  26    1    10    671 
  26    2     9    625 
  26    3     5    348 
  26    4     8    537 
  26    5     8    582 
  26    6     3    202 
  26    7    11    771 
  26    8    11    789 
  26    9     8    573 
  26   10     3    235 
  26   11     7    494 
  26   12    10    722 
  26   13    11    760 
  26   14     3    203 
  26   15     5    368 
  26   16     6    446 
  26   17     5    335 
  26   18    10    672 
  26   19     8    536 
  26   20     8    534 
  26   21     4    319 
  26   22     3    241 
  26   23     7    501 
  26   24     8    559 
  26   25     4    313 
  26   26     9    642 
  26   27     5    335 
  26   28     8    598 
  26   29     3    230 
  26   30     9    618 
  26   31     3    204 
  26   32     6    447 
  26   33     4    285 
  26   34     4    316 
  26   35     7    516 
  26   36     3    259 
  26   37     9    622 
  26   38     5    376 
  26   39     9    621 
  27    0     3    247 
  27    1     4    284 
  27    2     8    585 
  27    3     6    409 
  27    4     9    660 
  27    5     6    402 
  27    6     9    643 
  27    7     7    485 
  27    8     3    213 
  27    9     5    379 
  27   10     3    262 
  27   11     9    623 
  27   12     5    364 
  27   13     5    382 
  27   14     4    273 
  27   15     5    348 
  27   16     4    321 
  27   17     5    374 
  27   18    11    785 
  27   19     7    484 
  27   20     3    249 
  27   21     3    254 
  27   22     3    221 
  27   23    11    783 
  27   24    11    751 
  27   25     7    488 
  27   26     6    449 
  27   27     6    417 
  27   28     7    473 
  27   29     4    293 
  27   30    10    710 
  27   31     5    381 
  27   32     6    466 
  27   33     9    649 
  27   34     6    406 
  27   35     8    587 
  27   36     5    367 
  27   37     7    533 
  27   38     4    295 
  27   39     6    405 
  28    0     6    450 
  28    1     9    618 
  28    2     3    244 
  28    3     5    379 
  28    4     7    481 
  28    5    10    684 
  28    6     4    301 
  28    7    10    673 
  28    8     8    545 
  28    9     6    462 
  28   10     5    366 
  28   11     7    496 
  28   12     7    505 
  28   13     9    659 
  28   14     5    399 
  28   15     6    409 
  28   16     9    644 
  28   17     8    541 
  28   18     5    376 
  28   19     4    310 
  28   20     7    520 
  28   21     7    493 
  28   22     5    374 
  28   23     8    577 
  28   24     4    331 
  28   25     8    584 
  28   26     9    665 
  28   27     5    365 
  28   28     6    415 
  28   29     5    394 
  28   30     8    561 
  28   31    11    792 
  28   32    11    744 
  28   33     8    572 
  28   34     3    234 
  28   35    10    708 
  28   36     6    403 
  28   37    10    729 
  28   38     6    448 
  28   39     4    281 
  29    0     5    387 
  29    1     8    537 
  29    2     6    459 
  29    3     7    481 
  29    4     7    470 
  29    5     4    331 
  29    6     9    664 
  29    7     4    329 
  29    8    10    715 
  29    9     4    280 
  29   10     9    605 
  29   11     8    545 
  29   12     9    642 
  29   13     7    502 
  29   14     6    446 
  29   15     6    410 
  29   16     6    417 
  29   17     7    492 
  29   18    11    766 
  29   19     9    657 
  29   20     3    218 
  29   21     9    609 
  29   22     3    263 
  29   23     6    438 
  29   24     8    545 
  29   25    10    731 
  29   26     6    427 
  29   27     6    465 
  29   28     3    266 
  29   29     6    459 
  29   30     9    660 
  29   31     9    629 
  29   32     5    379 
  29   33     8    584 
  29   34     9    626 
  29   35     5    354 
  29   36     7    494 
  29   37     6    430 
  29   38     9    663 
  29   39     3    205 
  30    0     7    528 
  30    1     7    480 
  30    2    10    730 
  30    3     9    620 
  30    4     4    268 
  30    5     4    327 
  30    6     9    626 
  30    7     3    245 
  30    8     4    326 
  30    9     2    200 
  30   10     6    405 
  30   11    10    689 
  30   12    11    748 
  30   13    11    754 
  30   14    11    761 
  30   15    11    790 
  30   16    10    733 
  30   17     4    326 
  30   18     6    422 
  30   19     6    446 
  30   20     8    564 
  30   21     3    261 
  30   22    10    679 
  30   23    10    701 
  30   24     9    654 
  30   25     4    272 
  30   26     5    383 
  30   27     6    404 
  30   28     5    343 
  30   29     7    468 
  30   30     6    438 
  30   31     3    231 
  30   32     6    449 
  30   33    10    712 
  30   34     8    590 
  30   35    11    751 
  30   36    10    670 
  30   37    11    761 
  30   38    11    751 
  30   39     6    404 
  31    0     6    432 
  31    1    11    761 
  31    2    11    745 
  31    3     9    615 
  31    4     4    330 
  31    5     8    563 
  31    6     7    522 
  31    7     7    508 
  31    8     8    584 
  31    9     7    470 
  31   10     9    632 
  31   11     3    259 
  31   12     4    319 
  31   13     6    416 
  31   14    10    723 
  31   15     9    618 
  31   16     5    341 
  31   17     3    209 
  31   18    11    739 
  31   19    10    728 
  31   20     7    482 
  31   21    10    682 
  31   22    11    770 
  31   23     3    251 
  31   24     6    442 
  31   25     3    258 
  31   26     9    626 
  31   27     9    617 
  31   28     6    450 
  31   29     9    631 
  31   30    11    765 
  31   31     3    204 
  31   32     5    398 
  31   33    11    797 
  31   34     3    212 
  31   35    10    730 
  31   36     9    601 
  31   37     7    522 
  31   38     7    521 
  31   39     9    614 
  32    0     6    436 
  32    1    10    730 
  32    2     4    275 
  32    3     3    254 
  32    4    11    742 
  32    5    10    732 
  32    6    11    777 
  32    7     6    404 
  32    8     8    550 
  32    9    10    689 
  32   10     3    253 
  32   11     8    565 
  32   12     7    479 
  32   13     4    322 
  32   14    11    772 
  32   15     5    353 
  32   16     5    358 
  32   17     7    514 
  32   18     5    345 
  32   19     4    300 
  32   20     9    655 
  32   21     6    465 
  32   22    10    723 
  32   23    10    723 
  32   24    10    716 
  32   25     7    498 
  32   26     7    528 
  32   27    11    793 
  32   28     8    575 
  32   29     6    414 
  32   30     5    385 
  32   31     7    524 
  32   32     8    571 
  32   33    10    700 
  32   34     5    350 
  32   35     8    558 
  32   36     5    340 
  32   37     8    597 
  32   38    10    677 
  32   39     5    361 
  33    0     3    211 
  33    1     7    514 
  33    2    11    781 
  33    3     7    478 
  33    4     3    257 
  33    5     3    251 
  33    6     3    266 
  33    7     7    506 
  33    8     4    279 
  33    9    11    759 
  33   10     6    409 
  33   11     3    257 
  33   12     4    314 
  33   13     4    317 
  33   14     7    528 
  33   15     8    539 
  33   16     7    533 
  33   17     8    595 
  33   18     9    651 
  33   19     9    624 
  33   20     7    513 
  33   21    10    723 
  33   22    11    736 
  33   23     7    527 
  33   24     3    240 
  33   25     4    285 
  33   26     4    318 
  33   27    11    734 
  33   28    10    699 
  33   29    11    759 
  33   30     5    367 
  33   31    10    722 
  33   32     8    549 
  33   33     9    628 
  33   34     3    237 
  33   35     7    489 
  33   36    10    701 
  33   37     5    339 
  33   38     5    386 
  33   39    10    691 
  34    0    11    745 
  34    1     4    323 
  34    2     8    569 
  34    3    10    725 
  34    4     4    276 
  34    5     5    396 
  34    6    11    792 
  34    7     9    625 
  34    8    11    744 
  34    9     5    388 
  34   10     6    458 
  34   11    11    762 
  34   12     6    406 
  34   13     9    626 
  34   14     3    241 
  34   15     7    529 
  34   16    10    699 
  34   17     9    617 
  34   18     7    509 
  34   19     2    200 
  34   20     6    444 
  34   21     4    314 
  34   22     3    240 
  34   23    10    709 
  34   24     4    268 
  34   25     6    429 
  34   26    10    696 
  34   27    11    738 
  34   28     9    650 
  34   29     4    272 
  34   30     8    600 
  34   31    11    742 
  34   32     6    408 
  34   33     5    337 
  34   34     7    531 
  34   35     8    539 
  34   36     7    519 
  34   37     7    492 
  34   38     6    462 
  34   39     4    315 
  35    0     8    585 
  35    1     9    660 
  35    2     9    641 
  35    3     4    321 
  35    4     4    316 
  35    5     5    369 
  35    6    10    683 
  35    7     9    660 
  35    8    10    687 
  35    9    10    709 
  35   10     9    603 
  35   11     7    501 
  35   12     5    358 
  35   13     9    606 
  35   14     7    485 
  35   15    11    737 
  35   16    10    681 
  35   17     4    285 
  35   18     4    317 
  35   19     2    200 
  35   20     6    446 
  35   21     3    204 
  35   22     7    511 
  35   23     7    508 
  35   24     3    211 
  35   25    10    700 
  35   26     4    289 
  35   27    10    689 
  35   28     7    491 
  35   29     3    235 
  35   30     5    368 
  35   31    10    731 
  35   32     6    435 
  35   33     5    389 
  35   34     6    408 
  35   35     4    278 
  35   36     4    322 
  35   37     9    643 
  35   38     5    347 
  35   39     6    406 
  36    0     9    660 
  36    1     7    486 
  36    2     8    599 
  36    3     9    609 
  36    4     4    330 
  36    5    11    783 
  36    6     7    513 
  36    7     3    209 
  36    8     9    608 
  36    9     3    217 
  36   10     7    532 
  36   11    10    683 
  36   12     7    533 
  36   13     7    471 
  36   14    10    718 
  36   15     9    602 
  36   16     6    410 
  36   17    11    765 
  36   18     6    423 
  36   19     7    476 
  36   20     8    599 
  36   21     4    327 
  36   22     4    303 
  36   23     3    214 
  36   24     8    536 
  36   25     5    383 
  36   26     6    434 
  36   27     3    216 
  36   28     8    574 
  36   29     7    487 
  36   30     9    658 
  36   31    10    677 
  36   32     5    360 
  36   33     7    502 
  36   34    11    736 
  36   35     6    445 
  36   36     9    657 
  36   37    10    694 
  36   38     7    471 
  36   39     4    293 
  37    0     3    246 
  37    1     9    615 
  37    2     5    346 
  37    3    11    740 
  37    4     6    454 
  37    5     5    361 
  37    6     6    442 
  37    7    10    714 
  37    8     8    547 
  37    9     7    480 
  37   10     3    230 
  37   11     7    498 
  37   12     5    379 
  37   13    11    736 
  37   14    11    769 
  37   15     4    327 
  37   16    11    754 
  37   17     8    559 
  37   18    11    747 
  37   19     6    403 
  37   20     9    665 
  37   21     4    327 
  37   22    11    747 
  37   23     7    510 
  37   24     9    618 
  37   25    10    704 
  37   26     9    632 
  37   27     5    335 
  37   28    11    742 
  37   29     5    400 
  37   30     9    614 
  37   31     4    285 
  37   32     8    593 
  37   33     9    610 
  37   34     3    234 
  37   35     7    531 
  37   36    11    738 
  37   37     7    495 
  37   38     4    267 
  37   39    11    748 
  38    0     5    365 
  38    1     5    395 
  38    2     8    535 
  38    3     7    495 
  38    4     9    613 
  38    5    10    670 
  38    6     8    600 
  38    7    11    792 
  38    8     3    242 
  38    9     8    545 
  38   10    11    751 
  38   11     4    287 
  38   12     3    205 
  38   13    10    716 
  38   14     7    510 
  38   15     5    395 
  38   16    10    690 
  38   17     6    466 
  38   18    11    771 
  38   19     5    382 
  38   20     5    343 
  38   21     5    400 
  38   22    11    734 
  38   23     8    590 
  38   24    11    761 
  38   25     9    614 
  38   26     9    649 
  38   27     8    590 
  38   28    10    732 
  38   29     7    470 
  38   30     3    233 
  38   31     3    259 
  38   32     5    382 
  38   33     7    483 
  38   34     4    307 
  38   35     9    616 
  38   36     4    324 
  38   37     6    407 
  38   38     3    202 
  38   39     5    347 
  39    0     6    444 
  39    1     3    253 
  39    2    11    746 
  39    3     9    605 
  39    4    10    705 
  39    5     8    585 
  39    6     3    211 
  39    7     6    439 
  39    8     9    607 
  39    9     9    648 
  39   10    10    727 
  39   11    11    777 
  39   12    11    752 
  39   13    10    723 
  39   14     6    416 
  39   15    10    686 
  39   16     9    634 
  39   17    10    695 
  39   18     7    479 
  39   19     9    658 
  39   20     6    452 
  39   21    10    669 
  39   22     4    282 
  39   23     3    221 
  39   24     6    457 
  39   25     6    428 
  39   26     4    299 
  39   27     3    209 
  39   28     6    410 
  39   29    10    693 
  39   30     7    486 
  39   31     5    355 
  39   32     9    601 
  39   33     3    251 
  39   34     5    354 
  39   35     9    642 
  39   36    10    689 
  39   37     8    539 
  39   38     4    276 
  39   39    10    681 
