 40
 40

   40
   40
   49
   33
   29
    3
   26
   21
   21
   49
   33
   44
    7
   11
   45
    1
   29
    4
   31
    6
   15
   24
   46
   14
   10
    2
    6
   10
   37
    9
   39
   21
   32
    3
   38
   42
   48
    6
    3
   47

    7
    8
   38
   31
   20
   41
   10
   50
   48
   16
    3
    4
   35
    5
   47
   18
   28
    2
   39
   13
   12
    7
   19
    6
   12
   37
   46
   20
   46
   42
   28
   14
    3
   16
   45
   50
   41
   40
   18
    9

   0    0    12    756 
   0    1     5    351 
   0    2     9    555 
   0    3     9    609 
   0    4    12    752 
   0    5    11    682 
   0    6     4    249 
   0    7     4    262 
   0    8     5    330 
   0    9    12    795 
   0   10     6    389 
   0   11    12    744 
   0   12    11    708 
   0   13    10    660 
   0   14     8    532 
   0   15    10    649 
   0   16     7    441 
   0   17     3    237 
   0   18     3    244 
   0   19     4    273 
   0   20     4    276 
   0   21     7    489 
   0   22     6    390 
   0   23    11    738 
   0   24     8    505 
   0   25     5    328 
   0   26     9    557 
   0   27    12    795 
   0   28    10    648 
   0   29    12    746 
   0   30     5    355 
   0   31     3    225 
   0   32     6    417 
   0   33    11    737 
   0   34    10    625 
   0   35     6    375 
   0   36     6    380 
   0   37     6    414 
   0   38     3    218 
   0   39     5    341 
   1    0     5    318 
   1    1    12    767 
   1    2     7    460 
   1    3     4    254 
   1    4     5    350 
   1    5     5    368 
   1    6     4    280 
   1    7     6    409 
   1    8     5    369 
   1    9     4    268 
   1   10     5    368 
   1   11     5    320 
   1   12     3    214 
   1   13     8    530 
   1   14     6    381 
   1   15     7    436 
   1   16     9    584 
   1   17    12    746 
   1   18    12    777 
   1   19     9    580 
   1   20    12    798 
   1   21    10    676 
   1   22     4    294 
   1   23     6    399 
   1   24    12    743 
   1   25     4    272 
   1   26     7    467 
   1   27     4    283 
   1   28     7    477 
   1   29    10    631 
   1   30     7    442 
   1   31     3    235 
   1   32     9    558 
   1   33    12    747 
   1   34     9    571 
   1   35     9    601 
   1   36    11    722 
   1   37    10    651 
   1   38    12    770 
   1   39    11    685 
   2    0     4    279 
   2    1     7    450 
   2    2     4    256 
   2    3    10    657 
   2    4     8    507 
   2    5     7    453 
   2    6     5    339 
   2    7    11    680 
   2    8     5    316 
   2    9    12    765 
   2   10     7    473 
   2   11    12    772 
   2   12    10    639 
   2   13     3    237 
   2   14     3    218 
   2   15     5    346 
   2   16     6    400 
   2   17     4    304 
   2   18     4    280 
   2   19     5    350 
   2   20    11    686 
   2   21     6    406 
   2   22     7    451 
   2   23     9    570 
   2   24     3    241 
   2   25     9    560 
   2   26    11    737 
   2   27     6    420 
   2   28     5    366 
   2   29     4    306 
   2   30     9    606 
   2   31     6    395 
   2   32     8    552 
   2   33     6    379 
   2   34    10    667 
   2   35    10    641 
   2   36     7    438 
   2   37    10    648 
   2   38    11    707 
   2   39     3    239 
   3    0     6    427 
   3    1     6    389 
   3    2     9    586 
   3    3     5    333 
   3    4     5    341 
   3    5     4    300 
   3    6     5    352 
   3    7     4    266 
   3    8     8    548 
   3    9     7    452 
   3   10    11    731 
   3   11    12    758 
   3   12     4    269 
   3   13     3    243 
   3   14     6    370 
   3   15    11    690 
   3   16    12    740 
   3   17     6    390 
   3   18     7    475 
   3   19     8    547 
   3   20     6    421 
   3   21    11    708 
   3   22     7    484 
   3   23     8    501 
   3   24     7    435 
   3   25     8    553 
   3   26     6    373 
   3   27     5    334 
   3   28     7    450 
   3   29     8    501 
   3   30    11    720 
   3   31     4    291 
   3   32     3    217 
   3   33     4    294 
   3   34     7    465 
   3   35     7    480 
   3   36     4    264 
   3   37     6    394 
   3   38    10    659 
   3   39    11    705 
   4    0    10    635 
   4    1    10    636 
   4    2     8    551 
   4    3     4    308 
   4    4     8    539 
   4    5     8    503 
   4    6     5    349 
   4    7     8    549 
   4    8     7    483 
   4    9    12    749 
   4   10    11    713 
   4   11    11    723 
   4   12     8    498 
   4   13    12    769 
   4   14     8    520 
   4   15    12    768 
   4   16    12    751 
   4   17    10    657 
   4   18    12    758 
   4   19     9    568 
   4   20     4    292 
   4   21     7    463 
   4   22     8    530 
   4   23     7    452 
   4   24     4    279 
   4   25     4    258 
   4   26    12    786 
   4   27     6    423 
   4   28    11    730 
   4   29     4    249 
   4   30     3    208 
   4   31    10    620 
   4   32    12    798 
   4   33     4    274 
   4   34     7    432 
   4   35     9    600 
   4   36    10    623 
   4   37     8    549 
   4   38     8    538 
   4   39     5    365 
   5    0     6    423 
   5    1    11    708 
   5    2     6    413 
   5    3     4    253 
   5    4     6    426 
   5    5     7    463 
   5    6     3    229 
   5    7     4    284 
   5    8     9    611 
   5    9    11    703 
   5   10     9    616 
   5   11     7    449 
   5   12     4    275 
   5   13     5    325 
   5   14     9    597 
   5   15     5    316 
   5   16     6    406 
   5   17     6    417 
   5   18     4    290 
   5   19    11    709 
   5   20    12    789 
   5   21     6    397 
   5   22    12    763 
   5   23     7    488 
   5   24     5    324 
   5   25     4    290 
   5   26     4    302 
   5   27    11    681 
   5   28    12    784 
   5   29     9    573 
   5   30     8    510 
   5   31     9    596 
   5   32     6    372 
   5   33     9    580 
   5   34     7    474 
   5   35     9    612 
   5   36     4    256 
   5   37     9    566 
   5   38     5    328 
   5   39     9    575 
   6    0     7    446 
   6    1    12    778 
   6    2     7    439 
   6    3     6    423 
   6    4    10    641 
   6    5    10    650 
   6    6     8    494 
   6    7    10    657 
   6    8    12    743 
   6    9    11    691 
   6   10     4    279 
   6   11    12    791 
   6   12     5    316 
   6   13    11    684 
   6   14     8    503 
   6   15    11    713 
   6   16     6    418 
   6   17    12    791 
   6   18     9    588 
   6   19     4    306 
   6   20     5    331 
   6   21    10    625 
   6   22    11    724 
   6   23     8    533 
   6   24     8    544 
   6   25     7    439 
   6   26     8    511 
   6   27     7    462 
   6   28     9    597 
   6   29     4    280 
   6   30    10    667 
   6   31     6    376 
   6   32     7    433 
   6   33     6    381 
   6   34     9    559 
   6   35    12    759 
   6   36    10    651 
   6   37     6    403 
   6   38    10    678 
   6   39    11    713 
   7    0    10    635 
   7    1     6    389 
   7    2    11    720 
   7    3     9    573 
   7    4     5    319 
   7    5     8    526 
   7    6    10    637 
   7    7     8    502 
   7    8     4    259 
   7    9     6    413 
   7   10     5    355 
   7   11     8    543 
   7   12     4    280 
   7   13     6    382 
   7   14    12    775 
   7   15     9    590 
   7   16     4    305 
   7   17     6    400 
   7   18     8    554 
   7   19     5    322 
   7   20    12    793 
   7   21    12    754 
   7   22     8    497 
   7   23     3    226 
   7   24     8    530 
   7   25     4    261 
   7   26     9    578 
   7   27    10    659 
   7   28     6    415 
   7   29     4    263 
   7   30     7    459 
   7   31    10    618 
   7   32    11    720 
   7   33    11    694 
   7   34     8    533 
   7   35     5    357 
   7   36     9    562 
   7   37     7    458 
   7   38     8    544 
   7   39     8    529 
   8    0     9    605 
   8    1     8    524 
   8    2     9    599 
   8    3     8    504 
   8    4     7    433 
   8    5     4    299 
   8    6     8    546 
   8    7     4    274 
   8    8    10    651 
   8    9     5    309 
   8   10    12    790 
   8   11     9    559 
   8   12    11    693 
   8   13    10    678 
   8   14     8    552 
   8   15    10    649 
   8   16     3    205 
   8   17     5    347 
   8   18     3    222 
   8   19     5    321 
   8   20     4    261 
   8   21    12    770 
   8   22     5    316 
   8   23     7    453 
   8   24     8    524 
   8   25     7    457 
   8   26     4    308 
   8   27     9    577 
   8   28    11    719 
   8   29     4    301 
   8   30     4    255 
   8   31     3    246 
   8   32     8    529 
   8   33     7    476 
   8   34    12    748 
   8   35     9    614 
   8   36    12    786 
   8   37    12    742 
   8   38     3    228 
   8   39     4    247 
   9    0     8    526 
   9    1    11    683 
   9    2     6    412 
   9    3    12    789 
   9    4    11    705 
   9    5     6    401 
   9    6    11    733 
   9    7     5    312 
   9    8    12    797 
   9    9     9    586 
   9   10     5    344 
   9   11     6    395 
   9   12     7    478 
   9   13     9    574 
   9   14     7    469 
   9   15     4    256 
   9   16     8    525 
   9   17     5    346 
   9   18     7    479 
   9   19     9    576 
   9   20     6    422 
   9   21    10    649 
   9   22    11    687 
   9   23     8    548 
   9   24    10    627 
   9   25     8    526 
   9   26     4    306 
   9   27     8    518 
   9   28    10    664 
   9   29     7    449 
   9   30     5    354 
   9   31     8    548 
   9   32     7    478 
   9   33     4    256 
   9   34     3    203 
   9   35    11    712 
   9   36     4    259 
   9   37     3    217 
   9   38     9    569 
   9   39     9    558 
  10    0     7    440 
  10    1     5    368 
  10    2     6    380 
  10    3    11    723 
  10    4     5    347 
  10    5    10    646 
  10    6     3    220 
  10    7     6    383 
  10    8     6    401 
  10    9    12    789 
  10   10    12    743 
  10   11     7    435 
  10   12     6    409 
  10   13     8    548 
  10   14     5    351 
  10   15     8    528 
  10   16    12    752 
  10   17    11    712 
  10   18     8    501 
  10   19     9    570 
  10   20     9    559 
  10   21     7    475 
  10   22     3    224 
  10   23    10    620 
  10   24     3    231 
  10   25     3    234 
  10   26     9    580 
  10   27    12    760 
  10   28     3    232 
  10   29     4    277 
  10   30     9    586 
  10   31     9    614 
  10   32     5    311 
  10   33     5    356 
  10   34     4    292 
  10   35    11    684 
  10   36     5    335 
  10   37    10    639 
  10   38     6    412 
  10   39     8    514 
  11    0     8    549 
  11    1     7    455 
  11    2     5    354 
  11    3     5    342 
  11    4    12    781 
  11    5     6    396 
  11    6     3    213 
  11    7     7    439 
  11    8     7    480 
  11    9     3    205 
  11   10     9    572 
  11   11     6    374 
  11   12     9    576 
  11   13     9    590 
  11   14    11    682 
  11   15     7    433 
  11   16     7    487 
  11   17    10    666 
  11   18     4    261 
  11   19     9    592 
  11   20     8    544 
  11   21    10    646 
  11   22     5    362 
  11   23     4    289 
  11   24     3    240 
  11   25    10    629 
  11   26     7    453 
  11   27    11    680 
  11   28     3    219 
  11   29    11    695 
  11   30    10    656 
  11   31    10    648 
  11   32     3    201 
  11   33     7    459 
  11   34     8    550 
  11   35     5    310 
  11   36    10    654 
  11   37     8    502 
  11   38     9    611 
  11   39     8    534 
  12    0    11    704 
  12    1     4    306 
  12    2     9    568 
  12    3     8    529 
  12    4     7    444 
  12    5     6    421 
  12    6     7    450 
  12    7     8    539 
  12    8     3    236 
  12    9     7    443 
  12   10     8    546 
  12   11     4    284 
  12   12     6    397 
  12   13    10    678 
  12   14     6    391 
  12   15     8    521 
  12   16    11    695 
  12   17    11    736 
  12   18     3    219 
  12   19     5    333 
  12   20     9    591 
  12   21     3    242 
  12   22     4    303 
  12   23    11    710 
  12   24    12    794 
  12   25    12    785 
  12   26     4    292 
  12   27     8    510 
  12   28     9    595 
  12   29    12    775 
  12   30     6    391 
  12   31    11    683 
  12   32     4    291 
  12   33     4    301 
  12   34     5    352 
  12   35     9    570 
  12   36    12    764 
  12   37    11    712 
  12   38     6    392 
  12   39     4    289 
  13    0     6    386 
  13    1     4    304 
  13    2     7    489 
  13    3    10    628 
  13    4     3    206 
  13    5     3    212 
  13    6     4    303 
  13    7    12    760 
  13    8    11    718 
  13    9     4    270 
  13   10     9    616 
  13   11     4    290 
  13   12     3    205 
  13   13    11    739 
  13   14     8    505 
  13   15    10    632 
  13   16     9    564 
  13   17     3    208 
  13   18     3    242 
  13   19     4    258 
  13   20     7    474 
  13   21    11    700 
  13   22     3    227 
  13   23    12    784 
  13   24     9    603 
  13   25     6    378 
  13   26     9    569 
  13   27    12    767 
  13   28     8    529 
  13   29     9    606 
  13   30     7    457 
  13   31     7    481 
  13   32     5    367 
  13   33    12    742 
  13   34     8    527 
  13   35    12    771 
  13   36     8    554 
  13   37     3    231 
  13   38     4    300 
  13   39    11    728 
  14    0     6    384 
  14    1     5    357 
  14    2    11    681 
  14    3     6    420 
  14    4     7    436 
  14    5     8    527 
  14    6    10    632 
  14    7     9    584 
  14    8    12    789 
  14    9    10    630 
  14   10     9    558 
  14   11     9    574 
  14   12    11    723 
  14   13     9    615 
  14   14     8    504 
  14   15    10    662 
  14   16     6    372 
  14   17     3    222 
  14   18     8    505 
  14   19     4    272 
  14   20     7    492 
  14   21    10    646 
  14   22    10    618 
  14   23    11    685 
  14   24     5    352 
  14   25     7    467 
  14   26    10    624 
  14   27     8    545 
  14   28    12    780 
  14   29     5    349 
  14   30    10    635 
  14   31    11    694 
  14   32     6    403 
  14   33    11    679 
  14   34     9    575 
  14   35     6    386 
  14   36     8    503 
  14   37     8    526 
  14   38     5    345 
  14   39     7    454 
  15    0     7    485 
  15    1    10    624 
  15    2     7    435 
  15    3    12    756 
  15    4     8    506 
  15    5     6    378 
  15    6     6    402 
  15    7    12    750 
  15    8     8    538 
  15    9     6    426 
  15   10     8    542 
  15   11     3    201 
  15   12     6    428 
  15   13     5    350 
  15   14     8    531 
  15   15     7    452 
  15   16     4    264 
  15   17     6    376 
  15   18     9    611 
  15   19     3    207 
  15   20     7    471 
  15   21    12    749 
  15   22     5    333 
  15   23     5    311 
  15   24     6    401 
  15   25    10    672 
  15   26     4    272 
  15   27     5    327 
  15   28    12    761 
  15   29     5    365 
  15   30     8    528 
  15   31     6    371 
  15   32     8    508 
  15   33    10    667 
  15   34     6    370 
  15   35     3    213 
  15   36    11    720 
  15   37    11    703 
  15   38    10    617 
  15   39     3    230 
  16    0     9    589 
  16    1    11    736 
  16    2     9    589 
  16    3     4    265 
  16    4    10    671 
  16    5     5    351 
  16    6     8    508 
  16    7     8    515 
  16    8     6    403 
  16    9     8    496 
  16   10    12    790 
  16   11     7    459 
  16   12     5    349 
  16   13     8    532 
  16   14     3    243 
  16   15    11    695 
  16   16     6    382 
  16   17    11    707 
  16   18     3    217 
  16   19     7    466 
  16   20     4    267 
  16   21    12    792 
  16   22     4    260 
  16   23     6    414 
  16   24    10    629 
  16   25     5    335 
  16   26     7    441 
  16   27     9    606 
  16   28    11    684 
  16   29    10    676 
  16   30     5    354 
  16   31    10    666 
  16   32     6    414 
  16   33    10    656 
  16   34     6    423 
  16   35     5    310 
  16   36     8    544 
  16   37     4    282 
  16   38     3    227 
  16   39    10    643 
  17    0     9    586 
  17    1     4    294 
  17    2     6    415 
  17    3     9    601 
  17    4    11    729 
  17    5     4    256 
  17    6    10    641 
  17    7     9    566 
  17    8     6    411 
  17    9     5    311 
  17   10     7    435 
  17   11     8    532 
  17   12     7    471 
  17   13     5    325 
  17   14    12    764 
  17   15    11    697 
  17   16    11    683 
  17   17     8    505 
  17   18     9    593 
  17   19     6    412 
  17   20     4    272 
  17   21     7    469 
  17   22     5    328 
  17   23     4    284 
  17   24     9    598 
  17   25     5    335 
  17   26     4    289 
  17   27     4    290 
  17   28     4    249 
  17   29     4    261 
  17   30     9    596 
  17   31     9    610 
  17   32     6    404 
  17   33     3    200 
  17   34     6    411 
  17   35    10    668 
  17   36     6    422 
  17   37     5    366 
  17   38     9    571 
  17   39     6    373 
  18    0     6    384 
  18    1     4    254 
  18    2    12    765 
  18    3    11    733 
  18    4     4    295 
  18    5     6    371 
  18    6     3    228 
  18    7     5    343 
  18    8     4    306 
  18    9     3    241 
  18   10     4    300 
  18   11     4    308 
  18   12    12    785 
  18   13    12    799 
  18   14    10    657 
  18   15     4    292 
  18   16     9    608 
  18   17     9    567 
  18   18     9    563 
  18   19     9    611 
  18   20     7    493 
  18   21     5    324 
  18   22    11    717 
  18   23    12    745 
  18   24    11    714 
  18   25     6    371 
  18   26    10    629 
  18   27     8    517 
  18   28     8    524 
  18   29     4    280 
  18   30     5    330 
  18   31     9    570 
  18   32     8    521 
  18   33     7    439 
  18   34    10    654 
  18   35    12    757 
  18   36    12    742 
  18   37    12    766 
  18   38    12    785 
  18   39     4    283 
  19    0    11    688 
  19    1    12    795 
  19    2     6    419 
  19    3     3    221 
  19    4     6    422 
  19    5     6    412 
  19    6     4    278 
  19    7    10    677 
  19    8     4    293 
  19    9     6    387 
  19   10     5    310 
  19   11     9    557 
  19   12     7    452 
  19   13    10    677 
  19   14    10    632 
  19   15     7    466 
  19   16    10    661 
  19   17    11    721 
  19   18     3    214 
  19   19    11    714 
  19   20     9    599 
  19   21     8    529 
  19   22     8    503 
  19   23     5    360 
  19   24     4    296 
  19   25     8    550 
  19   26     4    277 
  19   27     6    400 
  19   28     5    314 
  19   29    10    629 
  19   30    10    646 
  19   31     8    513 
  19   32    12    756 
  19   33     7    459 
  19   34    12    787 
  19   35    12    783 
  19   36    11    689 
  19   37    11    714 
  19   38     8    530 
  19   39    12    776 
  20    0     7    450 
  20    1     6    390 
  20    2     9    555 
  20    3    12    779 
  20    4    10    674 
  20    5     8    529 
  20    6    10    667 
  20    7     5    347 
  20    8    11    706 
  20    9     9    610 
  20   10     4    268 
  20   11    12    760 
  20   12     6    408 
  20   13    10    646 
  20   14    12    781 
  20   15    11    730 
  20   16     6    395 
  20   17     9    575 
  20   18     9    595 
  20   19     3    224 
  20   20    12    794 
  20   21     7    455 
  20   22    12    764 
  20   23     6    381 
  20   24     5    366 
  20   25     9    571 
  20   26    12    741 
  20   27     5    364 
  20   28     9    568 
  20   29     4    250 
  20   30     6    375 
  20   31     3    218 
  20   32     8    532 
  20   33     9    588 
  20   34    10    677 
  20   35     3    206 
  20   36     8    517 
  20   37     7    489 
  20   38     4    261 
  20   39     5    338 
  21    0     7    463 
  21    1     5    354 
  21    2     8    534 
  21    3     9    580 
  21    4     9    585 
  21    5     5    338 
  21    6     4    282 
  21    7     3    240 
  21    8     7    447 
  21    9     4    289 
  21   10     4    289 
  21   11     4    297 
  21   12     3    236 
  21   13     5    369 
  21   14     9    577 
  21   15    12    756 
  21   16    11    687 
  21   17     6    399 
  21   18    12    742 
  21   19     6    415 
  21   20     7    488 
  21   21     8    515 
  21   22     4    261 
  21   23     6    388 
  21   24     5    316 
  21   25     7    487 
  21   26    12    781 
  21   27     5    333 
  21   28     6    418 
  21   29     7    480 
  21   30     5    363 
  21   31    10    657 
  21   32     3    231 
  21   33     9    601 
  21   34    10    622 
  21   35     8    521 
  21   36     7    466 
  21   37     7    452 
  21   38     3    211 
  21   39     6    409 
  22    0    12    743 
  22    1    11    683 
  22    2     5    342 
  22    3     7    484 
  22    4     4    288 
  22    5    10    667 
  22    6     7    432 
  22    7     5    314 
  22    8     9    579 
  22    9    12    771 
  22   10    12    777 
  22   11    12    780 
  22   12     8    525 
  22   13     7    483 
  22   14    10    661 
  22   15     4    248 
  22   16     4    295 
  22   17     8    501 
  22   18     9    580 
  22   19    10    648 
  22   20     7    464 
  22   21     9    598 
  22   22     7    434 
  22   23     9    612 
  22   24     6    404 
  22   25     8    553 
  22   26     9    611 
  22   27    11    724 
  22   28     4    266 
  22   29    12    784 
  22   30     4    282 
  22   31     5    356 
  22   32    12    750 
  22   33     6    416 
  22   34     6    374 
  22   35     8    497 
  22   36    11    702 
  22   37     5    358 
  22   38     6    417 
  22   39    12    744 
  23    0    12    765 
  23    1     7    466 
  23    2    10    676 
  23    3     7    438 
  23    4     6    375 
  23    5    12    795 
  23    6     9    557 
  23    7     8    537 
  23    8     6    425 
  23    9     8    514 
  23   10     3    231 
  23   11    12    749 
  23   12     6    385 
  23   13     8    542 
  23   14     8    533 
  23   15     5    350 
  23   16     4    261 
  23   17     6    374 
  23   18     6    420 
  23   19     4    293 
  23   20    10    678 
  23   21     7    440 
  23   22     8    547 
  23   23     5    329 
  23   24    10    626 
  23   25     4    281 
  23   26     7    450 
  23   27     7    473 
  23   28     9    560 
  23   29    12    742 
  23   30     9    589 
  23   31     6    420 
  23   32     9    570 
  23   33    11    715 
  23   34    12    764 
  23   35     5    363 
  23   36     4    293 
  23   37     8    514 
  23   38     7    444 
  23   39    12    777 
  24    0    12    753 
  24    1     6    424 
  24    2    10    646 
  24    3     6    396 
  24    4     7    447 
  24    5     8    523 
  24    6    12    770 
  24    7    10    627 
  24    8    10    662 
  24    9     8    529 
  24   10     7    440 
  24   11     3    215 
  24   12     4    263 
  24   13     9    557 
  24   14     7    458 
  24   15     4    294 
  24   16    10    620 
  24   17     8    514 
  24   18     3    239 
  24   19     5    342 
  24   20     6    394 
  24   21     5    315 
  24   22    11    719 
  24   23     5    334 
  24   24     9    585 
  24   25     6    385 
  24   26     5    319 
  24   27    11    724 
  24   28    11    728 
  24   29     6    420 
  24   30     8    503 
  24   31    11    723 
  24   32     3    239 
  24   33     8    518 
  24   34    12    775 
  24   35    10    659 
  24   36     8    533 
  24   37     5    326 
  24   38     9    601 
  24   39     5    346 
  25    0    12    752 
  25    1     6    381 
  25    2     5    325 
  25    3    12    754 
  25    4     3    210 
  25    5    10    619 
  25    6     5    349 
  25    7    12    742 
  25    8     7    441 
  25    9     8    534 
  25   10    11    717 
  25   11    12    800 
  25   12    10    669 
  25   13    12    779 
  25   14    10    626 
  25   15     4    308 
  25   16     5    314 
  25   17     7    481 
  25   18     8    550 
  25   19     9    596 
  25   20     5    313 
  25   21     9    555 
  25   22     5    365 
  25   23    12    743 
  25   24     4    284 
  25   25     8    523 
  25   26     6    377 
  25   27     4    288 
  25   28    12    774 
  25   29     8    538 
  25   30    11    732 
  25   31    12    795 
  25   32    10    655 
  25   33     8    509 
  25   34    12    775 
  25   35     6    424 
  25   36     7    463 
  25   37    10    649 
  25   38     9    582 
  25   39    11    683 
  26    0     3    231 
  26    1     5    351 
  26    2    10    660 
  26    3     3    220 
  26    4     9    582 
  26    5     6    404 
  26    6    11    704 
  26    7     6    402 
  26    8     3    213 
  26    9     9    559 
  26   10     7    443 
  26   11     6    391 
  26   12     9    566 
  26   13     4    271 
  26   14     8    520 
  26   15     8    551 
  26   16     4    290 
  26   17     7    470 
  26   18     3    230 
  26   19     5    311 
  26   20    10    633 
  26   21     7    459 
  26   22     6    381 
  26   23     8    521 
  26   24     9    585 
  26   25     5    364 
  26   26     9    581 
  26   27     4    308 
  26   28     3    246 
  26   29     8    531 
  26   30     5    340 
  26   31     4    279 
  26   32     7    480 
  26   33     5    361 
  26   34    12    781 
  26   35     6    429 
  26   36    12    750 
  26   37     6    406 
  26   38     7    456 
  26   39     5    343 
  27    0     8    541 
  27    1     4    250 
  27    2     6    370 
  27    3     5    345 
  27    4     4    273 
  27    5     5    324 
  27    6    10    622 
  27    7     7    443 
  27    8    10    662 
  27    9    12    778 
  27   10     6    375 
  27   11     5    351 
  27   12    11    709 
  27   13     7    475 
  27   14     9    566 
  27   15    12    743 
  27   16     3    246 
  27   17     9    615 
  27   18     7    437 
  27   19     6    422 
  27   20     4    284 
  27   21     6    377 
  27   22     4    296 
  27   23     8    534 
  27   24     8    540 
  27   25     6    400 
  27   26    12    769 
  27   27    10    674 
  27   28     3    236 
  27   29     5    345 
  27   30     5    325 
  27   31     7    463 
  27   32    11    733 
  27   33     6    401 
  27   34     8    516 
  27   35     3    227 
  27   36     3    241 
  27   37     7    469 
  27   38     4    295 
  27   39     6    408 
  28    0    10    667 
  28    1     6    418 
  28    2     7    437 
  28    3     7    453 
  28    4     5    330 
  28    5     9    575 
  28    6    12    787 
  28    7     4    280 
  28    8     5    318 
  28    9     7    487 
  28   10    10    648 
  28   11     8    549 
  28   12     9    581 
  28   13    12    760 
  28   14     8    543 
  28   15    11    680 
  28   16     3    221 
  28   17    10    638 
  28   18     7    441 
  28   19     4    282 
  28   20    12    751 
  28   21     9    610 
  28   22     6    411 
  28   23    11    734 
  28   24    10    627 
  28   25     6    415 
  28   26     5    360 
  28   27     3    204 
  28   28     9    613 
  28   29     5    321 
  28   30    11    679 
  28   31     5    359 
  28   32     8    551 
  28   33     7    469 
  28   34    12    769 
  28   35     7    483 
  28   36     4    247 
  28   37     5    320 
  28   38     4    308 
  28   39     4    282 
  29    0     6    370 
  29    1     7    475 
  29    2    12    755 
  29    3    10    637 
  29    4     8    500 
  29    5    11    705 
  29    6     4    288 
  29    7    12    764 
  29    8     3    231 
  29    9    11    715 
  29   10     6    427 
  29   11     4    261 
  29   12    10    624 
  29   13     9    590 
  29   14     4    264 
  29   15     8    504 
  29   16     6    409 
  29   17    10    627 
  29   18     6    424 
  29   19     4    264 
  29   20     4    260 
  29   21    10    638 
  29   22     8    535 
  29   23     3    214 
  29   24     5    360 
  29   25     4    305 
  29   26    11    703 
  29   27     7    444 
  29   28     4    284 
  29   29    11    702 
  29   30     7    456 
  29   31    11    702 
  29   32    10    636 
  29   33     7    493 
  29   34    12    771 
  29   35    12    768 
  29   36     8    540 
  29   37     4    272 
  29   38     8    535 
  29   39     4    264 
  30    0     8    532 
  30    1     9    572 
  30    2     4    252 
  30    3     3    210 
  30    4     3    205 
  30    5     7    446 
  30    6     5    349 
  30    7    10    618 
  30    8    11    700 
  30    9     9    555 
  30   10    12    783 
  30   11     3    243 
  30   12     6    418 
  30   13     4    262 
  30   14    11    735 
  30   15     7    446 
  30   16     3    235 
  30   17     7    492 
  30   18    10    644 
  30   19    11    736 
  30   20     7    456 
  30   21     7    480 
  30   22     7    492 
  30   23     3    242 
  30   24     4    263 
  30   25     8    499 
  30   26     8    549 
  30   27    12    794 
  30   28     3    243 
  30   29    10    665 
  30   30    12    799 
  30   31    10    672 
  30   32     3    235 
  30   33     9    566 
  30   34     4    253 
  30   35     7    440 
  30   36    11    717 
  30   37     4    257 
  30   38     3    213 
  30   39    10    669 
  31    0     5    351 
  31    1     5    335 
  31    2     8    495 
  31    3    11    688 
  31    4    11    714 
  31    5     9    614 
  31    6     5    325 
  31    7    10    644 
  31    8     6    374 
  31    9     3    205 
  31   10     3    206 
  31   11     6    405 
  31   12    11    739 
  31   13     7    448 
  31   14     4    276 
  31   15     9    590 
  31   16     4    265 
  31   17     8    520 
  31   18    11    725 
  31   19    11    728 
  31   20     4    261 
  31   21     8    541 
  31   22     4    308 
  31   23    12    796 
  31   24     5    345 
  31   25     7    439 
  31   26     9    610 
  31   27     3    222 
  31   28     4    288 
  31   29     4    299 
  31   30    10    630 
  31   31     3    231 
  31   32     7    449 
  31   33     7    461 
  31   34     4    258 
  31   35    12    740 
  31   36    11    733 
  31   37     5    335 
  31   38     3    229 
  31   39     4    297 
  32    0     7    469 
  32    1     6    412 
  32    2    11    731 
  32    3     6    408 
  32    4     7    442 
  32    5    10    655 
  32    6     9    581 
  32    7    11    720 
  32    8     4    258 
  32    9    10    627 
  32   10     4    259 
  32   11     6    407 
  32   12     4    288 
  32   13     4    304 
  32   14     6    401 
  32   15     9    600 
  32   16     7    439 
  32   17     5    322 
  32   18    12    740 
  32   19     6    397 
  32   20     9    583 
  32   21    11    712 
  32   22     4    255 
  32   23    10    632 
  32   24     5    311 
  32   25     9    556 
  32   26     5    327 
  32   27     4    303 
  32   28     4    282 
  32   29    10    647 
  32   30     6    400 
  32   31    11    729 
  32   32     9    613 
  32   33     5    349 
  32   34    10    656 
  32   35     9    611 
  32   36     4    294 
  32   37     7    467 
  32   38     6    402 
  32   39     7    448 
  33    0     8    520 
  33    1     5    337 
  33    2    11    727 
  33    3     6    376 
  33    4     4    269 
  33    5     8    532 
  33    6    10    643 
  33    7     9    596 
  33    8    12    786 
  33    9     5    360 
  33   10     3    242 
  33   11    12    768 
  33   12     8    507 
  33   13     6    399 
  33   14    12    799 
  33   15     3    200 
  33   16     4    290 
  33   17    10    628 
  33   18     8    536 
  33   19     4    277 
  33   20     5    327 
  33   21     4    282 
  33   22     9    558 
  33   23    12    784 
  33   24    10    649 
  33   25     3    212 
  33   26    11    717 
  33   27     7    441 
  33   28     5    357 
  33   29    10    650 
  33   30     8    507 
  33   31    12    769 
  33   32     3    218 
  33   33     6    383 
  33   34    12    797 
  33   35    11    690 
  33   36     5    367 
  33   37     7    485 
  33   38     4    252 
  33   39     6    420 
  34    0     9    570 
  34    1    12    770 
  34    2    10    675 
  34    3    10    647 
  34    4     6    391 
  34    5    12    787 
  34    6    10    654 
  34    7     3    222 
  34    8     7    486 
  34    9     6    389 
  34   10     4    249 
  34   11     3    211 
  34   12     4    255 
  34   13     8    547 
  34   14    11    707 
  34   15     3    228 
  34   16     4    251 
  34   17     3    238 
  34   18     4    288 
  34   19     4    294 
  34   20    10    654 
  34   21     5    369 
  34   22     8    516 
  34   23     4    255 
  34   24    11    727 
  34   25    11    682 
  34   26     4    264 
  34   27     5    337 
  34   28    10    676 
  34   29     3    229 
  34   30     5    331 
  34   31     3    228 
  34   32     8    501 
  34   33     9    583 
  34   34     7    460 
  34   35    11    683 
  34   36     3    236 
  34   37     3    242 
  34   38     5    326 
  34   39    12    760 
  35    0     8    513 
  35    1     3    220 
  35    2     3    237 
  35    3     5    336 
  35    4     4    272 
  35    5     4    263 
  35    6     4    275 
  35    7     4    270 
  35    8    10    643 
  35    9     6    370 
  35   10    11    731 
  35   11    11    730 
  35   12     8    511 
  35   13     7    451 
  35   14    10    620 
  35   15     7    461 
  35   16     7    477 
  35   17     4    279 
  35   18     3    225 
  35   19     9    557 
  35   20     5    339 
  35   21     5    341 
  35   22     7    436 
  35   23     7    475 
  35   24     8    517 
  35   25    11    734 
  35   26     4    263 
  35   27     6    404 
  35   28     3    211 
  35   29    10    620 
  35   30     5    319 
  35   31    10    628 
  35   32     5    339 
  35   33     8    550 
  35   34    12    775 
  35   35    11    731 
  35   36     8    542 
  35   37     9    566 
  35   38     7    491 
  35   39     9    604 
  36    0     6    422 
  36    1    10    676 
  36    2     8    527 
  36    3     9    616 
  36    4     6    417 
  36    5    12    779 
  36    6     7    461 
  36    7     3    202 
  36    8    11    684 
  36    9     6    383 
  36   10    12    756 
  36   11     9    557 
  36   12     3    232 
  36   13     6    374 
  36   14    12    752 
  36   15     6    388 
  36   16     5    330 
  36   17    10    656 
  36   18    10    617 
  36   19     6    391 
  36   20     8    497 
  36   21    10    660 
  36   22     9    561 
  36   23     7    447 
  36   24    10    648 
  36   25    10    646 
  36   26     3    226 
  36   27    11    697 
  36   28     8    538 
  36   29    10    649 
  36   30     7    491 
  36   31     4    254 
  36   32     6    420 
  36   33     9    583 
  36   34     7    459 
  36   35     7    443 
  36   36    12    767 
  36   37     7    492 
  36   38     4    253 
  36   39    10    678 
  37    0     4    271 
  37    1     7    441 
  37    2     5    315 
  37    3    10    620 
  37    4     4    251 
  37    5    11    707 
  37    6     4    283 
  37    7    10    664 
  37    8    10    634 
  37    9     6    428 
  37   10     6    409 
  37   11     7    472 
  37   12     3    240 
  37   13     8    531 
  37   14    11    691 
  37   15     7    478 
  37   16     6    382 
  37   17    11    738 
  37   18     6    429 
  37   19     3    246 
  37   20     4    291 
  37   21     3    223 
  37   22     5    326 
  37   23     6    388 
  37   24     4    301 
  37   25     4    248 
  37   26     3    234 
  37   27     3    209 
  37   28     6    401 
  37   29    11    734 
  37   30     8    548 
  37   31     5    321 
  37   32    10    633 
  37   33     3    233 
  37   34     3    202 
  37   35    12    799 
  37   36     4    250 
  37   37     6    377 
  37   38     6    411 
  37   39     7    465 
  38    0    11    694 
  38    1     8    515 
  38    2    12    798 
  38    3     3    242 
  38    4     5    349 
  38    5     4    262 
  38    6    10    659 
  38    7    10    673 
  38    8     6    380 
  38    9    12    782 
  38   10    10    635 
  38   11     6    413 
  38   12     5    368 
  38   13    11    686 
  38   14    10    645 
  38   15     9    589 
  38   16    11    735 
  38   17    11    702 
  38   18     5    345 
  38   19    10    651 
  38   20     8    521 
  38   21     7    446 
  38   22    10    669 
  38   23     9    576 
  38   24     4    247 
  38   25     3    208 
  38   26    10    646 
  38   27    11    708 
  38   28     4    277 
  38   29     7    455 
  38   30     7    479 
  38   31     6    416 
  38   32    12    781 
  38   33    12    795 
  38   34    11    691 
  38   35     5    348 
  38   36     7    492 
  38   37     6    397 
  38   38    11    702 
  38   39    10    648 
  39    0    10    654 
  39    1     8    495 
  39    2     4    300 
  39    3     4    278 
  39    4    10    639 
  39    5    10    660 
  39    6    10    633 
  39    7     7    441 
  39    8     6    393 
  39    9     6    387 
  39   10     8    521 
  39   11     8    523 
  39   12    11    721 
  39   13     9    573 
  39   14     9    591 
  39   15    12    748 
  39   16     6    372 
  39   17     8    548 
  39   18     4    308 
  39   19    10    670 
  39   20    10    655 
  39   21     6    380 
  39   22     6    375 
  39   23     3    238 
  39   24     5    342 
  39   25     9    592 
  39   26     5    354 
  39   27     6    373 
  39   28     3    241 
  39   29    12    766 
  39   30     7    480 
  39   31     9    600 
  39   32     6    416 
  39   33     8    523 
  39   34     8    501 
  39   35     8    494 
  39   36     5    334 
  39   37     6    430 
  39   38    10    648 
  39   39     6    370 
