 20
 20

   41
    3
    9
    4
   13
   45
   48
    3
   39
    7
   37
    7
   22
    6
    3
   11
   43
   39
    8
   30

   48
   11
   37
   45
   20
    6
   17
   20
   11
   18
   14
   37
   42
    7
    4
    4
   43
   10
    6
   18

   0    0    18    406 
   0    1    17    374 
   0    2    35    761 
   0    3    27    598 
   0    4    32    692 
   0    5    27    582 
   0    6    30    660 
   0    7    21    465 
   0    8    22    480 
   0    9    34    736 
   0   10    24    534 
   0   11    34    737 
   0   12    13    279 
   0   13    20    434 
   0   14    19    419 
   0   15    35    760 
   0   16    36    791 
   0   17    36    781 
   0   18    25    555 
   0   19    22    472 
   1    0    16    351 
   1    1    28    618 
   1    2    35    768 
   1    3    26    561 
   1    4    19    422 
   1    5    22    474 
   1    6    19    411 
   1    7    25    540 
   1    8    30    654 
   1    9    18    403 
   1   10    10    221 
   1   11    15    333 
   1   12    14    308 
   1   13    29    623 
   1   14    20    450 
   1   15    35    755 
   1   16    31    673 
   1   17    25    544 
   1   18    20    429 
   1   19    17    385 
   2    0    36    789 
   2    1    35    760 
   2    2    34    741 
   2    3    13    295 
   2    4    20    431 
   2    5    25    539 
   2    6    33    727 
   2    7    22    483 
   2    8    22    488 
   2    9    31    671 
   2   10    27    580 
   2   11    14    309 
   2   12    33    713 
   2   13    24    515 
   2   14    11    242 
   2   15    22    493 
   2   16     9    204 
   2   17    33    723 
   2   18    13    288 
   2   19    24    518 
   3    0    34    750 
   3    1    30    644 
   3    2    27    587 
   3    3    19    419 
   3    4    30    649 
   3    5    22    480 
   3    6    10    232 
   3    7    11    257 
   3    8    26    562 
   3    9    18    403 
   3   10    35    763 
   3   11    22    492 
   3   12    19    426 
   3   13    28    611 
   3   14    21    466 
   3   15    10    235 
   3   16    11    256 
   3   17    37    796 
   3   18    29    629 
   3   19    30    662 
   4    0    36    783 
   4    1    17    371 
   4    2    12    266 
   4    3    23    495 
   4    4    27    579 
   4    5    29    627 
   4    6    16    360 
   4    7    20    444 
   4    8    15    333 
   4    9    37    796 
   4   10     9    210 
   4   11    16    343 
   4   12    25    553 
   4   13    16    351 
   4   14    29    639 
   4   15    32    702 
   4   16    37    795 
   4   17    34    742 
   4   18    24    524 
   4   19    27    584 
   5    0    22    474 
   5    1    23    502 
   5    2    33    719 
   5    3    20    442 
   5    4    11    257 
   5    5    21    455 
   5    6    26    566 
   5    7    11    255 
   5    8     9    213 
   5    9     9    205 
   5   10    24    529 
   5   11    22    492 
   5   12    24    525 
   5   13    18    390 
   5   14    16    345 
   5   15    35    752 
   5   16    11    242 
   5   17    10    215 
   5   18    25    536 
   5   19    36    783 
   6    0    20    429 
   6    1    19    413 
   6    2    25    537 
   6    3    22    486 
   6    4    25    546 
   6    5    26    573 
   6    6    32    695 
   6    7    15    329 
   6    8    29    624 
   6    9    32    688 
   6   10    24    518 
   6   11    28    616 
   6   12    11    257 
   6   13    34    742 
   6   14    17    377 
   6   15    31    685 
   6   16    22    484 
   6   17    19    425 
   6   18    30    646 
   6   19    33    711 
   7    0     9    207 
   7    1    28    612 
   7    2    14    314 
   7    3    29    642 
   7    4    26    567 
   7    5    28    609 
   7    6    12    273 
   7    7    27    580 
   7    8    15    329 
   7    9    34    731 
   7   10    28    602 
   7   11    12    266 
   7   12    29    624 
   7   13    21    466 
   7   14    32    694 
   7   15    13    280 
   7   16    17    367 
   7   17    32    687 
   7   18    26    576 
   7   19     9    208 
   8    0    22    475 
   8    1    25    539 
   8    2    14    302 
   8    3    23    498 
   8    4    33    715 
   8    5    26    573 
   8    6     9    214 
   8    7    20    430 
   8    8    25    545 
   8    9    18    395 
   8   10    13    292 
   8   11    10    224 
   8   12     9    211 
   8   13    20    435 
   8   14    29    630 
   8   15    21    459 
   8   16    36    791 
   8   17    30    647 
   8   18    20    429 
   8   19    37    795 
   9    0    14    309 
   9    1    10    229 
   9    2    36    792 
   9    3    15    328 
   9    4    29    627 
   9    5    31    670 
   9    6    19    427 
   9    7    17    375 
   9    8    13    300 
   9    9    10    221 
   9   10    24    528 
   9   11    13    296 
   9   12    28    604 
   9   13    22    486 
   9   14    24    516 
   9   15    22    493 
   9   16    28    607 
   9   17    10    234 
   9   18    11    243 
   9   19    14    306 
  10    0    34    730 
  10    1    10    235 
  10    2    24    530 
  10    3    24    534 
  10    4    10    216 
  10    5    16    343 
  10    6    20    435 
  10    7    21    452 
  10    8    15    335 
  10    9    32    691 
  10   10    25    538 
  10   11    35    764 
  10   12    14    320 
  10   13    23    499 
  10   14    13    296 
  10   15    10    221 
  10   16    16    344 
  10   17    22    478 
  10   18    13    294 
  10   19    13    283 
  11    0    16    356 
  11    1    32    691 
  11    2    28    620 
  11    3    21    453 
  11    4    26    577 
  11    5    21    458 
  11    6    13    289 
  11    7    13    297 
  11    8    10    225 
  11    9    32    689 
  11   10    13    298 
  11   11    27    589 
  11   12    14    305 
  11   13    34    731 
  11   14    14    301 
  11   15    33    728 
  11   16    11    257 
  11   17    27    582 
  11   18    14    307 
  11   19    36    777 
  12    0    30    656 
  12    1    32    699 
  12    2    14    310 
  12    3    26    570 
  12    4    24    521 
  12    5    23    507 
  12    6    23    505 
  12    7    15    329 
  12    8     9    200 
  12    9    24    515 
  12   10    26    571 
  12   11    23    495 
  12   12    28    621 
  12   13    35    762 
  12   14    19    428 
  12   15    36    788 
  12   16    34    736 
  12   17    31    669 
  12   18    22    480 
  12   19    16    353 
  13    0    10    219 
  13    1    18    393 
  13    2    16    348 
  13    3    13    286 
  13    4    23    510 
  13    5    13    286 
  13    6    27    589 
  13    7    29    636 
  13    8    20    440 
  13    9    15    324 
  13   10    15    334 
  13   11    28    606 
  13   12    32    694 
  13   13    26    569 
  13   14    28    604 
  13   15    31    671 
  13   16    25    537 
  13   17    26    576 
  13   18    25    543 
  13   19    32    687 
  14    0    23    504 
  14    1    24    518 
  14    2    26    573 
  14    3    32    702 
  14    4    27    593 
  14    5    21    456 
  14    6    26    578 
  14    7    21    453 
  14    8    19    422 
  14    9    36    783 
  14   10    36    777 
  14   11    10    223 
  14   12    31    682 
  14   13    15    335 
  14   14    22    473 
  14   15    34    742 
  14   16    19    409 
  14   17    14    309 
  14   18    12    268 
  14   19    19    412 
  15    0    28    601 
  15    1    33    728 
  15    2    35    768 
  15    3    24    535 
  15    4    23    505 
  15    5    12    278 
  15    6    22    484 
  15    7    31    677 
  15    8    29    642 
  15    9    27    583 
  15   10    11    243 
  15   11    29    629 
  15   12    11    251 
  15   13    12    275 
  15   14    10    221 
  15   15    32    686 
  15   16    20    446 
  15   17    11    237 
  15   18    13    291 
  15   19    29    624 
  16    0    32    693 
  16    1    33    724 
  16    2    37    795 
  16    3    10    215 
  16    4    25    549 
  16    5    35    770 
  16    6    25    547 
  16    7    24    516 
  16    8    35    759 
  16    9    32    690 
  16   10    13    280 
  16   11    28    614 
  16   12    15    333 
  16   13    19    416 
  16   14    33    713 
  16   15    10    230 
  16   16    28    606 
  16   17    30    664 
  16   18    21    456 
  16   19    29    627 
  17    0    24    522 
  17    1    26    559 
  17    2    36    775 
  17    3    17    369 
  17    4    35    754 
  17    5    33    720 
  17    6    12    275 
  17    7    27    580 
  17    8    33    709 
  17    9    21    463 
  17   10    33    725 
  17   11    28    607 
  17   12    30    664 
  17   13    21    467 
  17   14    35    754 
  17   15    16    359 
  17   16    14    315 
  17   17    28    619 
  17   18    14    319 
  17   19    10    215 
  18    0    19    425 
  18    1    21    456 
  18    2    14    316 
  18    3    18    402 
  18    4    22    475 
  18    5    25    542 
  18    6    30    664 
  18    7    35    753 
  18    8    11    253 
  18    9    22    472 
  18   10    33    717 
  18   11    15    334 
  18   12    26    566 
  18   13    18    405 
  18   14    19    415 
  18   15    14    311 
  18   16     9    208 
  18   17    34    749 
  18   18    12    273 
  18   19    16    345 
  19    0    32    699 
  19    1    34    734 
  19    2    21    458 
  19    3    25    557 
  19    4    13    280 
  19    5    26    559 
  19    6    23    514 
  19    7    25    543 
  19    8    22    493 
  19    9    35    761 
  19   10    10    222 
  19   11    32    697 
  19   12    10    223 
  19   13    34    749 
  19   14    31    676 
  19   15    37    800 
  19   16    18    395 
  19   17    29    639 
  19   18    13    284 
  19   19    33    722 
