15 15
18 18 17 17 15 15 12 12 11 10 8 7 4 4 1 
25 17 16 16 15 14 13 12 8 7 7 5 5 5 4 
  613   801   335   593   759   317   313   754   541   973   322   857   353   853   324 
  785   423   745   777   298   867   613   540   959   639   577   877   564   986   791 
  356   871   600   221   658   625   874   726   873   287   451   428   312   867   680 
  402   201   844   368   642   291   801   634   549   756   549   662   702   603   756 
  351   342   565   278   275   945   915   381   528   702   561   678   883   699   652 
  347   644   394   683   667   595   792   696   843   660   929   782   734   452   444 
  286   880   323   263   712   636   527   572   322   790   861   898   440   301   827 
  687   257   723   283   381   935   730   594   597   607   750   685   204   280   890 
  797   504   642   964   341   305   961   222   244   305   891   777   211   766   374 
  335   472   494   841   621   838   315   521   309   252   658   638   449   846   427 
  916   795   488   382   383   633   243   619   275   913   317   945   237   469   518 
  956   627   754   407   620   518   668   747   548   205   681   661   377   203   265 
  884   848   753   624   314   782   224   715   268   958   419   985   433   494   374 
  392   921   922   264   337   820   368   203   291   448   230   351   322   908   356 
  716   927   937   320   655   954   662   404   480   836   256   672   358   715   683 

    0     0     0     0     0     0     0     0     0     0     0     0     0     0     0 
    0     0     0     0     0     0     0     0     0     0     0     0     0     0     0 
    0     0     0     0     0     0     0     0     0     0     0     0     0     0     0 
    0     0     0     0     0     0     0     0     0     0     0     0     0     0     0 
    0     0     0     0     0     0     0     0     0     0     0     0     0     0     0 
    0     0     0     0     0     0     0     0     0     0     0     0     0     0     0 
    0     0     0     0     0     0     0     0     0     0     0     0     0     0     0 
    0     0     0     0     0     0     0     0     0     0     0     0     0     0     0 
    0     0     0     0     0     0     0     0     0     0     0     0     0     0     0 
    0     0     0     0     0     0     0     0     0     0     0     0     0     0     0 
    0     0     0     0     0     0     0     0     0     0     0     0     0     0     0 
    0     0     0     0     0     0     0     0     0     0     0     0     0     0     0 
    0     0     0     0     0     0     0     0     0     0     0     0     0     0     0 
    0     0     0     0     0     0     0     0     0     0     0     0     0     0     0 
    0     0     0     0     0     0     0     0     0     0     0     0     0     0     0 
