15 15
20 19 19 18 17 16 16 14 13 10 9 7 6 6 5 
19 19 17 16 15 15 14 13 13 13 12 11 9 6 3 
  596   870   993   652   471   950   960   554   322   539   785   401   790   868   469 
  602   984   825   741   287   720   210   331   815   838   288   951   971   840   841 
  771   671   211   921   400   368   250   907   560   951   799   250   268   952   670 
  537   313   647   972   234   832   257   940   345   991   256   666   963   761   572 
  321   725   800   287   690   761   424   245   993   354   892   552   422   286   381 
  981   959   295   664   274   311   227   690   745   538   890   258   583   377   607 
  202   257   874   266   662   617   309   880   666   697   828   832   608   821   367 
  835   425   602   283   581   675   648   680   693   916   765   241   386   985   260 
  550   408   374   341   525   905   509   625   946   566   328   939   680   280   359 
  421   611   886   901   327   868   632   696   932   954   322   913   532   374   970 
  824   550   559   356   380   737   901   480   893   476   877   309   611   584   276 
  235   398   817   730   629   311   273   541   890   680   690   411   601   483   659 
  864   381   225   718   982   840   520   960   829   430   365   733   378   997   716 
  447   542   238   575   674   701   652   757   951   729   592   978   687   325   220 
  625   561   438   760   841   429   396   249   697   923   334   994   276   761   926 

    0     0     0     0     0     0     0     0     0     0     0     0     0     0     0 
    0     0     0     0     0     0     0     0     0     0     0     0     0     0     0 
    0     0     0     0     0     0     0     0     0     0     0     0     0     0     0 
    0     0     0     0     0     0     0     0     0     0     0     0     0     0     0 
    0     0     0     0     0     0     0     0     0     0     0     0     0     0     0 
    0     0     0     0     0     0     0     0     0     0     0     0     0     0     0 
    0     0     0     0     0     0     0     0     0     0     0     0     0     0     0 
    0     0     0     0     0     0     0     0     0     0     0     0     0     0     0 
    0     0     0     0     0     0     0     0     0     0     0     0     0     0     0 
    0     0     0     0     0     0     0     0     0     0     0     0     0     0     0 
    0     0     0     0     0     0     0     0     0     0     0     0     0     0     0 
    0     0     0     0     0     0     0     0     0     0     0     0     0     0     0 
    0     0     0     0     0     0     0     0     0     0     0     0     0     0     0 
    0     0     0     0     0     0     0     0     0     0     0     0     0     0     0 
    0     0     0     0     0     0     0     0     0     0     0     0     0     0     0 
