15 15
28 17 14 14 14 13 13 12 11 10 10 9 9 7 5 
20 19 19 17 17 17 14 13 10 10 9 6 6 5 4 
  368   240   399   315   686   357   809   709   339   970   358   237   228   265   655 
  375   443   529   401   607   990   297   765   435   620   613   863   282   957   579 
  935   492   727   605   423   833   886   571   553   503   646   869   207   232   404 
  766   306   885   374   450   685   964   509   389   673   213   933   379   972   519 
  468   700   431   918   462   568   530   296   318   289   751   592   722   711   864 
  902   969   780   499   882   794   388   826   650   299   531   336   392   380   758 
  714   463   456   330   421   388   699   666   769   771   760   301   504   891   596 
  737   479   811   200   798   835   779   630   281   277   329   736   910   655   289 
  786   590   840   478   998   958   704   316   566   238   793   720   387   995   914 
  913   692   784   804   523   773   908   515   590   809   468   488   265   997   517 
  531   415   379   713   903   529   971   473   682   915   388   625   654   608   976 
  761   282   573   239   293   791   203   965   800   742   730   256   889   911   321 
  659   340   867   886   986   767   852   979   451   364   958   399   892   364   802 
  499   704   789   510   984   462   701   592   414   252   563   717   412   699   281 
  597   763   497   968   563   616   832   790   241   992   714   920   932   583   806 

    0     0     0     0     0     0     0     0     0     0     0     0     0     0     0 
    0     0     0     0     0     0     0     0     0     0     0     0     0     0     0 
    0     0     0     0     0     0     0     0     0     0     0     0     0     0     0 
    0     0     0     0     0     0     0     0     0     0     0     0     0     0     0 
    0     0     0     0     0     0     0     0     0     0     0     0     0     0     0 
    0     0     0     0     0     0     0     0     0     0     0     0     0     0     0 
    0     0     0     0     0     0     0     0     0     0     0     0     0     0     0 
    0     0     0     0     0     0     0     0     0     0     0     0     0     0     0 
    0     0     0     0     0     0     0     0     0     0     0     0     0     0     0 
    0     0     0     0     0     0     0     0     0     0     0     0     0     0     0 
    0     0     0     0     0     0     0     0     0     0     0     0     0     0     0 
    0     0     0     0     0     0     0     0     0     0     0     0     0     0     0 
    0     0     0     0     0     0     0     0     0     0     0     0     0     0     0 
    0     0     0     0     0     0     0     0     0     0     0     0     0     0     0 
    0     0     0     0     0     0     0     0     0     0     0     0     0     0     0 
