15 15
20 18 17 15 15 10 10 10 9 8 6 5 5 4 4 
20 17 16 15 13 12 11 10 10 9 7 7 7 1 1 
  751   792   642   505   355   259   464   255   598   830   724   536   885   464   248 
  610   663   934   372   928   682   705   844   660   741   306   228   518   344   216 
  810   491   657   837   395   467   553   576   615   562   373   820   530   352   572 
  212   333   999   880   638   751   675   749   894   548   898   306   472   931   554 
  211   636   850   828   408   399   803   230   973   201   738   526   277   488   857 
  364   829   793   518   602   437   908   841   536   656   966   605   232   545   418 
  660   948   517   715   821   467   292   477   479   921   554   783   496   325   299 
  537   818   597   293   357   968   895   622   546   256   238   344   371   881   639 
  848   245   331   327   900   402   290   284   999   875   837   866   234   375   755 
  533   829   468   727   679   404   656   645   556   724   353   611   708   952   562 
  838   494   203   455   457   918   599   851   818   758   419   993   492   392   553 
  628   377   529   256   982   499   635   602   642   515   261   433   732   719   872 
  817   990   341   975   399   349   353   547   854   412   371   363   839   633   857 
  225   850   394   227   889   569   781   447   893   724   466   342   286   637   884 
  595   856   280   707   454   457   426   428   533   640   903   237   512   377   950 

    0     0     0     0     0     0     0     0     0     0     0     0     0     0     0 
    0     0     0     0     0     0     0     0     0     0     0     0     0     0     0 
    0     0     0     0     0     0     0     0     0     0     0     0     0     0     0 
    0     0     0     0     0     0     0     0     0     0     0     0     0     0     0 
    0     0     0     0     0     0     0     0     0     0     0     0     0     0     0 
    0     0     0     0     0     0     0     0     0     0     0     0     0     0     0 
    0     0     0     0     0     0     0     0     0     0     0     0     0     0     0 
    0     0     0     0     0     0     0     0     0     0     0     0     0     0     0 
    0     0     0     0     0     0     0     0     0     0     0     0     0     0     0 
    0     0     0     0     0     0     0     0     0     0     0     0     0     0     0 
    0     0     0     0     0     0     0     0     0     0     0     0     0     0     0 
    0     0     0     0     0     0     0     0     0     0     0     0     0     0     0 
    0     0     0     0     0     0     0     0     0     0     0     0     0     0     0 
    0     0     0     0     0     0     0     0     0     0     0     0     0     0     0 
    0     0     0     0     0     0     0     0     0     0     0     0     0     0     0 
