 40
 40

   44
   14
    3
   47
   31
   26
   43
   22
   23
   33
   48
   34
   15
   40
    1
   26
    3
   17
   38
   16
   31
   27
   20
   14
    1
   31
   31
   18
   12
   26
   19
   35
   44
   21
   23
   46
   11
    7
   50
   24

   24
   35
    6
   11
   49
   50
    5
   45
   45
    4
    9
   17
   39
   24
   35
   21
   19
   41
   10
    2
   11
   15
    3
   50
   10
   33
   12
   30
    4
   27
   31
   23
   31
   50
   48
   50
   21
   41
   10
   24

   0    0     0    656 
   0    1     0    677 
   0    2     0    637 
   0    3     0    279 
   0    4     0    469 
   0    5     0    546 
   0    6     0    280 
   0    7     0    775 
   0    8     0    440 
   0    9     0    343 
   0   10     0    297 
   0   11     0    328 
   0   12     0    477 
   0   13     0    603 
   0   14     0    736 
   0   15     0    599 
   0   16     0    507 
   0   17     0    344 
   0   18     0    282 
   0   19     0    398 
   0   20     0    765 
   0   21     0    467 
   0   22     0    284 
   0   23     0    645 
   0   24     0    528 
   0   25     0    231 
   0   26     0    444 
   0   27     0    326 
   0   28     0    327 
   0   29     0    335 
   0   30     0    790 
   0   31     0    744 
   0   32     0    727 
   0   33     0    712 
   0   34     0    654 
   0   35     0    229 
   0   36     0    579 
   0   37     0    552 
   0   38     0    595 
   0   39     0    760 
   1    0     0    356 
   1    1     0    601 
   1    2     0    351 
   1    3     0    643 
   1    4     0    488 
   1    5     0    309 
   1    6     0    572 
   1    7     0    693 
   1    8     0    447 
   1    9     0    544 
   1   10     0    520 
   1   11     0    601 
   1   12     0    341 
   1   13     0    683 
   1   14     0    764 
   1   15     0    409 
   1   16     0    656 
   1   17     0    713 
   1   18     0    250 
   1   19     0    792 
   1   20     0    257 
   1   21     0    767 
   1   22     0    289 
   1   23     0    689 
   1   24     0    229 
   1   25     0    626 
   1   26     0    656 
   1   27     0    786 
   1   28     0    730 
   1   29     0    799 
   1   30     0    367 
   1   31     0    786 
   1   32     0    573 
   1   33     0    252 
   1   34     0    641 
   1   35     0    220 
   1   36     0    630 
   1   37     0    392 
   1   38     0    604 
   1   39     0    553 
   2    0     0    415 
   2    1     0    207 
   2    2     0    494 
   2    3     0    558 
   2    4     0    788 
   2    5     0    346 
   2    6     0    728 
   2    7     0    309 
   2    8     0    478 
   2    9     0    235 
   2   10     0    770 
   2   11     0    413 
   2   12     0    605 
   2   13     0    266 
   2   14     0    408 
   2   15     0    587 
   2   16     0    786 
   2   17     0    647 
   2   18     0    625 
   2   19     0    319 
   2   20     0    210 
   2   21     0    463 
   2   22     0    280 
   2   23     0    593 
   2   24     0    397 
   2   25     0    315 
   2   26     0    578 
   2   27     0    215 
   2   28     0    396 
   2   29     0    577 
   2   30     0    312 
   2   31     0    738 
   2   32     0    705 
   2   33     0    321 
   2   34     0    361 
   2   35     0    751 
   2   36     0    725 
   2   37     0    344 
   2   38     0    211 
   2   39     0    513 
   3    0     0    474 
   3    1     0    707 
   3    2     0    283 
   3    3     0    550 
   3    4     0    380 
   3    5     0    401 
   3    6     0    422 
   3    7     0    613 
   3    8     0    471 
   3    9     0    695 
   3   10     0    293 
   3   11     0    536 
   3   12     0    575 
   3   13     0    657 
   3   14     0    689 
   3   15     0    747 
   3   16     0    598 
   3   17     0    301 
   3   18     0    289 
   3   19     0    366 
   3   20     0    406 
   3   21     0    386 
   3   22     0    569 
   3   23     0    442 
   3   24     0    404 
   3   25     0    311 
   3   26     0    683 
   3   27     0    505 
   3   28     0    728 
   3   29     0    214 
   3   30     0    464 
   3   31     0    786 
   3   32     0    552 
   3   33     0    701 
   3   34     0    738 
   3   35     0    207 
   3   36     0    552 
   3   37     0    447 
   3   38     0    428 
   3   39     0    205 
   4    0     0    646 
   4    1     0    326 
   4    2     0    735 
   4    3     0    782 
   4    4     0    247 
   4    5     0    228 
   4    6     0    367 
   4    7     0    212 
   4    8     0    505 
   4    9     0    532 
   4   10     0    564 
   4   11     0    456 
   4   12     0    776 
   4   13     0    363 
   4   14     0    379 
   4   15     0    285 
   4   16     0    770 
   4   17     0    211 
   4   18     0    594 
   4   19     0    415 
   4   20     0    669 
   4   21     0    776 
   4   22     0    788 
   4   23     0    781 
   4   24     0    614 
   4   25     0    570 
   4   26     0    593 
   4   27     0    519 
   4   28     0    728 
   4   29     0    732 
   4   30     0    741 
   4   31     0    568 
   4   32     0    581 
   4   33     0    596 
   4   34     0    636 
   4   35     0    761 
   4   36     0    205 
   4   37     0    220 
   4   38     0    398 
   4   39     0    533 
   5    0     0    309 
   5    1     0    764 
   5    2     0    795 
   5    3     0    309 
   5    4     0    605 
   5    5     0    589 
   5    6     0    510 
   5    7     0    491 
   5    8     0    603 
   5    9     0    576 
   5   10     0    495 
   5   11     0    468 
   5   12     0    521 
   5   13     0    321 
   5   14     0    784 
   5   15     0    351 
   5   16     0    589 
   5   17     0    618 
   5   18     0    747 
   5   19     0    316 
   5   20     0    386 
   5   21     0    486 
   5   22     0    462 
   5   23     0    340 
   5   24     0    458 
   5   25     0    732 
   5   26     0    335 
   5   27     0    535 
   5   28     0    357 
   5   29     0    613 
   5   30     0    648 
   5   31     0    475 
   5   32     0    565 
   5   33     0    676 
   5   34     0    437 
   5   35     0    398 
   5   36     0    662 
   5   37     0    365 
   5   38     0    746 
   5   39     0    279 
   6    0     0    554 
   6    1     0    484 
   6    2     0    587 
   6    3     0    776 
   6    4     0    463 
   6    5     0    515 
   6    6     0    244 
   6    7     0    755 
   6    8     0    693 
   6    9     0    529 
   6   10     0    727 
   6   11     0    508 
   6   12     0    671 
   6   13     0    256 
   6   14     0    375 
   6   15     0    788 
   6   16     0    773 
   6   17     0    229 
   6   18     0    212 
   6   19     0    784 
   6   20     0    215 
   6   21     0    606 
   6   22     0    293 
   6   23     0    467 
   6   24     0    573 
   6   25     0    269 
   6   26     0    552 
   6   27     0    635 
   6   28     0    669 
   6   29     0    302 
   6   30     0    204 
   6   31     0    248 
   6   32     0    675 
   6   33     0    475 
   6   34     0    277 
   6   35     0    237 
   6   36     0    203 
   6   37     0    498 
   6   38     0    413 
   6   39     0    705 
   7    0     0    589 
   7    1     0    592 
   7    2     0    725 
   7    3     0    614 
   7    4     0    797 
   7    5     0    747 
   7    6     0    334 
   7    7     0    376 
   7    8     0    244 
   7    9     0    653 
   7   10     0    761 
   7   11     0    743 
   7   12     0    624 
   7   13     0    424 
   7   14     0    526 
   7   15     0    565 
   7   16     0    309 
   7   17     0    383 
   7   18     0    774 
   7   19     0    693 
   7   20     0    790 
   7   21     0    233 
   7   22     0    653 
   7   23     0    594 
   7   24     0    725 
   7   25     0    733 
   7   26     0    207 
   7   27     0    511 
   7   28     0    234 
   7   29     0    375 
   7   30     0    690 
   7   31     0    686 
   7   32     0    202 
   7   33     0    709 
   7   34     0    707 
   7   35     0    457 
   7   36     0    389 
   7   37     0    631 
   7   38     0    701 
   7   39     0    746 
   8    0     0    561 
   8    1     0    539 
   8    2     0    423 
   8    3     0    319 
   8    4     0    493 
   8    5     0    714 
   8    6     0    702 
   8    7     0    398 
   8    8     0    297 
   8    9     0    320 
   8   10     0    227 
   8   11     0    286 
   8   12     0    769 
   8   13     0    730 
   8   14     0    473 
   8   15     0    540 
   8   16     0    750 
   8   17     0    528 
   8   18     0    564 
   8   19     0    614 
   8   20     0    599 
   8   21     0    420 
   8   22     0    354 
   8   23     0    699 
   8   24     0    393 
   8   25     0    499 
   8   26     0    758 
   8   27     0    533 
   8   28     0    800 
   8   29     0    233 
   8   30     0    596 
   8   31     0    766 
   8   32     0    467 
   8   33     0    209 
   8   34     0    448 
   8   35     0    325 
   8   36     0    402 
   8   37     0    428 
   8   38     0    707 
   8   39     0    712 
   9    0     0    511 
   9    1     0    277 
   9    2     0    215 
   9    3     0    661 
   9    4     0    221 
   9    5     0    666 
   9    6     0    700 
   9    7     0    371 
   9    8     0    249 
   9    9     0    627 
   9   10     0    367 
   9   11     0    518 
   9   12     0    584 
   9   13     0    697 
   9   14     0    762 
   9   15     0    716 
   9   16     0    535 
   9   17     0    423 
   9   18     0    422 
   9   19     0    464 
   9   20     0    477 
   9   21     0    614 
   9   22     0    535 
   9   23     0    363 
   9   24     0    762 
   9   25     0    509 
   9   26     0    371 
   9   27     0    467 
   9   28     0    458 
   9   29     0    773 
   9   30     0    334 
   9   31     0    648 
   9   32     0    322 
   9   33     0    432 
   9   34     0    330 
   9   35     0    735 
   9   36     0    374 
   9   37     0    572 
   9   38     0    467 
   9   39     0    286 
  10    0     0    205 
  10    1     0    521 
  10    2     0    529 
  10    3     0    499 
  10    4     0    544 
  10    5     0    206 
  10    6     0    511 
  10    7     0    541 
  10    8     0    598 
  10    9     0    660 
  10   10     0    512 
  10   11     0    547 
  10   12     0    483 
  10   13     0    539 
  10   14     0    732 
  10   15     0    608 
  10   16     0    522 
  10   17     0    228 
  10   18     0    420 
  10   19     0    758 
  10   20     0    375 
  10   21     0    345 
  10   22     0    252 
  10   23     0    726 
  10   24     0    615 
  10   25     0    596 
  10   26     0    539 
  10   27     0    354 
  10   28     0    577 
  10   29     0    742 
  10   30     0    702 
  10   31     0    685 
  10   32     0    711 
  10   33     0    621 
  10   34     0    278 
  10   35     0    647 
  10   36     0    729 
  10   37     0    775 
  10   38     0    510 
  10   39     0    207 
  11    0     0    266 
  11    1     0    398 
  11    2     0    754 
  11    3     0    495 
  11    4     0    489 
  11    5     0    686 
  11    6     0    367 
  11    7     0    315 
  11    8     0    285 
  11    9     0    483 
  11   10     0    282 
  11   11     0    681 
  11   12     0    285 
  11   13     0    569 
  11   14     0    433 
  11   15     0    491 
  11   16     0    469 
  11   17     0    278 
  11   18     0    614 
  11   19     0    324 
  11   20     0    569 
  11   21     0    433 
  11   22     0    720 
  11   23     0    653 
  11   24     0    371 
  11   25     0    374 
  11   26     0    706 
  11   27     0    725 
  11   28     0    575 
  11   29     0    734 
  11   30     0    683 
  11   31     0    259 
  11   32     0    733 
  11   33     0    635 
  11   34     0    361 
  11   35     0    376 
  11   36     0    665 
  11   37     0    355 
  11   38     0    408 
  11   39     0    644 
  12    0     0    299 
  12    1     0    568 
  12    2     0    339 
  12    3     0    648 
  12    4     0    498 
  12    5     0    313 
  12    6     0    497 
  12    7     0    237 
  12    8     0    793 
  12    9     0    476 
  12   10     0    675 
  12   11     0    293 
  12   12     0    609 
  12   13     0    528 
  12   14     0    371 
  12   15     0    364 
  12   16     0    791 
  12   17     0    724 
  12   18     0    565 
  12   19     0    308 
  12   20     0    354 
  12   21     0    351 
  12   22     0    344 
  12   23     0    504 
  12   24     0    216 
  12   25     0    546 
  12   26     0    703 
  12   27     0    620 
  12   28     0    420 
  12   29     0    206 
  12   30     0    214 
  12   31     0    208 
  12   32     0    236 
  12   33     0    331 
  12   34     0    460 
  12   35     0    231 
  12   36     0    279 
  12   37     0    332 
  12   38     0    595 
  12   39     0    223 
  13    0     0    690 
  13    1     0    316 
  13    2     0    359 
  13    3     0    240 
  13    4     0    483 
  13    5     0    215 
  13    6     0    381 
  13    7     0    535 
  13    8     0    597 
  13    9     0    475 
  13   10     0    240 
  13   11     0    764 
  13   12     0    442 
  13   13     0    319 
  13   14     0    200 
  13   15     0    376 
  13   16     0    221 
  13   17     0    459 
  13   18     0    547 
  13   19     0    495 
  13   20     0    233 
  13   21     0    673 
  13   22     0    620 
  13   23     0    255 
  13   24     0    681 
  13   25     0    253 
  13   26     0    602 
  13   27     0    558 
  13   28     0    566 
  13   29     0    341 
  13   30     0    214 
  13   31     0    545 
  13   32     0    777 
  13   33     0    728 
  13   34     0    281 
  13   35     0    215 
  13   36     0    448 
  13   37     0    620 
  13   38     0    752 
  13   39     0    511 
  14    0     0    242 
  14    1     0    789 
  14    2     0    467 
  14    3     0    555 
  14    4     0    792 
  14    5     0    236 
  14    6     0    602 
  14    7     0    683 
  14    8     0    763 
  14    9     0    680 
  14   10     0    551 
  14   11     0    519 
  14   12     0    423 
  14   13     0    231 
  14   14     0    251 
  14   15     0    431 
  14   16     0    727 
  14   17     0    712 
  14   18     0    502 
  14   19     0    688 
  14   20     0    332 
  14   21     0    764 
  14   22     0    260 
  14   23     0    322 
  14   24     0    494 
  14   25     0    507 
  14   26     0    546 
  14   27     0    626 
  14   28     0    601 
  14   29     0    548 
  14   30     0    560 
  14   31     0    496 
  14   32     0    439 
  14   33     0    429 
  14   34     0    581 
  14   35     0    561 
  14   36     0    340 
  14   37     0    439 
  14   38     0    349 
  14   39     0    344 
  15    0     0    679 
  15    1     0    581 
  15    2     0    265 
  15    3     0    336 
  15    4     0    605 
  15    5     0    785 
  15    6     0    722 
  15    7     0    526 
  15    8     0    356 
  15    9     0    318 
  15   10     0    586 
  15   11     0    322 
  15   12     0    535 
  15   13     0    619 
  15   14     0    399 
  15   15     0    363 
  15   16     0    453 
  15   17     0    515 
  15   18     0    719 
  15   19     0    670 
  15   20     0    647 
  15   21     0    485 
  15   22     0    300 
  15   23     0    554 
  15   24     0    464 
  15   25     0    800 
  15   26     0    296 
  15   27     0    794 
  15   28     0    552 
  15   29     0    771 
  15   30     0    548 
  15   31     0    258 
  15   32     0    610 
  15   33     0    427 
  15   34     0    501 
  15   35     0    262 
  15   36     0    522 
  15   37     0    744 
  15   38     0    209 
  15   39     0    274 
  16    0     0    486 
  16    1     0    609 
  16    2     0    453 
  16    3     0    435 
  16    4     0    460 
  16    5     0    577 
  16    6     0    515 
  16    7     0    793 
  16    8     0    719 
  16    9     0    392 
  16   10     0    771 
  16   11     0    554 
  16   12     0    391 
  16   13     0    394 
  16   14     0    431 
  16   15     0    346 
  16   16     0    763 
  16   17     0    623 
  16   18     0    301 
  16   19     0    762 
  16   20     0    648 
  16   21     0    298 
  16   22     0    748 
  16   23     0    661 
  16   24     0    303 
  16   25     0    748 
  16   26     0    360 
  16   27     0    660 
  16   28     0    670 
  16   29     0    769 
  16   30     0    509 
  16   31     0    211 
  16   32     0    232 
  16   33     0    413 
  16   34     0    397 
  16   35     0    502 
  16   36     0    488 
  16   37     0    529 
  16   38     0    740 
  16   39     0    706 
  17    0     0    754 
  17    1     0    647 
  17    2     0    446 
  17    3     0    792 
  17    4     0    424 
  17    5     0    690 
  17    6     0    688 
  17    7     0    653 
  17    8     0    607 
  17    9     0    636 
  17   10     0    778 
  17   11     0    592 
  17   12     0    627 
  17   13     0    652 
  17   14     0    462 
  17   15     0    420 
  17   16     0    735 
  17   17     0    511 
  17   18     0    547 
  17   19     0    732 
  17   20     0    240 
  17   21     0    400 
  17   22     0    578 
  17   23     0    444 
  17   24     0    799 
  17   25     0    338 
  17   26     0    799 
  17   27     0    700 
  17   28     0    527 
  17   29     0    762 
  17   30     0    225 
  17   31     0    313 
  17   32     0    301 
  17   33     0    247 
  17   34     0    497 
  17   35     0    767 
  17   36     0    313 
  17   37     0    696 
  17   38     0    791 
  17   39     0    650 
  18    0     0    469 
  18    1     0    376 
  18    2     0    508 
  18    3     0    739 
  18    4     0    359 
  18    5     0    200 
  18    6     0    595 
  18    7     0    463 
  18    8     0    449 
  18    9     0    493 
  18   10     0    629 
  18   11     0    299 
  18   12     0    356 
  18   13     0    230 
  18   14     0    535 
  18   15     0    393 
  18   16     0    750 
  18   17     0    659 
  18   18     0    302 
  18   19     0    305 
  18   20     0    379 
  18   21     0    235 
  18   22     0    770 
  18   23     0    600 
  18   24     0    336 
  18   25     0    261 
  18   26     0    509 
  18   27     0    504 
  18   28     0    357 
  18   29     0    443 
  18   30     0    684 
  18   31     0    578 
  18   32     0    269 
  18   33     0    567 
  18   34     0    423 
  18   35     0    531 
  18   36     0    442 
  18   37     0    218 
  18   38     0    525 
  18   39     0    687 
  19    0     0    443 
  19    1     0    247 
  19    2     0    264 
  19    3     0    796 
  19    4     0    203 
  19    5     0    385 
  19    6     0    460 
  19    7     0    256 
  19    8     0    422 
  19    9     0    714 
  19   10     0    354 
  19   11     0    782 
  19   12     0    263 
  19   13     0    371 
  19   14     0    476 
  19   15     0    691 
  19   16     0    367 
  19   17     0    216 
  19   18     0    209 
  19   19     0    363 
  19   20     0    722 
  19   21     0    415 
  19   22     0    528 
  19   23     0    302 
  19   24     0    476 
  19   25     0    677 
  19   26     0    688 
  19   27     0    538 
  19   28     0    741 
  19   29     0    550 
  19   30     0    422 
  19   31     0    590 
  19   32     0    200 
  19   33     0    479 
  19   34     0    399 
  19   35     0    329 
  19   36     0    327 
  19   37     0    761 
  19   38     0    310 
  19   39     0    743 
  20    0     0    753 
  20    1     0    734 
  20    2     0    695 
  20    3     0    609 
  20    4     0    293 
  20    5     0    347 
  20    6     0    723 
  20    7     0    745 
  20    8     0    761 
  20    9     0    481 
  20   10     0    566 
  20   11     0    458 
  20   12     0    239 
  20   13     0    599 
  20   14     0    446 
  20   15     0    777 
  20   16     0    405 
  20   17     0    760 
  20   18     0    587 
  20   19     0    490 
  20   20     0    702 
  20   21     0    283 
  20   22     0    731 
  20   23     0    445 
  20   24     0    426 
  20   25     0    647 
  20   26     0    272 
  20   27     0    708 
  20   28     0    250 
  20   29     0    527 
  20   30     0    631 
  20   31     0    362 
  20   32     0    615 
  20   33     0    276 
  20   34     0    521 
  20   35     0    736 
  20   36     0    735 
  20   37     0    366 
  20   38     0    708 
  20   39     0    288 
  21    0     0    737 
  21    1     0    257 
  21    2     0    574 
  21    3     0    660 
  21    4     0    615 
  21    5     0    495 
  21    6     0    752 
  21    7     0    468 
  21    8     0    573 
  21    9     0    243 
  21   10     0    748 
  21   11     0    418 
  21   12     0    212 
  21   13     0    422 
  21   14     0    601 
  21   15     0    754 
  21   16     0    312 
  21   17     0    527 
  21   18     0    384 
  21   19     0    469 
  21   20     0    225 
  21   21     0    452 
  21   22     0    673 
  21   23     0    513 
  21   24     0    367 
  21   25     0    417 
  21   26     0    639 
  21   27     0    644 
  21   28     0    496 
  21   29     0    742 
  21   30     0    447 
  21   31     0    482 
  21   32     0    399 
  21   33     0    472 
  21   34     0    463 
  21   35     0    573 
  21   36     0    362 
  21   37     0    652 
  21   38     0    232 
  21   39     0    418 
  22    0     0    609 
  22    1     0    310 
  22    2     0    350 
  22    3     0    451 
  22    4     0    203 
  22    5     0    587 
  22    6     0    631 
  22    7     0    414 
  22    8     0    589 
  22    9     0    450 
  22   10     0    724 
  22   11     0    279 
  22   12     0    689 
  22   13     0    525 
  22   14     0    535 
  22   15     0    393 
  22   16     0    419 
  22   17     0    385 
  22   18     0    427 
  22   19     0    745 
  22   20     0    470 
  22   21     0    404 
  22   22     0    519 
  22   23     0    313 
  22   24     0    477 
  22   25     0    229 
  22   26     0    297 
  22   27     0    757 
  22   28     0    608 
  22   29     0    212 
  22   30     0    611 
  22   31     0    355 
  22   32     0    738 
  22   33     0    636 
  22   34     0    776 
  22   35     0    738 
  22   36     0    613 
  22   37     0    536 
  22   38     0    463 
  22   39     0    589 
  23    0     0    469 
  23    1     0    698 
  23    2     0    798 
  23    3     0    592 
  23    4     0    715 
  23    5     0    269 
  23    6     0    247 
  23    7     0    288 
  23    8     0    240 
  23    9     0    300 
  23   10     0    556 
  23   11     0    348 
  23   12     0    473 
  23   13     0    513 
  23   14     0    518 
  23   15     0    485 
  23   16     0    783 
  23   17     0    415 
  23   18     0    487 
  23   19     0    615 
  23   20     0    518 
  23   21     0    254 
  23   22     0    512 
  23   23     0    549 
  23   24     0    636 
  23   25     0    273 
  23   26     0    783 
  23   27     0    581 
  23   28     0    279 
  23   29     0    738 
  23   30     0    561 
  23   31     0    266 
  23   32     0    394 
  23   33     0    356 
  23   34     0    749 
  23   35     0    363 
  23   36     0    473 
  23   37     0    520 
  23   38     0    348 
  23   39     0    712 
  24    0     0    235 
  24    1     0    209 
  24    2     0    272 
  24    3     0    265 
  24    4     0    220 
  24    5     0    243 
  24    6     0    262 
  24    7     0    644 
  24    8     0    269 
  24    9     0    692 
  24   10     0    334 
  24   11     0    796 
  24   12     0    614 
  24   13     0    796 
  24   14     0    325 
  24   15     0    529 
  24   16     0    212 
  24   17     0    314 
  24   18     0    391 
  24   19     0    529 
  24   20     0    651 
  24   21     0    568 
  24   22     0    408 
  24   23     0    724 
  24   24     0    513 
  24   25     0    238 
  24   26     0    551 
  24   27     0    418 
  24   28     0    236 
  24   29     0    445 
  24   30     0    446 
  24   31     0    236 
  24   32     0    523 
  24   33     0    478 
  24   34     0    712 
  24   35     0    754 
  24   36     0    779 
  24   37     0    713 
  24   38     0    729 
  24   39     0    694 
  25    0     0    285 
  25    1     0    389 
  25    2     0    743 
  25    3     0    791 
  25    4     0    684 
  25    5     0    731 
  25    6     0    658 
  25    7     0    626 
  25    8     0    368 
  25    9     0    344 
  25   10     0    653 
  25   11     0    287 
  25   12     0    615 
  25   13     0    765 
  25   14     0    647 
  25   15     0    435 
  25   16     0    375 
  25   17     0    592 
  25   18     0    212 
  25   19     0    743 
  25   20     0    799 
  25   21     0    524 
  25   22     0    688 
  25   23     0    350 
  25   24     0    305 
  25   25     0    222 
  25   26     0    673 
  25   27     0    368 
  25   28     0    344 
  25   29     0    742 
  25   30     0    424 
  25   31     0    399 
  25   32     0    693 
  25   33     0    589 
  25   34     0    279 
  25   35     0    449 
  25   36     0    673 
  25   37     0    606 
  25   38     0    562 
  25   39     0    484 
  26    0     0    775 
  26    1     0    526 
  26    2     0    568 
  26    3     0    492 
  26    4     0    416 
  26    5     0    349 
  26    6     0    653 
  26    7     0    480 
  26    8     0    441 
  26    9     0    384 
  26   10     0    486 
  26   11     0    736 
  26   12     0    367 
  26   13     0    743 
  26   14     0    206 
  26   15     0    341 
  26   16     0    609 
  26   17     0    626 
  26   18     0    299 
  26   19     0    339 
  26   20     0    294 
  26   21     0    776 
  26   22     0    767 
  26   23     0    322 
  26   24     0    751 
  26   25     0    577 
  26   26     0    315 
  26   27     0    551 
  26   28     0    680 
  26   29     0    505 
  26   30     0    511 
  26   31     0    236 
  26   32     0    787 
  26   33     0    376 
  26   34     0    742 
  26   35     0    623 
  26   36     0    740 
  26   37     0    277 
  26   38     0    623 
  26   39     0    307 
  27    0     0    596 
  27    1     0    368 
  27    2     0    334 
  27    3     0    471 
  27    4     0    331 
  27    5     0    338 
  27    6     0    528 
  27    7     0    586 
  27    8     0    688 
  27    9     0    451 
  27   10     0    342 
  27   11     0    795 
  27   12     0    677 
  27   13     0    483 
  27   14     0    445 
  27   15     0    630 
  27   16     0    343 
  27   17     0    506 
  27   18     0    799 
  27   19     0    747 
  27   20     0    672 
  27   21     0    302 
  27   22     0    338 
  27   23     0    500 
  27   24     0    727 
  27   25     0    303 
  27   26     0    640 
  27   27     0    231 
  27   28     0    679 
  27   29     0    729 
  27   30     0    685 
  27   31     0    484 
  27   32     0    409 
  27   33     0    384 
  27   34     0    375 
  27   35     0    664 
  27   36     0    436 
  27   37     0    770 
  27   38     0    367 
  27   39     0    458 
  28    0     0    390 
  28    1     0    553 
  28    2     0    784 
  28    3     0    709 
  28    4     0    777 
  28    5     0    240 
  28    6     0    453 
  28    7     0    486 
  28    8     0    552 
  28    9     0    769 
  28   10     0    251 
  28   11     0    417 
  28   12     0    457 
  28   13     0    614 
  28   14     0    671 
  28   15     0    295 
  28   16     0    575 
  28   17     0    667 
  28   18     0    420 
  28   19     0    397 
  28   20     0    341 
  28   21     0    216 
  28   22     0    327 
  28   23     0    288 
  28   24     0    361 
  28   25     0    226 
  28   26     0    377 
  28   27     0    560 
  28   28     0    268 
  28   29     0    289 
  28   30     0    200 
  28   31     0    423 
  28   32     0    452 
  28   33     0    510 
  28   34     0    783 
  28   35     0    270 
  28   36     0    664 
  28   37     0    586 
  28   38     0    234 
  28   39     0    456 
  29    0     0    371 
  29    1     0    562 
  29    2     0    287 
  29    3     0    502 
  29    4     0    339 
  29    5     0    645 
  29    6     0    607 
  29    7     0    357 
  29    8     0    360 
  29    9     0    633 
  29   10     0    354 
  29   11     0    446 
  29   12     0    329 
  29   13     0    652 
  29   14     0    747 
  29   15     0    660 
  29   16     0    386 
  29   17     0    269 
  29   18     0    485 
  29   19     0    362 
  29   20     0    506 
  29   21     0    287 
  29   22     0    725 
  29   23     0    256 
  29   24     0    460 
  29   25     0    222 
  29   26     0    787 
  29   27     0    627 
  29   28     0    535 
  29   29     0    628 
  29   30     0    650 
  29   31     0    682 
  29   32     0    306 
  29   33     0    548 
  29   34     0    210 
  29   35     0    755 
  29   36     0    749 
  29   37     0    683 
  29   38     0    666 
  29   39     0    391 
  30    0     0    685 
  30    1     0    782 
  30    2     0    754 
  30    3     0    662 
  30    4     0    462 
  30    5     0    480 
  30    6     0    383 
  30    7     0    678 
  30    8     0    361 
  30    9     0    551 
  30   10     0    361 
  30   11     0    347 
  30   12     0    761 
  30   13     0    490 
  30   14     0    481 
  30   15     0    538 
  30   16     0    572 
  30   17     0    428 
  30   18     0    707 
  30   19     0    309 
  30   20     0    769 
  30   21     0    549 
  30   22     0    722 
  30   23     0    329 
  30   24     0    287 
  30   25     0    743 
  30   26     0    613 
  30   27     0    429 
  30   28     0    472 
  30   29     0    465 
  30   30     0    387 
  30   31     0    334 
  30   32     0    377 
  30   33     0    521 
  30   34     0    558 
  30   35     0    769 
  30   36     0    450 
  30   37     0    682 
  30   38     0    298 
  30   39     0    458 
  31    0     0    529 
  31    1     0    204 
  31    2     0    302 
  31    3     0    779 
  31    4     0    221 
  31    5     0    732 
  31    6     0    632 
  31    7     0    217 
  31    8     0    683 
  31    9     0    643 
  31   10     0    257 
  31   11     0    526 
  31   12     0    697 
  31   13     0    302 
  31   14     0    290 
  31   15     0    253 
  31   16     0    529 
  31   17     0    280 
  31   18     0    351 
  31   19     0    570 
  31   20     0    304 
  31   21     0    521 
  31   22     0    783 
  31   23     0    267 
  31   24     0    401 
  31   25     0    704 
  31   26     0    541 
  31   27     0    225 
  31   28     0    475 
  31   29     0    521 
  31   30     0    627 
  31   31     0    682 
  31   32     0    502 
  31   33     0    711 
  31   34     0    437 
  31   35     0    218 
  31   36     0    319 
  31   37     0    354 
  31   38     0    500 
  31   39     0    249 
  32    0     0    374 
  32    1     0    676 
  32    2     0    731 
  32    3     0    209 
  32    4     0    409 
  32    5     0    288 
  32    6     0    617 
  32    7     0    596 
  32    8     0    356 
  32    9     0    593 
  32   10     0    770 
  32   11     0    516 
  32   12     0    227 
  32   13     0    549 
  32   14     0    657 
  32   15     0    527 
  32   16     0    495 
  32   17     0    355 
  32   18     0    711 
  32   19     0    358 
  32   20     0    532 
  32   21     0    336 
  32   22     0    497 
  32   23     0    377 
  32   24     0    521 
  32   25     0    220 
  32   26     0    669 
  32   27     0    273 
  32   28     0    555 
  32   29     0    351 
  32   30     0    799 
  32   31     0    613 
  32   32     0    767 
  32   33     0    576 
  32   34     0    506 
  32   35     0    369 
  32   36     0    460 
  32   37     0    759 
  32   38     0    522 
  32   39     0    786 
  33    0     0    322 
  33    1     0    459 
  33    2     0    619 
  33    3     0    227 
  33    4     0    746 
  33    5     0    696 
  33    6     0    261 
  33    7     0    709 
  33    8     0    705 
  33    9     0    286 
  33   10     0    222 
  33   11     0    427 
  33   12     0    510 
  33   13     0    236 
  33   14     0    482 
  33   15     0    287 
  33   16     0    247 
  33   17     0    462 
  33   18     0    651 
  33   19     0    454 
  33   20     0    583 
  33   21     0    624 
  33   22     0    719 
  33   23     0    548 
  33   24     0    575 
  33   25     0    711 
  33   26     0    455 
  33   27     0    312 
  33   28     0    361 
  33   29     0    218 
  33   30     0    247 
  33   31     0    793 
  33   32     0    374 
  33   33     0    384 
  33   34     0    510 
  33   35     0    619 
  33   36     0    376 
  33   37     0    616 
  33   38     0    409 
  33   39     0    612 
  34    0     0    790 
  34    1     0    655 
  34    2     0    433 
  34    3     0    359 
  34    4     0    743 
  34    5     0    491 
  34    6     0    517 
  34    7     0    470 
  34    8     0    230 
  34    9     0    770 
  34   10     0    754 
  34   11     0    366 
  34   12     0    526 
  34   13     0    581 
  34   14     0    265 
  34   15     0    696 
  34   16     0    287 
  34   17     0    458 
  34   18     0    309 
  34   19     0    276 
  34   20     0    378 
  34   21     0    362 
  34   22     0    279 
  34   23     0    734 
  34   24     0    774 
  34   25     0    251 
  34   26     0    259 
  34   27     0    536 
  34   28     0    534 
  34   29     0    702 
  34   30     0    303 
  34   31     0    233 
  34   32     0    563 
  34   33     0    426 
  34   34     0    393 
  34   35     0    389 
  34   36     0    254 
  34   37     0    567 
  34   38     0    414 
  34   39     0    240 
  35    0     0    730 
  35    1     0    688 
  35    2     0    238 
  35    3     0    522 
  35    4     0    662 
  35    5     0    368 
  35    6     0    582 
  35    7     0    725 
  35    8     0    473 
  35    9     0    404 
  35   10     0    207 
  35   11     0    517 
  35   12     0    644 
  35   13     0    568 
  35   14     0    439 
  35   15     0    641 
  35   16     0    292 
  35   17     0    549 
  35   18     0    344 
  35   19     0    695 
  35   20     0    360 
  35   21     0    252 
  35   22     0    309 
  35   23     0    686 
  35   24     0    379 
  35   25     0    606 
  35   26     0    413 
  35   27     0    246 
  35   28     0    287 
  35   29     0    665 
  35   30     0    574 
  35   31     0    631 
  35   32     0    229 
  35   33     0    682 
  35   34     0    227 
  35   35     0    330 
  35   36     0    221 
  35   37     0    555 
  35   38     0    341 
  35   39     0    764 
  36    0     0    755 
  36    1     0    226 
  36    2     0    663 
  36    3     0    498 
  36    4     0    248 
  36    5     0    634 
  36    6     0    739 
  36    7     0    457 
  36    8     0    727 
  36    9     0    779 
  36   10     0    446 
  36   11     0    658 
  36   12     0    378 
  36   13     0    792 
  36   14     0    724 
  36   15     0    541 
  36   16     0    645 
  36   17     0    691 
  36   18     0    609 
  36   19     0    565 
  36   20     0    751 
  36   21     0    523 
  36   22     0    416 
  36   23     0    787 
  36   24     0    498 
  36   25     0    256 
  36   26     0    447 
  36   27     0    705 
  36   28     0    708 
  36   29     0    645 
  36   30     0    265 
  36   31     0    569 
  36   32     0    783 
  36   33     0    413 
  36   34     0    477 
  36   35     0    276 
  36   36     0    233 
  36   37     0    496 
  36   38     0    605 
  36   39     0    302 
  37    0     0    533 
  37    1     0    760 
  37    2     0    624 
  37    3     0    602 
  37    4     0    379 
  37    5     0    377 
  37    6     0    577 
  37    7     0    399 
  37    8     0    252 
  37    9     0    729 
  37   10     0    270 
  37   11     0    563 
  37   12     0    534 
  37   13     0    247 
  37   14     0    468 
  37   15     0    314 
  37   16     0    357 
  37   17     0    722 
  37   18     0    374 
  37   19     0    800 
  37   20     0    774 
  37   21     0    222 
  37   22     0    379 
  37   23     0    357 
  37   24     0    518 
  37   25     0    600 
  37   26     0    630 
  37   27     0    266 
  37   28     0    311 
  37   29     0    511 
  37   30     0    517 
  37   31     0    524 
  37   32     0    643 
  37   33     0    265 
  37   34     0    710 
  37   35     0    202 
  37   36     0    568 
  37   37     0    776 
  37   38     0    633 
  37   39     0    749 
  38    0     0    546 
  38    1     0    776 
  38    2     0    265 
  38    3     0    362 
  38    4     0    485 
  38    5     0    733 
  38    6     0    642 
  38    7     0    559 
  38    8     0    400 
  38    9     0    625 
  38   10     0    514 
  38   11     0    471 
  38   12     0    430 
  38   13     0    237 
  38   14     0    673 
  38   15     0    286 
  38   16     0    233 
  38   17     0    321 
  38   18     0    390 
  38   19     0    350 
  38   20     0    348 
  38   21     0    259 
  38   22     0    342 
  38   23     0    413 
  38   24     0    448 
  38   25     0    560 
  38   26     0    658 
  38   27     0    325 
  38   28     0    761 
  38   29     0    576 
  38   30     0    389 
  38   31     0    475 
  38   32     0    413 
  38   33     0    210 
  38   34     0    665 
  38   35     0    469 
  38   36     0    375 
  38   37     0    243 
  38   38     0    730 
  38   39     0    643 
  39    0     0    328 
  39    1     0    321 
  39    2     0    235 
  39    3     0    448 
  39    4     0    755 
  39    5     0    232 
  39    6     0    463 
  39    7     0    689 
  39    8     0    513 
  39    9     0    631 
  39   10     0    317 
  39   11     0    745 
  39   12     0    364 
  39   13     0    630 
  39   14     0    479 
  39   15     0    406 
  39   16     0    565 
  39   17     0    748 
  39   18     0    452 
  39   19     0    734 
  39   20     0    611 
  39   21     0    591 
  39   22     0    475 
  39   23     0    441 
  39   24     0    306 
  39   25     0    220 
  39   26     0    717 
  39   27     0    520 
  39   28     0    474 
  39   29     0    205 
  39   30     0    512 
  39   31     0    458 
  39   32     0    470 
  39   33     0    690 
  39   34     0    485 
  39   35     0    675 
  39   36     0    268 
  39   37     0    201 
  39   38     0    205 
  39   39     0    267 
