 40
 40

   18
   24
   50
    7
    3
   50
   29
   36
   16
   28
   24
   20
   25
    6
   49
   15
   50
    7
   30
    5
   31
   29
   20
   36
   34
   46
   43
   17
   14
   22
   28
   21
   31
   22
   34
   15
   18
   37
   32
   28

   29
   18
    9
   24
   24
   48
   32
   19
   10
   29
   39
   15
    7
   36
   44
   43
   44
    9
    9
   10
    2
   23
   28
   45
   38
   41
   27
   28
   42
   45
   43
   18
   39
   13
   27
   43
   31
    1
    1
   17

   0    0     0    547 
   0    1     0    789 
   0    2     0    363 
   0    3     0    634 
   0    4     0    684 
   0    5     0    558 
   0    6     0    328 
   0    7     0    778 
   0    8     0    232 
   0    9     0    202 
   0   10     0    630 
   0   11     0    357 
   0   12     0    447 
   0   13     0    690 
   0   14     0    328 
   0   15     0    416 
   0   16     0    642 
   0   17     0    521 
   0   18     0    483 
   0   19     0    598 
   0   20     0    261 
   0   21     0    255 
   0   22     0    591 
   0   23     0    278 
   0   24     0    395 
   0   25     0    600 
   0   26     0    580 
   0   27     0    797 
   0   28     0    223 
   0   29     0    501 
   0   30     0    446 
   0   31     0    705 
   0   32     0    375 
   0   33     0    323 
   0   34     0    527 
   0   35     0    293 
   0   36     0    779 
   0   37     0    604 
   0   38     0    601 
   0   39     0    655 
   1    0     0    451 
   1    1     0    238 
   1    2     0    690 
   1    3     0    323 
   1    4     0    595 
   1    5     0    648 
   1    6     0    275 
   1    7     0    395 
   1    8     0    728 
   1    9     0    652 
   1   10     0    783 
   1   11     0    628 
   1   12     0    752 
   1   13     0    742 
   1   14     0    242 
   1   15     0    697 
   1   16     0    677 
   1   17     0    363 
   1   18     0    482 
   1   19     0    368 
   1   20     0    251 
   1   21     0    348 
   1   22     0    481 
   1   23     0    326 
   1   24     0    799 
   1   25     0    621 
   1   26     0    539 
   1   27     0    468 
   1   28     0    269 
   1   29     0    780 
   1   30     0    483 
   1   31     0    681 
   1   32     0    325 
   1   33     0    749 
   1   34     0    746 
   1   35     0    411 
   1   36     0    391 
   1   37     0    241 
   1   38     0    597 
   1   39     0    597 
   2    0     0    748 
   2    1     0    258 
   2    2     0    795 
   2    3     0    707 
   2    4     0    466 
   2    5     0    746 
   2    6     0    683 
   2    7     0    226 
   2    8     0    329 
   2    9     0    589 
   2   10     0    219 
   2   11     0    585 
   2   12     0    281 
   2   13     0    584 
   2   14     0    240 
   2   15     0    708 
   2   16     0    378 
   2   17     0    428 
   2   18     0    413 
   2   19     0    318 
   2   20     0    226 
   2   21     0    762 
   2   22     0    780 
   2   23     0    588 
   2   24     0    717 
   2   25     0    727 
   2   26     0    487 
   2   27     0    705 
   2   28     0    223 
   2   29     0    483 
   2   30     0    646 
   2   31     0    682 
   2   32     0    644 
   2   33     0    551 
   2   34     0    317 
   2   35     0    392 
   2   36     0    719 
   2   37     0    386 
   2   38     0    422 
   2   39     0    289 
   3    0     0    234 
   3    1     0    259 
   3    2     0    282 
   3    3     0    336 
   3    4     0    477 
   3    5     0    473 
   3    6     0    538 
   3    7     0    639 
   3    8     0    720 
   3    9     0    396 
   3   10     0    561 
   3   11     0    765 
   3   12     0    668 
   3   13     0    510 
   3   14     0    790 
   3   15     0    203 
   3   16     0    704 
   3   17     0    287 
   3   18     0    338 
   3   19     0    332 
   3   20     0    342 
   3   21     0    346 
   3   22     0    640 
   3   23     0    371 
   3   24     0    685 
   3   25     0    784 
   3   26     0    402 
   3   27     0    454 
   3   28     0    571 
   3   29     0    666 
   3   30     0    406 
   3   31     0    311 
   3   32     0    695 
   3   33     0    571 
   3   34     0    405 
   3   35     0    216 
   3   36     0    316 
   3   37     0    475 
   3   38     0    398 
   3   39     0    487 
   4    0     0    732 
   4    1     0    207 
   4    2     0    642 
   4    3     0    261 
   4    4     0    636 
   4    5     0    296 
   4    6     0    649 
   4    7     0    325 
   4    8     0    349 
   4    9     0    563 
   4   10     0    521 
   4   11     0    497 
   4   12     0    626 
   4   13     0    579 
   4   14     0    464 
   4   15     0    705 
   4   16     0    273 
   4   17     0    390 
   4   18     0    463 
   4   19     0    315 
   4   20     0    222 
   4   21     0    524 
   4   22     0    618 
   4   23     0    696 
   4   24     0    280 
   4   25     0    214 
   4   26     0    433 
   4   27     0    757 
   4   28     0    362 
   4   29     0    449 
   4   30     0    279 
   4   31     0    423 
   4   32     0    648 
   4   33     0    535 
   4   34     0    710 
   4   35     0    795 
   4   36     0    263 
   4   37     0    703 
   4   38     0    501 
   4   39     0    673 
   5    0     0    647 
   5    1     0    463 
   5    2     0    504 
   5    3     0    455 
   5    4     0    551 
   5    5     0    466 
   5    6     0    267 
   5    7     0    672 
   5    8     0    680 
   5    9     0    449 
   5   10     0    335 
   5   11     0    614 
   5   12     0    336 
   5   13     0    702 
   5   14     0    418 
   5   15     0    707 
   5   16     0    606 
   5   17     0    408 
   5   18     0    321 
   5   19     0    619 
   5   20     0    205 
   5   21     0    281 
   5   22     0    335 
   5   23     0    395 
   5   24     0    665 
   5   25     0    459 
   5   26     0    643 
   5   27     0    658 
   5   28     0    771 
   5   29     0    511 
   5   30     0    440 
   5   31     0    425 
   5   32     0    206 
   5   33     0    542 
   5   34     0    467 
   5   35     0    675 
   5   36     0    368 
   5   37     0    490 
   5   38     0    493 
   5   39     0    263 
   6    0     0    221 
   6    1     0    703 
   6    2     0    250 
   6    3     0    351 
   6    4     0    603 
   6    5     0    734 
   6    6     0    636 
   6    7     0    640 
   6    8     0    646 
   6    9     0    467 
   6   10     0    787 
   6   11     0    223 
   6   12     0    473 
   6   13     0    453 
   6   14     0    356 
   6   15     0    726 
   6   16     0    505 
   6   17     0    388 
   6   18     0    767 
   6   19     0    215 
   6   20     0    288 
   6   21     0    642 
   6   22     0    228 
   6   23     0    312 
   6   24     0    738 
   6   25     0    333 
   6   26     0    410 
   6   27     0    618 
   6   28     0    245 
   6   29     0    533 
   6   30     0    334 
   6   31     0    735 
   6   32     0    257 
   6   33     0    451 
   6   34     0    577 
   6   35     0    605 
   6   36     0    283 
   6   37     0    783 
   6   38     0    276 
   6   39     0    253 
   7    0     0    275 
   7    1     0    433 
   7    2     0    513 
   7    3     0    788 
   7    4     0    557 
   7    5     0    557 
   7    6     0    453 
   7    7     0    629 
   7    8     0    765 
   7    9     0    625 
   7   10     0    290 
   7   11     0    656 
   7   12     0    725 
   7   13     0    784 
   7   14     0    202 
   7   15     0    322 
   7   16     0    650 
   7   17     0    729 
   7   18     0    444 
   7   19     0    594 
   7   20     0    548 
   7   21     0    502 
   7   22     0    452 
   7   23     0    485 
   7   24     0    391 
   7   25     0    348 
   7   26     0    618 
   7   27     0    295 
   7   28     0    644 
   7   29     0    722 
   7   30     0    440 
   7   31     0    570 
   7   32     0    382 
   7   33     0    216 
   7   34     0    750 
   7   35     0    512 
   7   36     0    596 
   7   37     0    499 
   7   38     0    377 
   7   39     0    319 
   8    0     0    340 
   8    1     0    689 
   8    2     0    384 
   8    3     0    697 
   8    4     0    328 
   8    5     0    679 
   8    6     0    710 
   8    7     0    764 
   8    8     0    540 
   8    9     0    657 
   8   10     0    528 
   8   11     0    243 
   8   12     0    616 
   8   13     0    613 
   8   14     0    312 
   8   15     0    607 
   8   16     0    557 
   8   17     0    630 
   8   18     0    384 
   8   19     0    627 
   8   20     0    774 
   8   21     0    709 
   8   22     0    351 
   8   23     0    326 
   8   24     0    644 
   8   25     0    796 
   8   26     0    452 
   8   27     0    479 
   8   28     0    646 
   8   29     0    496 
   8   30     0    454 
   8   31     0    652 
   8   32     0    259 
   8   33     0    591 
   8   34     0    215 
   8   35     0    478 
   8   36     0    780 
   8   37     0    643 
   8   38     0    794 
   8   39     0    262 
   9    0     0    422 
   9    1     0    431 
   9    2     0    729 
   9    3     0    628 
   9    4     0    616 
   9    5     0    768 
   9    6     0    218 
   9    7     0    568 
   9    8     0    473 
   9    9     0    773 
   9   10     0    311 
   9   11     0    387 
   9   12     0    513 
   9   13     0    639 
   9   14     0    753 
   9   15     0    725 
   9   16     0    208 
   9   17     0    617 
   9   18     0    200 
   9   19     0    242 
   9   20     0    360 
   9   21     0    476 
   9   22     0    394 
   9   23     0    222 
   9   24     0    390 
   9   25     0    787 
   9   26     0    573 
   9   27     0    411 
   9   28     0    700 
   9   29     0    726 
   9   30     0    443 
   9   31     0    222 
   9   32     0    665 
   9   33     0    205 
   9   34     0    624 
   9   35     0    368 
   9   36     0    578 
   9   37     0    609 
   9   38     0    454 
   9   39     0    439 
  10    0     0    475 
  10    1     0    721 
  10    2     0    655 
  10    3     0    386 
  10    4     0    240 
  10    5     0    408 
  10    6     0    513 
  10    7     0    368 
  10    8     0    382 
  10    9     0    340 
  10   10     0    683 
  10   11     0    777 
  10   12     0    481 
  10   13     0    678 
  10   14     0    455 
  10   15     0    375 
  10   16     0    649 
  10   17     0    398 
  10   18     0    293 
  10   19     0    788 
  10   20     0    714 
  10   21     0    666 
  10   22     0    775 
  10   23     0    622 
  10   24     0    484 
  10   25     0    315 
  10   26     0    238 
  10   27     0    707 
  10   28     0    470 
  10   29     0    373 
  10   30     0    397 
  10   31     0    754 
  10   32     0    656 
  10   33     0    548 
  10   34     0    581 
  10   35     0    451 
  10   36     0    796 
  10   37     0    220 
  10   38     0    622 
  10   39     0    324 
  11    0     0    715 
  11    1     0    550 
  11    2     0    635 
  11    3     0    589 
  11    4     0    751 
  11    5     0    426 
  11    6     0    302 
  11    7     0    748 
  11    8     0    391 
  11    9     0    215 
  11   10     0    698 
  11   11     0    400 
  11   12     0    417 
  11   13     0    222 
  11   14     0    796 
  11   15     0    329 
  11   16     0    364 
  11   17     0    623 
  11   18     0    595 
  11   19     0    416 
  11   20     0    723 
  11   21     0    613 
  11   22     0    260 
  11   23     0    564 
  11   24     0    265 
  11   25     0    249 
  11   26     0    303 
  11   27     0    370 
  11   28     0    244 
  11   29     0    280 
  11   30     0    506 
  11   31     0    263 
  11   32     0    459 
  11   33     0    730 
  11   34     0    389 
  11   35     0    521 
  11   36     0    225 
  11   37     0    584 
  11   38     0    441 
  11   39     0    752 
  12    0     0    562 
  12    1     0    245 
  12    2     0    240 
  12    3     0    606 
  12    4     0    207 
  12    5     0    669 
  12    6     0    377 
  12    7     0    418 
  12    8     0    780 
  12    9     0    288 
  12   10     0    449 
  12   11     0    605 
  12   12     0    477 
  12   13     0    674 
  12   14     0    264 
  12   15     0    240 
  12   16     0    371 
  12   17     0    207 
  12   18     0    747 
  12   19     0    439 
  12   20     0    430 
  12   21     0    215 
  12   22     0    771 
  12   23     0    520 
  12   24     0    480 
  12   25     0    572 
  12   26     0    415 
  12   27     0    773 
  12   28     0    223 
  12   29     0    211 
  12   30     0    782 
  12   31     0    487 
  12   32     0    579 
  12   33     0    413 
  12   34     0    541 
  12   35     0    349 
  12   36     0    396 
  12   37     0    277 
  12   38     0    261 
  12   39     0    509 
  13    0     0    532 
  13    1     0    396 
  13    2     0    468 
  13    3     0    225 
  13    4     0    565 
  13    5     0    216 
  13    6     0    269 
  13    7     0    531 
  13    8     0    311 
  13    9     0    727 
  13   10     0    543 
  13   11     0    597 
  13   12     0    420 
  13   13     0    541 
  13   14     0    201 
  13   15     0    343 
  13   16     0    459 
  13   17     0    783 
  13   18     0    403 
  13   19     0    224 
  13   20     0    487 
  13   21     0    795 
  13   22     0    558 
  13   23     0    461 
  13   24     0    272 
  13   25     0    775 
  13   26     0    271 
  13   27     0    281 
  13   28     0    268 
  13   29     0    630 
  13   30     0    564 
  13   31     0    313 
  13   32     0    497 
  13   33     0    702 
  13   34     0    566 
  13   35     0    565 
  13   36     0    531 
  13   37     0    438 
  13   38     0    740 
  13   39     0    758 
  14    0     0    382 
  14    1     0    725 
  14    2     0    573 
  14    3     0    434 
  14    4     0    630 
  14    5     0    333 
  14    6     0    562 
  14    7     0    247 
  14    8     0    409 
  14    9     0    479 
  14   10     0    752 
  14   11     0    455 
  14   12     0    362 
  14   13     0    790 
  14   14     0    526 
  14   15     0    641 
  14   16     0    690 
  14   17     0    626 
  14   18     0    669 
  14   19     0    387 
  14   20     0    510 
  14   21     0    332 
  14   22     0    783 
  14   23     0    574 
  14   24     0    736 
  14   25     0    541 
  14   26     0    768 
  14   27     0    730 
  14   28     0    380 
  14   29     0    710 
  14   30     0    580 
  14   31     0    361 
  14   32     0    581 
  14   33     0    504 
  14   34     0    601 
  14   35     0    642 
  14   36     0    215 
  14   37     0    703 
  14   38     0    255 
  14   39     0    206 
  15    0     0    411 
  15    1     0    676 
  15    2     0    510 
  15    3     0    526 
  15    4     0    254 
  15    5     0    791 
  15    6     0    478 
  15    7     0    485 
  15    8     0    235 
  15    9     0    358 
  15   10     0    677 
  15   11     0    323 
  15   12     0    234 
  15   13     0    391 
  15   14     0    679 
  15   15     0    553 
  15   16     0    753 
  15   17     0    578 
  15   18     0    292 
  15   19     0    674 
  15   20     0    373 
  15   21     0    737 
  15   22     0    787 
  15   23     0    616 
  15   24     0    720 
  15   25     0    231 
  15   26     0    265 
  15   27     0    389 
  15   28     0    335 
  15   29     0    437 
  15   30     0    404 
  15   31     0    629 
  15   32     0    307 
  15   33     0    512 
  15   34     0    608 
  15   35     0    657 
  15   36     0    798 
  15   37     0    505 
  15   38     0    788 
  15   39     0    741 
  16    0     0    358 
  16    1     0    490 
  16    2     0    577 
  16    3     0    541 
  16    4     0    215 
  16    5     0    296 
  16    6     0    568 
  16    7     0    548 
  16    8     0    383 
  16    9     0    744 
  16   10     0    321 
  16   11     0    282 
  16   12     0    314 
  16   13     0    512 
  16   14     0    534 
  16   15     0    516 
  16   16     0    570 
  16   17     0    491 
  16   18     0    489 
  16   19     0    549 
  16   20     0    491 
  16   21     0    382 
  16   22     0    254 
  16   23     0    784 
  16   24     0    239 
  16   25     0    741 
  16   26     0    339 
  16   27     0    713 
  16   28     0    710 
  16   29     0    551 
  16   30     0    319 
  16   31     0    418 
  16   32     0    437 
  16   33     0    237 
  16   34     0    759 
  16   35     0    222 
  16   36     0    541 
  16   37     0    790 
  16   38     0    770 
  16   39     0    600 
  17    0     0    420 
  17    1     0    553 
  17    2     0    633 
  17    3     0    261 
  17    4     0    526 
  17    5     0    653 
  17    6     0    437 
  17    7     0    343 
  17    8     0    345 
  17    9     0    587 
  17   10     0    214 
  17   11     0    728 
  17   12     0    729 
  17   13     0    549 
  17   14     0    259 
  17   15     0    601 
  17   16     0    424 
  17   17     0    783 
  17   18     0    593 
  17   19     0    466 
  17   20     0    427 
  17   21     0    317 
  17   22     0    289 
  17   23     0    445 
  17   24     0    235 
  17   25     0    741 
  17   26     0    232 
  17   27     0    311 
  17   28     0    587 
  17   29     0    209 
  17   30     0    671 
  17   31     0    558 
  17   32     0    213 
  17   33     0    561 
  17   34     0    539 
  17   35     0    364 
  17   36     0    327 
  17   37     0    574 
  17   38     0    515 
  17   39     0    731 
  18    0     0    532 
  18    1     0    240 
  18    2     0    322 
  18    3     0    466 
  18    4     0    668 
  18    5     0    291 
  18    6     0    540 
  18    7     0    445 
  18    8     0    546 
  18    9     0    526 
  18   10     0    278 
  18   11     0    536 
  18   12     0    243 
  18   13     0    759 
  18   14     0    380 
  18   15     0    326 
  18   16     0    707 
  18   17     0    324 
  18   18     0    233 
  18   19     0    771 
  18   20     0    527 
  18   21     0    782 
  18   22     0    495 
  18   23     0    672 
  18   24     0    644 
  18   25     0    564 
  18   26     0    663 
  18   27     0    302 
  18   28     0    729 
  18   29     0    314 
  18   30     0    454 
  18   31     0    339 
  18   32     0    491 
  18   33     0    237 
  18   34     0    313 
  18   35     0    777 
  18   36     0    466 
  18   37     0    218 
  18   38     0    564 
  18   39     0    427 
  19    0     0    306 
  19    1     0    616 
  19    2     0    557 
  19    3     0    588 
  19    4     0    393 
  19    5     0    399 
  19    6     0    568 
  19    7     0    514 
  19    8     0    215 
  19    9     0    439 
  19   10     0    330 
  19   11     0    297 
  19   12     0    740 
  19   13     0    269 
  19   14     0    475 
  19   15     0    628 
  19   16     0    550 
  19   17     0    253 
  19   18     0    247 
  19   19     0    267 
  19   20     0    538 
  19   21     0    227 
  19   22     0    491 
  19   23     0    267 
  19   24     0    251 
  19   25     0    348 
  19   26     0    713 
  19   27     0    752 
  19   28     0    404 
  19   29     0    333 
  19   30     0    384 
  19   31     0    750 
  19   32     0    654 
  19   33     0    365 
  19   34     0    269 
  19   35     0    795 
  19   36     0    661 
  19   37     0    792 
  19   38     0    493 
  19   39     0    693 
  20    0     0    744 
  20    1     0    347 
  20    2     0    489 
  20    3     0    233 
  20    4     0    600 
  20    5     0    632 
  20    6     0    217 
  20    7     0    544 
  20    8     0    612 
  20    9     0    361 
  20   10     0    788 
  20   11     0    726 
  20   12     0    278 
  20   13     0    347 
  20   14     0    557 
  20   15     0    531 
  20   16     0    747 
  20   17     0    470 
  20   18     0    353 
  20   19     0    645 
  20   20     0    731 
  20   21     0    667 
  20   22     0    341 
  20   23     0    503 
  20   24     0    204 
  20   25     0    725 
  20   26     0    220 
  20   27     0    688 
  20   28     0    482 
  20   29     0    796 
  20   30     0    661 
  20   31     0    607 
  20   32     0    691 
  20   33     0    608 
  20   34     0    523 
  20   35     0    341 
  20   36     0    287 
  20   37     0    541 
  20   38     0    459 
  20   39     0    285 
  21    0     0    643 
  21    1     0    263 
  21    2     0    572 
  21    3     0    273 
  21    4     0    646 
  21    5     0    736 
  21    6     0    534 
  21    7     0    634 
  21    8     0    581 
  21    9     0    368 
  21   10     0    289 
  21   11     0    354 
  21   12     0    666 
  21   13     0    619 
  21   14     0    443 
  21   15     0    669 
  21   16     0    306 
  21   17     0    432 
  21   18     0    699 
  21   19     0    330 
  21   20     0    327 
  21   21     0    445 
  21   22     0    330 
  21   23     0    381 
  21   24     0    351 
  21   25     0    792 
  21   26     0    356 
  21   27     0    631 
  21   28     0    438 
  21   29     0    469 
  21   30     0    741 
  21   31     0    435 
  21   32     0    527 
  21   33     0    741 
  21   34     0    711 
  21   35     0    732 
  21   36     0    740 
  21   37     0    565 
  21   38     0    309 
  21   39     0    430 
  22    0     0    516 
  22    1     0    590 
  22    2     0    226 
  22    3     0    285 
  22    4     0    203 
  22    5     0    244 
  22    6     0    337 
  22    7     0    492 
  22    8     0    237 
  22    9     0    750 
  22   10     0    638 
  22   11     0    609 
  22   12     0    635 
  22   13     0    451 
  22   14     0    593 
  22   15     0    542 
  22   16     0    354 
  22   17     0    596 
  22   18     0    621 
  22   19     0    442 
  22   20     0    433 
  22   21     0    309 
  22   22     0    294 
  22   23     0    440 
  22   24     0    790 
  22   25     0    277 
  22   26     0    652 
  22   27     0    562 
  22   28     0    771 
  22   29     0    518 
  22   30     0    611 
  22   31     0    491 
  22   32     0    731 
  22   33     0    609 
  22   34     0    550 
  22   35     0    204 
  22   36     0    455 
  22   37     0    479 
  22   38     0    590 
  22   39     0    245 
  23    0     0    574 
  23    1     0    748 
  23    2     0    282 
  23    3     0    540 
  23    4     0    763 
  23    5     0    585 
  23    6     0    637 
  23    7     0    503 
  23    8     0    455 
  23    9     0    500 
  23   10     0    597 
  23   11     0    226 
  23   12     0    738 
  23   13     0    557 
  23   14     0    680 
  23   15     0    435 
  23   16     0    490 
  23   17     0    566 
  23   18     0    236 
  23   19     0    250 
  23   20     0    524 
  23   21     0    679 
  23   22     0    630 
  23   23     0    565 
  23   24     0    274 
  23   25     0    683 
  23   26     0    610 
  23   27     0    409 
  23   28     0    643 
  23   29     0    486 
  23   30     0    204 
  23   31     0    214 
  23   32     0    682 
  23   33     0    800 
  23   34     0    327 
  23   35     0    589 
  23   36     0    323 
  23   37     0    325 
  23   38     0    571 
  23   39     0    632 
  24    0     0    771 
  24    1     0    224 
  24    2     0    274 
  24    3     0    416 
  24    4     0    792 
  24    5     0    528 
  24    6     0    747 
  24    7     0    332 
  24    8     0    555 
  24    9     0    739 
  24   10     0    671 
  24   11     0    213 
  24   12     0    586 
  24   13     0    552 
  24   14     0    793 
  24   15     0    775 
  24   16     0    641 
  24   17     0    623 
  24   18     0    437 
  24   19     0    504 
  24   20     0    764 
  24   21     0    312 
  24   22     0    565 
  24   23     0    253 
  24   24     0    311 
  24   25     0    573 
  24   26     0    635 
  24   27     0    551 
  24   28     0    617 
  24   29     0    406 
  24   30     0    484 
  24   31     0    209 
  24   32     0    572 
  24   33     0    270 
  24   34     0    354 
  24   35     0    441 
  24   36     0    549 
  24   37     0    739 
  24   38     0    526 
  24   39     0    448 
  25    0     0    732 
  25    1     0    658 
  25    2     0    554 
  25    3     0    543 
  25    4     0    257 
  25    5     0    530 
  25    6     0    508 
  25    7     0    735 
  25    8     0    654 
  25    9     0    682 
  25   10     0    511 
  25   11     0    655 
  25   12     0    415 
  25   13     0    630 
  25   14     0    349 
  25   15     0    538 
  25   16     0    744 
  25   17     0    203 
  25   18     0    629 
  25   19     0    473 
  25   20     0    717 
  25   21     0    304 
  25   22     0    389 
  25   23     0    382 
  25   24     0    661 
  25   25     0    669 
  25   26     0    782 
  25   27     0    575 
  25   28     0    477 
  25   29     0    505 
  25   30     0    627 
  25   31     0    273 
  25   32     0    235 
  25   33     0    708 
  25   34     0    396 
  25   35     0    320 
  25   36     0    210 
  25   37     0    743 
  25   38     0    420 
  25   39     0    747 
  26    0     0    408 
  26    1     0    407 
  26    2     0    534 
  26    3     0    644 
  26    4     0    595 
  26    5     0    334 
  26    6     0    269 
  26    7     0    735 
  26    8     0    618 
  26    9     0    241 
  26   10     0    471 
  26   11     0    589 
  26   12     0    524 
  26   13     0    462 
  26   14     0    304 
  26   15     0    297 
  26   16     0    686 
  26   17     0    432 
  26   18     0    703 
  26   19     0    426 
  26   20     0    306 
  26   21     0    365 
  26   22     0    382 
  26   23     0    563 
  26   24     0    727 
  26   25     0    771 
  26   26     0    555 
  26   27     0    364 
  26   28     0    748 
  26   29     0    404 
  26   30     0    237 
  26   31     0    579 
  26   32     0    330 
  26   33     0    360 
  26   34     0    605 
  26   35     0    218 
  26   36     0    705 
  26   37     0    409 
  26   38     0    736 
  26   39     0    340 
  27    0     0    701 
  27    1     0    558 
  27    2     0    376 
  27    3     0    210 
  27    4     0    687 
  27    5     0    693 
  27    6     0    515 
  27    7     0    680 
  27    8     0    677 
  27    9     0    237 
  27   10     0    308 
  27   11     0    735 
  27   12     0    279 
  27   13     0    282 
  27   14     0    360 
  27   15     0    703 
  27   16     0    596 
  27   17     0    340 
  27   18     0    612 
  27   19     0    251 
  27   20     0    544 
  27   21     0    553 
  27   22     0    219 
  27   23     0    715 
  27   24     0    287 
  27   25     0    713 
  27   26     0    384 
  27   27     0    226 
  27   28     0    628 
  27   29     0    345 
  27   30     0    619 
  27   31     0    689 
  27   32     0    633 
  27   33     0    527 
  27   34     0    464 
  27   35     0    380 
  27   36     0    622 
  27   37     0    260 
  27   38     0    370 
  27   39     0    231 
  28    0     0    655 
  28    1     0    582 
  28    2     0    473 
  28    3     0    688 
  28    4     0    237 
  28    5     0    793 
  28    6     0    452 
  28    7     0    399 
  28    8     0    705 
  28    9     0    209 
  28   10     0    229 
  28   11     0    690 
  28   12     0    563 
  28   13     0    454 
  28   14     0    606 
  28   15     0    786 
  28   16     0    508 
  28   17     0    249 
  28   18     0    213 
  28   19     0    567 
  28   20     0    766 
  28   21     0    575 
  28   22     0    284 
  28   23     0    515 
  28   24     0    672 
  28   25     0    617 
  28   26     0    621 
  28   27     0    247 
  28   28     0    490 
  28   29     0    202 
  28   30     0    714 
  28   31     0    455 
  28   32     0    425 
  28   33     0    681 
  28   34     0    749 
  28   35     0    606 
  28   36     0    512 
  28   37     0    656 
  28   38     0    557 
  28   39     0    704 
  29    0     0    732 
  29    1     0    209 
  29    2     0    459 
  29    3     0    497 
  29    4     0    793 
  29    5     0    229 
  29    6     0    416 
  29    7     0    254 
  29    8     0    374 
  29    9     0    651 
  29   10     0    285 
  29   11     0    469 
  29   12     0    779 
  29   13     0    587 
  29   14     0    624 
  29   15     0    732 
  29   16     0    544 
  29   17     0    250 
  29   18     0    584 
  29   19     0    723 
  29   20     0    657 
  29   21     0    667 
  29   22     0    539 
  29   23     0    207 
  29   24     0    437 
  29   25     0    764 
  29   26     0    741 
  29   27     0    717 
  29   28     0    461 
  29   29     0    457 
  29   30     0    524 
  29   31     0    330 
  29   32     0    740 
  29   33     0    241 
  29   34     0    609 
  29   35     0    249 
  29   36     0    799 
  29   37     0    366 
  29   38     0    421 
  29   39     0    707 
  30    0     0    489 
  30    1     0    725 
  30    2     0    586 
  30    3     0    296 
  30    4     0    582 
  30    5     0    234 
  30    6     0    447 
  30    7     0    255 
  30    8     0    306 
  30    9     0    492 
  30   10     0    484 
  30   11     0    534 
  30   12     0    798 
  30   13     0    339 
  30   14     0    307 
  30   15     0    570 
  30   16     0    270 
  30   17     0    644 
  30   18     0    243 
  30   19     0    606 
  30   20     0    790 
  30   21     0    492 
  30   22     0    784 
  30   23     0    457 
  30   24     0    208 
  30   25     0    445 
  30   26     0    748 
  30   27     0    454 
  30   28     0    343 
  30   29     0    723 
  30   30     0    797 
  30   31     0    271 
  30   32     0    322 
  30   33     0    374 
  30   34     0    666 
  30   35     0    346 
  30   36     0    238 
  30   37     0    545 
  30   38     0    315 
  30   39     0    464 
  31    0     0    690 
  31    1     0    473 
  31    2     0    590 
  31    3     0    457 
  31    4     0    766 
  31    5     0    591 
  31    6     0    772 
  31    7     0    291 
  31    8     0    776 
  31    9     0    575 
  31   10     0    649 
  31   11     0    707 
  31   12     0    344 
  31   13     0    717 
  31   14     0    516 
  31   15     0    263 
  31   16     0    776 
  31   17     0    774 
  31   18     0    455 
  31   19     0    328 
  31   20     0    594 
  31   21     0    582 
  31   22     0    759 
  31   23     0    428 
  31   24     0    278 
  31   25     0    516 
  31   26     0    757 
  31   27     0    247 
  31   28     0    322 
  31   29     0    453 
  31   30     0    457 
  31   31     0    426 
  31   32     0    352 
  31   33     0    396 
  31   34     0    391 
  31   35     0    602 
  31   36     0    352 
  31   37     0    389 
  31   38     0    549 
  31   39     0    581 
  32    0     0    735 
  32    1     0    365 
  32    2     0    428 
  32    3     0    446 
  32    4     0    229 
  32    5     0    562 
  32    6     0    423 
  32    7     0    533 
  32    8     0    522 
  32    9     0    448 
  32   10     0    332 
  32   11     0    274 
  32   12     0    515 
  32   13     0    738 
  32   14     0    415 
  32   15     0    345 
  32   16     0    516 
  32   17     0    477 
  32   18     0    338 
  32   19     0    476 
  32   20     0    699 
  32   21     0    435 
  32   22     0    478 
  32   23     0    214 
  32   24     0    683 
  32   25     0    615 
  32   26     0    713 
  32   27     0    382 
  32   28     0    382 
  32   29     0    269 
  32   30     0    611 
  32   31     0    679 
  32   32     0    771 
  32   33     0    631 
  32   34     0    645 
  32   35     0    723 
  32   36     0    581 
  32   37     0    633 
  32   38     0    217 
  32   39     0    600 
  33    0     0    287 
  33    1     0    644 
  33    2     0    487 
  33    3     0    572 
  33    4     0    760 
  33    5     0    497 
  33    6     0    739 
  33    7     0    793 
  33    8     0    352 
  33    9     0    598 
  33   10     0    487 
  33   11     0    242 
  33   12     0    256 
  33   13     0    651 
  33   14     0    565 
  33   15     0    248 
  33   16     0    744 
  33   17     0    754 
  33   18     0    690 
  33   19     0    400 
  33   20     0    738 
  33   21     0    396 
  33   22     0    733 
  33   23     0    462 
  33   24     0    667 
  33   25     0    291 
  33   26     0    642 
  33   27     0    255 
  33   28     0    217 
  33   29     0    644 
  33   30     0    530 
  33   31     0    486 
  33   32     0    639 
  33   33     0    633 
  33   34     0    595 
  33   35     0    264 
  33   36     0    694 
  33   37     0    678 
  33   38     0    568 
  33   39     0    493 
  34    0     0    321 
  34    1     0    514 
  34    2     0    617 
  34    3     0    461 
  34    4     0    749 
  34    5     0    371 
  34    6     0    255 
  34    7     0    469 
  34    8     0    238 
  34    9     0    563 
  34   10     0    765 
  34   11     0    250 
  34   12     0    271 
  34   13     0    413 
  34   14     0    330 
  34   15     0    523 
  34   16     0    250 
  34   17     0    244 
  34   18     0    787 
  34   19     0    384 
  34   20     0    249 
  34   21     0    624 
  34   22     0    432 
  34   23     0    332 
  34   24     0    704 
  34   25     0    701 
  34   26     0    695 
  34   27     0    439 
  34   28     0    460 
  34   29     0    268 
  34   30     0    522 
  34   31     0    684 
  34   32     0    742 
  34   33     0    301 
  34   34     0    272 
  34   35     0    207 
  34   36     0    552 
  34   37     0    692 
  34   38     0    579 
  34   39     0    274 
  35    0     0    429 
  35    1     0    605 
  35    2     0    317 
  35    3     0    375 
  35    4     0    411 
  35    5     0    535 
  35    6     0    310 
  35    7     0    631 
  35    8     0    590 
  35    9     0    345 
  35   10     0    381 
  35   11     0    320 
  35   12     0    785 
  35   13     0    623 
  35   14     0    800 
  35   15     0    626 
  35   16     0    253 
  35   17     0    401 
  35   18     0    678 
  35   19     0    291 
  35   20     0    713 
  35   21     0    423 
  35   22     0    284 
  35   23     0    580 
  35   24     0    435 
  35   25     0    794 
  35   26     0    313 
  35   27     0    605 
  35   28     0    307 
  35   29     0    281 
  35   30     0    431 
  35   31     0    357 
  35   32     0    481 
  35   33     0    338 
  35   34     0    349 
  35   35     0    548 
  35   36     0    726 
  35   37     0    688 
  35   38     0    360 
  35   39     0    332 
  36    0     0    401 
  36    1     0    343 
  36    2     0    636 
  36    3     0    355 
  36    4     0    331 
  36    5     0    379 
  36    6     0    662 
  36    7     0    461 
  36    8     0    301 
  36    9     0    670 
  36   10     0    569 
  36   11     0    461 
  36   12     0    480 
  36   13     0    780 
  36   14     0    430 
  36   15     0    657 
  36   16     0    408 
  36   17     0    602 
  36   18     0    216 
  36   19     0    567 
  36   20     0    594 
  36   21     0    571 
  36   22     0    461 
  36   23     0    297 
  36   24     0    544 
  36   25     0    634 
  36   26     0    797 
  36   27     0    791 
  36   28     0    357 
  36   29     0    535 
  36   30     0    719 
  36   31     0    462 
  36   32     0    555 
  36   33     0    374 
  36   34     0    497 
  36   35     0    482 
  36   36     0    315 
  36   37     0    252 
  36   38     0    799 
  36   39     0    793 
  37    0     0    418 
  37    1     0    483 
  37    2     0    504 
  37    3     0    349 
  37    4     0    532 
  37    5     0    375 
  37    6     0    288 
  37    7     0    311 
  37    8     0    511 
  37    9     0    582 
  37   10     0    770 
  37   11     0    482 
  37   12     0    652 
  37   13     0    565 
  37   14     0    436 
  37   15     0    679 
  37   16     0    525 
  37   17     0    402 
  37   18     0    478 
  37   19     0    429 
  37   20     0    736 
  37   21     0    600 
  37   22     0    402 
  37   23     0    459 
  37   24     0    766 
  37   25     0    212 
  37   26     0    221 
  37   27     0    257 
  37   28     0    219 
  37   29     0    316 
  37   30     0    511 
  37   31     0    293 
  37   32     0    221 
  37   33     0    772 
  37   34     0    412 
  37   35     0    750 
  37   36     0    585 
  37   37     0    672 
  37   38     0    652 
  37   39     0    798 
  38    0     0    297 
  38    1     0    229 
  38    2     0    497 
  38    3     0    359 
  38    4     0    522 
  38    5     0    464 
  38    6     0    648 
  38    7     0    609 
  38    8     0    636 
  38    9     0    509 
  38   10     0    777 
  38   11     0    551 
  38   12     0    204 
  38   13     0    570 
  38   14     0    494 
  38   15     0    713 
  38   16     0    481 
  38   17     0    643 
  38   18     0    200 
  38   19     0    426 
  38   20     0    642 
  38   21     0    641 
  38   22     0    511 
  38   23     0    384 
  38   24     0    256 
  38   25     0    249 
  38   26     0    701 
  38   27     0    617 
  38   28     0    584 
  38   29     0    729 
  38   30     0    494 
  38   31     0    464 
  38   32     0    619 
  38   33     0    449 
  38   34     0    457 
  38   35     0    738 
  38   36     0    787 
  38   37     0    524 
  38   38     0    769 
  38   39     0    250 
  39    0     0    269 
  39    1     0    775 
  39    2     0    469 
  39    3     0    376 
  39    4     0    309 
  39    5     0    704 
  39    6     0    258 
  39    7     0    213 
  39    8     0    417 
  39    9     0    521 
  39   10     0    648 
  39   11     0    439 
  39   12     0    294 
  39   13     0    410 
  39   14     0    656 
  39   15     0    203 
  39   16     0    226 
  39   17     0    471 
  39   18     0    344 
  39   19     0    610 
  39   20     0    672 
  39   21     0    230 
  39   22     0    280 
  39   23     0    747 
  39   24     0    258 
  39   25     0    759 
  39   26     0    306 
  39   27     0    294 
  39   28     0    347 
  39   29     0    681 
  39   30     0    475 
  39   31     0    404 
  39   32     0    666 
  39   33     0    600 
  39   34     0    267 
  39   35     0    546 
  39   36     0    653 
  39   37     0    684 
  39   38     0    734 
  39   39     0    443 
