 40
 40

   21
   14
   31
   41
   14
   37
   48
   35
   10
   37
   33
   44
   31
   27
    2
   45
   29
   49
   23
   17
   47
   10
   48
   36
   28
   48
    8
   24
   50
   19
    9
    6
   17
   35
   10
    7
    7
   15
   32
   11

   32
   50
   16
    6
   21
   37
   32
   40
   37
   14
   12
   25
   30
   30
   20
   48
   11
   23
   43
    9
   42
   45
   39
   30
   15
   27
   21
   31
   10
   20
   38
   37
    5
    1
    2
   45
   40
   17
   25
   29

   0    0     0    582 
   0    1     0    406 
   0    2     0    675 
   0    3     0    211 
   0    4     0    600 
   0    5     0    251 
   0    6     0    700 
   0    7     0    331 
   0    8     0    592 
   0    9     0    252 
   0   10     0    251 
   0   11     0    543 
   0   12     0    623 
   0   13     0    383 
   0   14     0    319 
   0   15     0    504 
   0   16     0    212 
   0   17     0    243 
   0   18     0    706 
   0   19     0    507 
   0   20     0    509 
   0   21     0    675 
   0   22     0    760 
   0   23     0    204 
   0   24     0    719 
   0   25     0    442 
   0   26     0    787 
   0   27     0    557 
   0   28     0    648 
   0   29     0    760 
   0   30     0    312 
   0   31     0    690 
   0   32     0    730 
   0   33     0    757 
   0   34     0    682 
   0   35     0    742 
   0   36     0    364 
   0   37     0    381 
   0   38     0    750 
   0   39     0    587 
   1    0     0    447 
   1    1     0    306 
   1    2     0    232 
   1    3     0    441 
   1    4     0    750 
   1    5     0    399 
   1    6     0    582 
   1    7     0    290 
   1    8     0    568 
   1    9     0    477 
   1   10     0    490 
   1   11     0    237 
   1   12     0    487 
   1   13     0    200 
   1   14     0    683 
   1   15     0    627 
   1   16     0    511 
   1   17     0    348 
   1   18     0    481 
   1   19     0    562 
   1   20     0    233 
   1   21     0    234 
   1   22     0    629 
   1   23     0    655 
   1   24     0    419 
   1   25     0    240 
   1   26     0    283 
   1   27     0    689 
   1   28     0    343 
   1   29     0    343 
   1   30     0    765 
   1   31     0    422 
   1   32     0    757 
   1   33     0    524 
   1   34     0    375 
   1   35     0    393 
   1   36     0    481 
   1   37     0    390 
   1   38     0    490 
   1   39     0    553 
   2    0     0    384 
   2    1     0    313 
   2    2     0    255 
   2    3     0    548 
   2    4     0    782 
   2    5     0    367 
   2    6     0    361 
   2    7     0    547 
   2    8     0    421 
   2    9     0    659 
   2   10     0    490 
   2   11     0    362 
   2   12     0    301 
   2   13     0    231 
   2   14     0    708 
   2   15     0    632 
   2   16     0    721 
   2   17     0    329 
   2   18     0    592 
   2   19     0    729 
   2   20     0    663 
   2   21     0    736 
   2   22     0    269 
   2   23     0    757 
   2   24     0    687 
   2   25     0    469 
   2   26     0    533 
   2   27     0    669 
   2   28     0    356 
   2   29     0    553 
   2   30     0    312 
   2   31     0    282 
   2   32     0    614 
   2   33     0    247 
   2   34     0    752 
   2   35     0    742 
   2   36     0    320 
   2   37     0    206 
   2   38     0    251 
   2   39     0    435 
   3    0     0    622 
   3    1     0    434 
   3    2     0    491 
   3    3     0    444 
   3    4     0    342 
   3    5     0    224 
   3    6     0    393 
   3    7     0    548 
   3    8     0    409 
   3    9     0    773 
   3   10     0    536 
   3   11     0    538 
   3   12     0    563 
   3   13     0    308 
   3   14     0    365 
   3   15     0    410 
   3   16     0    444 
   3   17     0    730 
   3   18     0    780 
   3   19     0    484 
   3   20     0    649 
   3   21     0    522 
   3   22     0    672 
   3   23     0    340 
   3   24     0    303 
   3   25     0    569 
   3   26     0    287 
   3   27     0    268 
   3   28     0    452 
   3   29     0    586 
   3   30     0    300 
   3   31     0    546 
   3   32     0    783 
   3   33     0    302 
   3   34     0    355 
   3   35     0    295 
   3   36     0    475 
   3   37     0    265 
   3   38     0    537 
   3   39     0    658 
   4    0     0    551 
   4    1     0    598 
   4    2     0    779 
   4    3     0    591 
   4    4     0    792 
   4    5     0    789 
   4    6     0    444 
   4    7     0    415 
   4    8     0    734 
   4    9     0    544 
   4   10     0    208 
   4   11     0    798 
   4   12     0    406 
   4   13     0    769 
   4   14     0    792 
   4   15     0    405 
   4   16     0    430 
   4   17     0    789 
   4   18     0    392 
   4   19     0    316 
   4   20     0    727 
   4   21     0    523 
   4   22     0    570 
   4   23     0    521 
   4   24     0    785 
   4   25     0    770 
   4   26     0    539 
   4   27     0    201 
   4   28     0    215 
   4   29     0    671 
   4   30     0    538 
   4   31     0    691 
   4   32     0    255 
   4   33     0    716 
   4   34     0    717 
   4   35     0    652 
   4   36     0    611 
   4   37     0    260 
   4   38     0    299 
   4   39     0    280 
   5    0     0    584 
   5    1     0    745 
   5    2     0    301 
   5    3     0    625 
   5    4     0    212 
   5    5     0    256 
   5    6     0    614 
   5    7     0    253 
   5    8     0    349 
   5    9     0    528 
   5   10     0    442 
   5   11     0    451 
   5   12     0    404 
   5   13     0    476 
   5   14     0    245 
   5   15     0    704 
   5   16     0    348 
   5   17     0    622 
   5   18     0    779 
   5   19     0    338 
   5   20     0    276 
   5   21     0    537 
   5   22     0    510 
   5   23     0    703 
   5   24     0    616 
   5   25     0    370 
   5   26     0    305 
   5   27     0    713 
   5   28     0    480 
   5   29     0    723 
   5   30     0    362 
   5   31     0    526 
   5   32     0    722 
   5   33     0    786 
   5   34     0    617 
   5   35     0    412 
   5   36     0    339 
   5   37     0    613 
   5   38     0    401 
   5   39     0    538 
   6    0     0    460 
   6    1     0    456 
   6    2     0    320 
   6    3     0    749 
   6    4     0    283 
   6    5     0    621 
   6    6     0    744 
   6    7     0    224 
   6    8     0    265 
   6    9     0    296 
   6   10     0    799 
   6   11     0    508 
   6   12     0    225 
   6   13     0    715 
   6   14     0    347 
   6   15     0    224 
   6   16     0    450 
   6   17     0    744 
   6   18     0    580 
   6   19     0    624 
   6   20     0    596 
   6   21     0    501 
   6   22     0    605 
   6   23     0    777 
   6   24     0    487 
   6   25     0    285 
   6   26     0    675 
   6   27     0    780 
   6   28     0    479 
   6   29     0    736 
   6   30     0    247 
   6   31     0    209 
   6   32     0    716 
   6   33     0    753 
   6   34     0    494 
   6   35     0    262 
   6   36     0    506 
   6   37     0    487 
   6   38     0    255 
   6   39     0    425 
   7    0     0    565 
   7    1     0    338 
   7    2     0    514 
   7    3     0    661 
   7    4     0    484 
   7    5     0    542 
   7    6     0    605 
   7    7     0    601 
   7    8     0    558 
   7    9     0    726 
   7   10     0    477 
   7   11     0    750 
   7   12     0    529 
   7   13     0    616 
   7   14     0    440 
   7   15     0    411 
   7   16     0    602 
   7   17     0    716 
   7   18     0    529 
   7   19     0    745 
   7   20     0    353 
   7   21     0    383 
   7   22     0    623 
   7   23     0    350 
   7   24     0    364 
   7   25     0    217 
   7   26     0    401 
   7   27     0    670 
   7   28     0    409 
   7   29     0    468 
   7   30     0    663 
   7   31     0    240 
   7   32     0    260 
   7   33     0    514 
   7   34     0    716 
   7   35     0    685 
   7   36     0    615 
   7   37     0    228 
   7   38     0    753 
   7   39     0    248 
   8    0     0    696 
   8    1     0    227 
   8    2     0    324 
   8    3     0    745 
   8    4     0    785 
   8    5     0    234 
   8    6     0    592 
   8    7     0    369 
   8    8     0    770 
   8    9     0    740 
   8   10     0    765 
   8   11     0    443 
   8   12     0    249 
   8   13     0    209 
   8   14     0    261 
   8   15     0    597 
   8   16     0    581 
   8   17     0    475 
   8   18     0    374 
   8   19     0    512 
   8   20     0    443 
   8   21     0    652 
   8   22     0    598 
   8   23     0    787 
   8   24     0    606 
   8   25     0    413 
   8   26     0    270 
   8   27     0    646 
   8   28     0    778 
   8   29     0    558 
   8   30     0    327 
   8   31     0    627 
   8   32     0    774 
   8   33     0    758 
   8   34     0    383 
   8   35     0    775 
   8   36     0    355 
   8   37     0    650 
   8   38     0    365 
   8   39     0    434 
   9    0     0    507 
   9    1     0    587 
   9    2     0    387 
   9    3     0    781 
   9    4     0    486 
   9    5     0    218 
   9    6     0    699 
   9    7     0    319 
   9    8     0    298 
   9    9     0    571 
   9   10     0    343 
   9   11     0    642 
   9   12     0    567 
   9   13     0    764 
   9   14     0    321 
   9   15     0    511 
   9   16     0    323 
   9   17     0    363 
   9   18     0    436 
   9   19     0    206 
   9   20     0    270 
   9   21     0    468 
   9   22     0    753 
   9   23     0    215 
   9   24     0    570 
   9   25     0    412 
   9   26     0    275 
   9   27     0    293 
   9   28     0    371 
   9   29     0    674 
   9   30     0    325 
   9   31     0    403 
   9   32     0    428 
   9   33     0    338 
   9   34     0    477 
   9   35     0    781 
   9   36     0    516 
   9   37     0    708 
   9   38     0    561 
   9   39     0    759 
  10    0     0    741 
  10    1     0    572 
  10    2     0    769 
  10    3     0    627 
  10    4     0    369 
  10    5     0    220 
  10    6     0    758 
  10    7     0    619 
  10    8     0    690 
  10    9     0    769 
  10   10     0    287 
  10   11     0    434 
  10   12     0    448 
  10   13     0    390 
  10   14     0    230 
  10   15     0    275 
  10   16     0    617 
  10   17     0    344 
  10   18     0    443 
  10   19     0    442 
  10   20     0    447 
  10   21     0    303 
  10   22     0    555 
  10   23     0    489 
  10   24     0    387 
  10   25     0    783 
  10   26     0    792 
  10   27     0    263 
  10   28     0    363 
  10   29     0    442 
  10   30     0    338 
  10   31     0    456 
  10   32     0    235 
  10   33     0    369 
  10   34     0    586 
  10   35     0    208 
  10   36     0    376 
  10   37     0    219 
  10   38     0    207 
  10   39     0    559 
  11    0     0    763 
  11    1     0    716 
  11    2     0    320 
  11    3     0    480 
  11    4     0    633 
  11    5     0    707 
  11    6     0    363 
  11    7     0    312 
  11    8     0    691 
  11    9     0    355 
  11   10     0    346 
  11   11     0    476 
  11   12     0    221 
  11   13     0    423 
  11   14     0    314 
  11   15     0    577 
  11   16     0    420 
  11   17     0    443 
  11   18     0    476 
  11   19     0    714 
  11   20     0    679 
  11   21     0    535 
  11   22     0    636 
  11   23     0    455 
  11   24     0    345 
  11   25     0    561 
  11   26     0    722 
  11   27     0    242 
  11   28     0    542 
  11   29     0    425 
  11   30     0    663 
  11   31     0    397 
  11   32     0    616 
  11   33     0    280 
  11   34     0    362 
  11   35     0    324 
  11   36     0    404 
  11   37     0    291 
  11   38     0    735 
  11   39     0    736 
  12    0     0    773 
  12    1     0    668 
  12    2     0    607 
  12    3     0    424 
  12    4     0    534 
  12    5     0    385 
  12    6     0    411 
  12    7     0    340 
  12    8     0    377 
  12    9     0    667 
  12   10     0    670 
  12   11     0    554 
  12   12     0    625 
  12   13     0    280 
  12   14     0    295 
  12   15     0    298 
  12   16     0    619 
  12   17     0    396 
  12   18     0    550 
  12   19     0    244 
  12   20     0    214 
  12   21     0    763 
  12   22     0    316 
  12   23     0    297 
  12   24     0    217 
  12   25     0    540 
  12   26     0    515 
  12   27     0    406 
  12   28     0    590 
  12   29     0    685 
  12   30     0    385 
  12   31     0    567 
  12   32     0    347 
  12   33     0    441 
  12   34     0    578 
  12   35     0    256 
  12   36     0    732 
  12   37     0    381 
  12   38     0    284 
  12   39     0    406 
  13    0     0    316 
  13    1     0    510 
  13    2     0    383 
  13    3     0    495 
  13    4     0    558 
  13    5     0    780 
  13    6     0    390 
  13    7     0    517 
  13    8     0    215 
  13    9     0    718 
  13   10     0    605 
  13   11     0    271 
  13   12     0    543 
  13   13     0    542 
  13   14     0    426 
  13   15     0    440 
  13   16     0    290 
  13   17     0    329 
  13   18     0    474 
  13   19     0    769 
  13   20     0    795 
  13   21     0    695 
  13   22     0    277 
  13   23     0    615 
  13   24     0    593 
  13   25     0    718 
  13   26     0    720 
  13   27     0    376 
  13   28     0    790 
  13   29     0    635 
  13   30     0    349 
  13   31     0    509 
  13   32     0    425 
  13   33     0    364 
  13   34     0    621 
  13   35     0    508 
  13   36     0    265 
  13   37     0    657 
  13   38     0    254 
  13   39     0    456 
  14    0     0    536 
  14    1     0    706 
  14    2     0    701 
  14    3     0    267 
  14    4     0    300 
  14    5     0    534 
  14    6     0    537 
  14    7     0    451 
  14    8     0    512 
  14    9     0    708 
  14   10     0    465 
  14   11     0    766 
  14   12     0    671 
  14   13     0    303 
  14   14     0    547 
  14   15     0    589 
  14   16     0    445 
  14   17     0    588 
  14   18     0    252 
  14   19     0    555 
  14   20     0    366 
  14   21     0    380 
  14   22     0    772 
  14   23     0    478 
  14   24     0    759 
  14   25     0    703 
  14   26     0    547 
  14   27     0    218 
  14   28     0    728 
  14   29     0    632 
  14   30     0    513 
  14   31     0    733 
  14   32     0    419 
  14   33     0    562 
  14   34     0    350 
  14   35     0    351 
  14   36     0    344 
  14   37     0    577 
  14   38     0    287 
  14   39     0    624 
  15    0     0    714 
  15    1     0    418 
  15    2     0    679 
  15    3     0    553 
  15    4     0    442 
  15    5     0    364 
  15    6     0    507 
  15    7     0    789 
  15    8     0    477 
  15    9     0    477 
  15   10     0    731 
  15   11     0    685 
  15   12     0    344 
  15   13     0    660 
  15   14     0    346 
  15   15     0    761 
  15   16     0    640 
  15   17     0    386 
  15   18     0    460 
  15   19     0    599 
  15   20     0    527 
  15   21     0    799 
  15   22     0    367 
  15   23     0    494 
  15   24     0    401 
  15   25     0    596 
  15   26     0    434 
  15   27     0    266 
  15   28     0    383 
  15   29     0    202 
  15   30     0    577 
  15   31     0    672 
  15   32     0    284 
  15   33     0    762 
  15   34     0    633 
  15   35     0    461 
  15   36     0    673 
  15   37     0    792 
  15   38     0    448 
  15   39     0    408 
  16    0     0    247 
  16    1     0    608 
  16    2     0    326 
  16    3     0    623 
  16    4     0    721 
  16    5     0    693 
  16    6     0    616 
  16    7     0    648 
  16    8     0    747 
  16    9     0    763 
  16   10     0    303 
  16   11     0    449 
  16   12     0    694 
  16   13     0    321 
  16   14     0    309 
  16   15     0    732 
  16   16     0    548 
  16   17     0    654 
  16   18     0    330 
  16   19     0    219 
  16   20     0    412 
  16   21     0    407 
  16   22     0    620 
  16   23     0    666 
  16   24     0    591 
  16   25     0    753 
  16   26     0    670 
  16   27     0    732 
  16   28     0    410 
  16   29     0    280 
  16   30     0    749 
  16   31     0    462 
  16   32     0    666 
  16   33     0    424 
  16   34     0    773 
  16   35     0    690 
  16   36     0    286 
  16   37     0    539 
  16   38     0    243 
  16   39     0    388 
  17    0     0    711 
  17    1     0    570 
  17    2     0    214 
  17    3     0    256 
  17    4     0    432 
  17    5     0    428 
  17    6     0    633 
  17    7     0    708 
  17    8     0    217 
  17    9     0    405 
  17   10     0    213 
  17   11     0    358 
  17   12     0    711 
  17   13     0    338 
  17   14     0    297 
  17   15     0    745 
  17   16     0    444 
  17   17     0    713 
  17   18     0    462 
  17   19     0    610 
  17   20     0    527 
  17   21     0    533 
  17   22     0    705 
  17   23     0    235 
  17   24     0    399 
  17   25     0    417 
  17   26     0    710 
  17   27     0    206 
  17   28     0    260 
  17   29     0    550 
  17   30     0    325 
  17   31     0    588 
  17   32     0    321 
  17   33     0    539 
  17   34     0    289 
  17   35     0    710 
  17   36     0    456 
  17   37     0    212 
  17   38     0    783 
  17   39     0    301 
  18    0     0    382 
  18    1     0    541 
  18    2     0    503 
  18    3     0    374 
  18    4     0    406 
  18    5     0    351 
  18    6     0    492 
  18    7     0    755 
  18    8     0    608 
  18    9     0    499 
  18   10     0    530 
  18   11     0    400 
  18   12     0    407 
  18   13     0    749 
  18   14     0    536 
  18   15     0    515 
  18   16     0    668 
  18   17     0    565 
  18   18     0    509 
  18   19     0    779 
  18   20     0    345 
  18   21     0    455 
  18   22     0    302 
  18   23     0    383 
  18   24     0    746 
  18   25     0    567 
  18   26     0    585 
  18   27     0    268 
  18   28     0    621 
  18   29     0    572 
  18   30     0    605 
  18   31     0    663 
  18   32     0    398 
  18   33     0    346 
  18   34     0    636 
  18   35     0    217 
  18   36     0    430 
  18   37     0    438 
  18   38     0    634 
  18   39     0    323 
  19    0     0    230 
  19    1     0    677 
  19    2     0    728 
  19    3     0    663 
  19    4     0    632 
  19    5     0    759 
  19    6     0    604 
  19    7     0    699 
  19    8     0    763 
  19    9     0    403 
  19   10     0    216 
  19   11     0    329 
  19   12     0    581 
  19   13     0    537 
  19   14     0    252 
  19   15     0    441 
  19   16     0    281 
  19   17     0    688 
  19   18     0    751 
  19   19     0    336 
  19   20     0    435 
  19   21     0    247 
  19   22     0    323 
  19   23     0    559 
  19   24     0    402 
  19   25     0    471 
  19   26     0    326 
  19   27     0    582 
  19   28     0    795 
  19   29     0    572 
  19   30     0    273 
  19   31     0    295 
  19   32     0    698 
  19   33     0    461 
  19   34     0    213 
  19   35     0    615 
  19   36     0    295 
  19   37     0    662 
  19   38     0    420 
  19   39     0    464 
  20    0     0    726 
  20    1     0    753 
  20    2     0    672 
  20    3     0    293 
  20    4     0    408 
  20    5     0    772 
  20    6     0    368 
  20    7     0    326 
  20    8     0    693 
  20    9     0    760 
  20   10     0    684 
  20   11     0    664 
  20   12     0    377 
  20   13     0    354 
  20   14     0    565 
  20   15     0    341 
  20   16     0    658 
  20   17     0    760 
  20   18     0    679 
  20   19     0    275 
  20   20     0    363 
  20   21     0    416 
  20   22     0    222 
  20   23     0    703 
  20   24     0    553 
  20   25     0    350 
  20   26     0    534 
  20   27     0    564 
  20   28     0    317 
  20   29     0    480 
  20   30     0    501 
  20   31     0    784 
  20   32     0    757 
  20   33     0    795 
  20   34     0    272 
  20   35     0    740 
  20   36     0    749 
  20   37     0    800 
  20   38     0    307 
  20   39     0    795 
  21    0     0    642 
  21    1     0    772 
  21    2     0    526 
  21    3     0    653 
  21    4     0    605 
  21    5     0    790 
  21    6     0    534 
  21    7     0    693 
  21    8     0    386 
  21    9     0    277 
  21   10     0    646 
  21   11     0    423 
  21   12     0    373 
  21   13     0    789 
  21   14     0    207 
  21   15     0    678 
  21   16     0    634 
  21   17     0    718 
  21   18     0    716 
  21   19     0    445 
  21   20     0    384 
  21   21     0    270 
  21   22     0    223 
  21   23     0    274 
  21   24     0    322 
  21   25     0    708 
  21   26     0    323 
  21   27     0    217 
  21   28     0    492 
  21   29     0    212 
  21   30     0    414 
  21   31     0    583 
  21   32     0    688 
  21   33     0    227 
  21   34     0    640 
  21   35     0    743 
  21   36     0    366 
  21   37     0    514 
  21   38     0    382 
  21   39     0    223 
  22    0     0    500 
  22    1     0    340 
  22    2     0    338 
  22    3     0    521 
  22    4     0    285 
  22    5     0    398 
  22    6     0    308 
  22    7     0    338 
  22    8     0    679 
  22    9     0    791 
  22   10     0    370 
  22   11     0    365 
  22   12     0    554 
  22   13     0    326 
  22   14     0    569 
  22   15     0    257 
  22   16     0    244 
  22   17     0    491 
  22   18     0    290 
  22   19     0    686 
  22   20     0    271 
  22   21     0    697 
  22   22     0    527 
  22   23     0    276 
  22   24     0    402 
  22   25     0    535 
  22   26     0    435 
  22   27     0    710 
  22   28     0    471 
  22   29     0    268 
  22   30     0    406 
  22   31     0    331 
  22   32     0    242 
  22   33     0    547 
  22   34     0    347 
  22   35     0    266 
  22   36     0    472 
  22   37     0    592 
  22   38     0    405 
  22   39     0    419 
  23    0     0    348 
  23    1     0    274 
  23    2     0    503 
  23    3     0    345 
  23    4     0    251 
  23    5     0    609 
  23    6     0    782 
  23    7     0    351 
  23    8     0    612 
  23    9     0    281 
  23   10     0    770 
  23   11     0    782 
  23   12     0    485 
  23   13     0    315 
  23   14     0    572 
  23   15     0    787 
  23   16     0    394 
  23   17     0    553 
  23   18     0    452 
  23   19     0    221 
  23   20     0    500 
  23   21     0    461 
  23   22     0    653 
  23   23     0    604 
  23   24     0    237 
  23   25     0    631 
  23   26     0    365 
  23   27     0    758 
  23   28     0    704 
  23   29     0    611 
  23   30     0    443 
  23   31     0    526 
  23   32     0    603 
  23   33     0    782 
  23   34     0    567 
  23   35     0    296 
  23   36     0    700 
  23   37     0    484 
  23   38     0    537 
  23   39     0    505 
  24    0     0    471 
  24    1     0    322 
  24    2     0    495 
  24    3     0    490 
  24    4     0    301 
  24    5     0    372 
  24    6     0    536 
  24    7     0    386 
  24    8     0    516 
  24    9     0    450 
  24   10     0    255 
  24   11     0    316 
  24   12     0    634 
  24   13     0    562 
  24   14     0    343 
  24   15     0    438 
  24   16     0    637 
  24   17     0    774 
  24   18     0    561 
  24   19     0    607 
  24   20     0    488 
  24   21     0    273 
  24   22     0    795 
  24   23     0    595 
  24   24     0    213 
  24   25     0    722 
  24   26     0    259 
  24   27     0    327 
  24   28     0    489 
  24   29     0    442 
  24   30     0    431 
  24   31     0    685 
  24   32     0    506 
  24   33     0    395 
  24   34     0    214 
  24   35     0    310 
  24   36     0    429 
  24   37     0    376 
  24   38     0    213 
  24   39     0    675 
  25    0     0    203 
  25    1     0    503 
  25    2     0    250 
  25    3     0    775 
  25    4     0    505 
  25    5     0    335 
  25    6     0    303 
  25    7     0    448 
  25    8     0    574 
  25    9     0    641 
  25   10     0    468 
  25   11     0    687 
  25   12     0    793 
  25   13     0    552 
  25   14     0    358 
  25   15     0    319 
  25   16     0    765 
  25   17     0    752 
  25   18     0    699 
  25   19     0    435 
  25   20     0    239 
  25   21     0    381 
  25   22     0    292 
  25   23     0    354 
  25   24     0    385 
  25   25     0    676 
  25   26     0    614 
  25   27     0    315 
  25   28     0    348 
  25   29     0    414 
  25   30     0    373 
  25   31     0    640 
  25   32     0    557 
  25   33     0    236 
  25   34     0    781 
  25   35     0    637 
  25   36     0    600 
  25   37     0    385 
  25   38     0    249 
  25   39     0    381 
  26    0     0    249 
  26    1     0    345 
  26    2     0    461 
  26    3     0    297 
  26    4     0    262 
  26    5     0    309 
  26    6     0    261 
  26    7     0    637 
  26    8     0    449 
  26    9     0    753 
  26   10     0    250 
  26   11     0    531 
  26   12     0    363 
  26   13     0    463 
  26   14     0    322 
  26   15     0    481 
  26   16     0    531 
  26   17     0    588 
  26   18     0    536 
  26   19     0    205 
  26   20     0    788 
  26   21     0    787 
  26   22     0    385 
  26   23     0    483 
  26   24     0    722 
  26   25     0    486 
  26   26     0    319 
  26   27     0    658 
  26   28     0    576 
  26   29     0    433 
  26   30     0    559 
  26   31     0    339 
  26   32     0    621 
  26   33     0    424 
  26   34     0    225 
  26   35     0    426 
  26   36     0    487 
  26   37     0    476 
  26   38     0    206 
  26   39     0    416 
  27    0     0    588 
  27    1     0    400 
  27    2     0    497 
  27    3     0    700 
  27    4     0    616 
  27    5     0    517 
  27    6     0    790 
  27    7     0    303 
  27    8     0    319 
  27    9     0    580 
  27   10     0    244 
  27   11     0    770 
  27   12     0    649 
  27   13     0    338 
  27   14     0    259 
  27   15     0    451 
  27   16     0    280 
  27   17     0    681 
  27   18     0    589 
  27   19     0    279 
  27   20     0    657 
  27   21     0    729 
  27   22     0    213 
  27   23     0    209 
  27   24     0    372 
  27   25     0    295 
  27   26     0    290 
  27   27     0    749 
  27   28     0    394 
  27   29     0    733 
  27   30     0    560 
  27   31     0    394 
  27   32     0    255 
  27   33     0    732 
  27   34     0    272 
  27   35     0    340 
  27   36     0    494 
  27   37     0    349 
  27   38     0    564 
  27   39     0    304 
  28    0     0    798 
  28    1     0    293 
  28    2     0    537 
  28    3     0    280 
  28    4     0    401 
  28    5     0    528 
  28    6     0    747 
  28    7     0    547 
  28    8     0    227 
  28    9     0    728 
  28   10     0    215 
  28   11     0    344 
  28   12     0    495 
  28   13     0    322 
  28   14     0    658 
  28   15     0    755 
  28   16     0    797 
  28   17     0    452 
  28   18     0    519 
  28   19     0    251 
  28   20     0    422 
  28   21     0    454 
  28   22     0    605 
  28   23     0    756 
  28   24     0    511 
  28   25     0    782 
  28   26     0    424 
  28   27     0    539 
  28   28     0    402 
  28   29     0    320 
  28   30     0    404 
  28   31     0    408 
  28   32     0    450 
  28   33     0    421 
  28   34     0    342 
  28   35     0    214 
  28   36     0    741 
  28   37     0    732 
  28   38     0    235 
  28   39     0    534 
  29    0     0    770 
  29    1     0    615 
  29    2     0    473 
  29    3     0    409 
  29    4     0    337 
  29    5     0    308 
  29    6     0    741 
  29    7     0    752 
  29    8     0    601 
  29    9     0    270 
  29   10     0    422 
  29   11     0    498 
  29   12     0    724 
  29   13     0    794 
  29   14     0    575 
  29   15     0    525 
  29   16     0    451 
  29   17     0    291 
  29   18     0    565 
  29   19     0    209 
  29   20     0    432 
  29   21     0    509 
  29   22     0    219 
  29   23     0    587 
  29   24     0    346 
  29   25     0    563 
  29   26     0    638 
  29   27     0    763 
  29   28     0    645 
  29   29     0    566 
  29   30     0    543 
  29   31     0    790 
  29   32     0    498 
  29   33     0    465 
  29   34     0    509 
  29   35     0    778 
  29   36     0    745 
  29   37     0    585 
  29   38     0    285 
  29   39     0    792 
  30    0     0    787 
  30    1     0    490 
  30    2     0    615 
  30    3     0    593 
  30    4     0    245 
  30    5     0    455 
  30    6     0    218 
  30    7     0    548 
  30    8     0    243 
  30    9     0    367 
  30   10     0    524 
  30   11     0    212 
  30   12     0    440 
  30   13     0    291 
  30   14     0    349 
  30   15     0    252 
  30   16     0    482 
  30   17     0    429 
  30   18     0    791 
  30   19     0    486 
  30   20     0    549 
  30   21     0    538 
  30   22     0    523 
  30   23     0    276 
  30   24     0    555 
  30   25     0    511 
  30   26     0    237 
  30   27     0    207 
  30   28     0    788 
  30   29     0    402 
  30   30     0    407 
  30   31     0    310 
  30   32     0    398 
  30   33     0    418 
  30   34     0    787 
  30   35     0    671 
  30   36     0    362 
  30   37     0    524 
  30   38     0    261 
  30   39     0    277 
  31    0     0    208 
  31    1     0    395 
  31    2     0    351 
  31    3     0    436 
  31    4     0    512 
  31    5     0    304 
  31    6     0    596 
  31    7     0    378 
  31    8     0    461 
  31    9     0    492 
  31   10     0    472 
  31   11     0    551 
  31   12     0    650 
  31   13     0    509 
  31   14     0    346 
  31   15     0    375 
  31   16     0    754 
  31   17     0    236 
  31   18     0    444 
  31   19     0    318 
  31   20     0    765 
  31   21     0    788 
  31   22     0    509 
  31   23     0    302 
  31   24     0    435 
  31   25     0    724 
  31   26     0    534 
  31   27     0    211 
  31   28     0    618 
  31   29     0    262 
  31   30     0    293 
  31   31     0    647 
  31   32     0    224 
  31   33     0    499 
  31   34     0    344 
  31   35     0    657 
  31   36     0    215 
  31   37     0    772 
  31   38     0    252 
  31   39     0    465 
  32    0     0    304 
  32    1     0    705 
  32    2     0    744 
  32    3     0    520 
  32    4     0    207 
  32    5     0    318 
  32    6     0    247 
  32    7     0    735 
  32    8     0    748 
  32    9     0    402 
  32   10     0    649 
  32   11     0    554 
  32   12     0    655 
  32   13     0    639 
  32   14     0    658 
  32   15     0    603 
  32   16     0    561 
  32   17     0    700 
  32   18     0    585 
  32   19     0    693 
  32   20     0    324 
  32   21     0    400 
  32   22     0    592 
  32   23     0    283 
  32   24     0    661 
  32   25     0    336 
  32   26     0    759 
  32   27     0    562 
  32   28     0    572 
  32   29     0    745 
  32   30     0    761 
  32   31     0    398 
  32   32     0    210 
  32   33     0    557 
  32   34     0    201 
  32   35     0    474 
  32   36     0    302 
  32   37     0    697 
  32   38     0    576 
  32   39     0    423 
  33    0     0    659 
  33    1     0    738 
  33    2     0    619 
  33    3     0    221 
  33    4     0    466 
  33    5     0    314 
  33    6     0    410 
  33    7     0    494 
  33    8     0    313 
  33    9     0    320 
  33   10     0    715 
  33   11     0    452 
  33   12     0    247 
  33   13     0    732 
  33   14     0    352 
  33   15     0    235 
  33   16     0    477 
  33   17     0    275 
  33   18     0    243 
  33   19     0    303 
  33   20     0    571 
  33   21     0    433 
  33   22     0    417 
  33   23     0    369 
  33   24     0    536 
  33   25     0    562 
  33   26     0    687 
  33   27     0    351 
  33   28     0    557 
  33   29     0    529 
  33   30     0    546 
  33   31     0    379 
  33   32     0    476 
  33   33     0    762 
  33   34     0    312 
  33   35     0    656 
  33   36     0    800 
  33   37     0    781 
  33   38     0    641 
  33   39     0    214 
  34    0     0    267 
  34    1     0    635 
  34    2     0    633 
  34    3     0    772 
  34    4     0    609 
  34    5     0    429 
  34    6     0    319 
  34    7     0    419 
  34    8     0    381 
  34    9     0    219 
  34   10     0    409 
  34   11     0    283 
  34   12     0    345 
  34   13     0    307 
  34   14     0    532 
  34   15     0    324 
  34   16     0    591 
  34   17     0    768 
  34   18     0    688 
  34   19     0    632 
  34   20     0    247 
  34   21     0    764 
  34   22     0    632 
  34   23     0    673 
  34   24     0    633 
  34   25     0    735 
  34   26     0    248 
  34   27     0    362 
  34   28     0    487 
  34   29     0    531 
  34   30     0    458 
  34   31     0    621 
  34   32     0    266 
  34   33     0    662 
  34   34     0    266 
  34   35     0    704 
  34   36     0    710 
  34   37     0    732 
  34   38     0    442 
  34   39     0    769 
  35    0     0    555 
  35    1     0    753 
  35    2     0    684 
  35    3     0    742 
  35    4     0    680 
  35    5     0    218 
  35    6     0    729 
  35    7     0    281 
  35    8     0    440 
  35    9     0    704 
  35   10     0    373 
  35   11     0    743 
  35   12     0    792 
  35   13     0    530 
  35   14     0    542 
  35   15     0    241 
  35   16     0    540 
  35   17     0    735 
  35   18     0    307 
  35   19     0    765 
  35   20     0    468 
  35   21     0    774 
  35   22     0    288 
  35   23     0    264 
  35   24     0    310 
  35   25     0    497 
  35   26     0    417 
  35   27     0    676 
  35   28     0    482 
  35   29     0    772 
  35   30     0    444 
  35   31     0    402 
  35   32     0    789 
  35   33     0    223 
  35   34     0    743 
  35   35     0    341 
  35   36     0    269 
  35   37     0    598 
  35   38     0    750 
  35   39     0    275 
  36    0     0    329 
  36    1     0    374 
  36    2     0    524 
  36    3     0    652 
  36    4     0    630 
  36    5     0    448 
  36    6     0    332 
  36    7     0    758 
  36    8     0    339 
  36    9     0    637 
  36   10     0    560 
  36   11     0    771 
  36   12     0    453 
  36   13     0    534 
  36   14     0    335 
  36   15     0    691 
  36   16     0    266 
  36   17     0    604 
  36   18     0    566 
  36   19     0    456 
  36   20     0    739 
  36   21     0    232 
  36   22     0    427 
  36   23     0    255 
  36   24     0    740 
  36   25     0    401 
  36   26     0    796 
  36   27     0    664 
  36   28     0    209 
  36   29     0    627 
  36   30     0    344 
  36   31     0    412 
  36   32     0    348 
  36   33     0    470 
  36   34     0    601 
  36   35     0    501 
  36   36     0    290 
  36   37     0    465 
  36   38     0    460 
  36   39     0    620 
  37    0     0    353 
  37    1     0    767 
  37    2     0    725 
  37    3     0    403 
  37    4     0    206 
  37    5     0    378 
  37    6     0    577 
  37    7     0    539 
  37    8     0    757 
  37    9     0    407 
  37   10     0    468 
  37   11     0    300 
  37   12     0    517 
  37   13     0    262 
  37   14     0    581 
  37   15     0    421 
  37   16     0    482 
  37   17     0    739 
  37   18     0    670 
  37   19     0    748 
  37   20     0    680 
  37   21     0    669 
  37   22     0    634 
  37   23     0    214 
  37   24     0    738 
  37   25     0    299 
  37   26     0    311 
  37   27     0    633 
  37   28     0    609 
  37   29     0    560 
  37   30     0    563 
  37   31     0    415 
  37   32     0    485 
  37   33     0    384 
  37   34     0    454 
  37   35     0    745 
  37   36     0    691 
  37   37     0    777 
  37   38     0    482 
  37   39     0    269 
  38    0     0    757 
  38    1     0    643 
  38    2     0    410 
  38    3     0    324 
  38    4     0    369 
  38    5     0    217 
  38    6     0    613 
  38    7     0    723 
  38    8     0    297 
  38    9     0    564 
  38   10     0    754 
  38   11     0    460 
  38   12     0    421 
  38   13     0    775 
  38   14     0    348 
  38   15     0    790 
  38   16     0    409 
  38   17     0    221 
  38   18     0    497 
  38   19     0    390 
  38   20     0    649 
  38   21     0    322 
  38   22     0    652 
  38   23     0    458 
  38   24     0    742 
  38   25     0    317 
  38   26     0    559 
  38   27     0    708 
  38   28     0    462 
  38   29     0    714 
  38   30     0    524 
  38   31     0    670 
  38   32     0    313 
  38   33     0    353 
  38   34     0    587 
  38   35     0    585 
  38   36     0    268 
  38   37     0    577 
  38   38     0    553 
  38   39     0    482 
  39    0     0    595 
  39    1     0    773 
  39    2     0    429 
  39    3     0    729 
  39    4     0    525 
  39    5     0    353 
  39    6     0    736 
  39    7     0    261 
  39    8     0    255 
  39    9     0    393 
  39   10     0    758 
  39   11     0    517 
  39   12     0    671 
  39   13     0    549 
  39   14     0    543 
  39   15     0    480 
  39   16     0    735 
  39   17     0    672 
  39   18     0    243 
  39   19     0    603 
  39   20     0    508 
  39   21     0    642 
  39   22     0    323 
  39   23     0    539 
  39   24     0    224 
  39   25     0    205 
  39   26     0    550 
  39   27     0    713 
  39   28     0    447 
  39   29     0    628 
  39   30     0    576 
  39   31     0    495 
  39   32     0    739 
  39   33     0    337 
  39   34     0    576 
  39   35     0    335 
  39   36     0    357 
  39   37     0    273 
  39   38     0    445 
  39   39     0    713 
