 40
 40

   16
    7
   39
   18
   21
   43
   34
    7
   45
   21
   11
   50
   41
   26
   50
    7
   28
   14
   36
   14
   41
   23
   13
   17
   32
   50
   35
    2
   10
   20
   21
   46
   38
   30
    7
   31
   50
   49
   37
   16

   14
   32
   27
   13
   41
   37
   35
   28
   31
   25
   10
   16
   44
   46
    2
   35
   10
   29
   41
   12
   22
   39
   39
   35
   45
   45
   25
   39
    4
    6
   16
   47
   48
   28
   11
   25
   41
   40
   12
    1

   0    0     0    652 
   0    1     0    410 
   0    2     0    317 
   0    3     0    640 
   0    4     0    475 
   0    5     0    274 
   0    6     0    325 
   0    7     0    327 
   0    8     0    699 
   0    9     0    304 
   0   10     0    447 
   0   11     0    287 
   0   12     0    491 
   0   13     0    567 
   0   14     0    225 
   0   15     0    732 
   0   16     0    770 
   0   17     0    442 
   0   18     0    468 
   0   19     0    449 
   0   20     0    759 
   0   21     0    617 
   0   22     0    568 
   0   23     0    553 
   0   24     0    297 
   0   25     0    225 
   0   26     0    630 
   0   27     0    716 
   0   28     0    433 
   0   29     0    498 
   0   30     0    612 
   0   31     0    621 
   0   32     0    710 
   0   33     0    328 
   0   34     0    641 
   0   35     0    486 
   0   36     0    577 
   0   37     0    389 
   0   38     0    447 
   0   39     0    311 
   1    0     0    640 
   1    1     0    482 
   1    2     0    399 
   1    3     0    700 
   1    4     0    252 
   1    5     0    372 
   1    6     0    491 
   1    7     0    307 
   1    8     0    791 
   1    9     0    307 
   1   10     0    214 
   1   11     0    610 
   1   12     0    236 
   1   13     0    365 
   1   14     0    273 
   1   15     0    634 
   1   16     0    446 
   1   17     0    444 
   1   18     0    662 
   1   19     0    391 
   1   20     0    701 
   1   21     0    532 
   1   22     0    661 
   1   23     0    692 
   1   24     0    228 
   1   25     0    424 
   1   26     0    755 
   1   27     0    770 
   1   28     0    473 
   1   29     0    677 
   1   30     0    306 
   1   31     0    775 
   1   32     0    557 
   1   33     0    291 
   1   34     0    659 
   1   35     0    579 
   1   36     0    209 
   1   37     0    202 
   1   38     0    704 
   1   39     0    292 
   2    0     0    294 
   2    1     0    228 
   2    2     0    792 
   2    3     0    686 
   2    4     0    519 
   2    5     0    516 
   2    6     0    276 
   2    7     0    604 
   2    8     0    563 
   2    9     0    207 
   2   10     0    653 
   2   11     0    698 
   2   12     0    431 
   2   13     0    278 
   2   14     0    701 
   2   15     0    357 
   2   16     0    281 
   2   17     0    598 
   2   18     0    506 
   2   19     0    550 
   2   20     0    701 
   2   21     0    586 
   2   22     0    505 
   2   23     0    684 
   2   24     0    383 
   2   25     0    367 
   2   26     0    216 
   2   27     0    622 
   2   28     0    793 
   2   29     0    601 
   2   30     0    496 
   2   31     0    706 
   2   32     0    482 
   2   33     0    209 
   2   34     0    422 
   2   35     0    674 
   2   36     0    535 
   2   37     0    428 
   2   38     0    533 
   2   39     0    743 
   3    0     0    553 
   3    1     0    755 
   3    2     0    580 
   3    3     0    396 
   3    4     0    433 
   3    5     0    662 
   3    6     0    473 
   3    7     0    744 
   3    8     0    740 
   3    9     0    386 
   3   10     0    720 
   3   11     0    418 
   3   12     0    411 
   3   13     0    559 
   3   14     0    611 
   3   15     0    379 
   3   16     0    595 
   3   17     0    780 
   3   18     0    264 
   3   19     0    312 
   3   20     0    215 
   3   21     0    448 
   3   22     0    294 
   3   23     0    571 
   3   24     0    783 
   3   25     0    262 
   3   26     0    446 
   3   27     0    585 
   3   28     0    284 
   3   29     0    455 
   3   30     0    590 
   3   31     0    277 
   3   32     0    658 
   3   33     0    616 
   3   34     0    740 
   3   35     0    351 
   3   36     0    497 
   3   37     0    603 
   3   38     0    253 
   3   39     0    541 
   4    0     0    585 
   4    1     0    507 
   4    2     0    798 
   4    3     0    436 
   4    4     0    451 
   4    5     0    289 
   4    6     0    780 
   4    7     0    428 
   4    8     0    233 
   4    9     0    295 
   4   10     0    545 
   4   11     0    463 
   4   12     0    733 
   4   13     0    246 
   4   14     0    223 
   4   15     0    596 
   4   16     0    646 
   4   17     0    322 
   4   18     0    440 
   4   19     0    792 
   4   20     0    548 
   4   21     0    487 
   4   22     0    583 
   4   23     0    777 
   4   24     0    780 
   4   25     0    675 
   4   26     0    347 
   4   27     0    352 
   4   28     0    253 
   4   29     0    674 
   4   30     0    224 
   4   31     0    704 
   4   32     0    627 
   4   33     0    770 
   4   34     0    228 
   4   35     0    396 
   4   36     0    307 
   4   37     0    778 
   4   38     0    498 
   4   39     0    374 
   5    0     0    738 
   5    1     0    714 
   5    2     0    345 
   5    3     0    673 
   5    4     0    553 
   5    5     0    292 
   5    6     0    261 
   5    7     0    489 
   5    8     0    724 
   5    9     0    332 
   5   10     0    696 
   5   11     0    219 
   5   12     0    721 
   5   13     0    552 
   5   14     0    238 
   5   15     0    382 
   5   16     0    583 
   5   17     0    282 
   5   18     0    505 
   5   19     0    752 
   5   20     0    403 
   5   21     0    351 
   5   22     0    239 
   5   23     0    584 
   5   24     0    442 
   5   25     0    621 
   5   26     0    709 
   5   27     0    735 
   5   28     0    537 
   5   29     0    735 
   5   30     0    675 
   5   31     0    560 
   5   32     0    546 
   5   33     0    760 
   5   34     0    473 
   5   35     0    615 
   5   36     0    781 
   5   37     0    446 
   5   38     0    400 
   5   39     0    763 
   6    0     0    462 
   6    1     0    472 
   6    2     0    682 
   6    3     0    215 
   6    4     0    406 
   6    5     0    468 
   6    6     0    444 
   6    7     0    437 
   6    8     0    590 
   6    9     0    277 
   6   10     0    583 
   6   11     0    513 
   6   12     0    601 
   6   13     0    423 
   6   14     0    376 
   6   15     0    335 
   6   16     0    549 
   6   17     0    716 
   6   18     0    682 
   6   19     0    445 
   6   20     0    337 
   6   21     0    206 
   6   22     0    636 
   6   23     0    613 
   6   24     0    522 
   6   25     0    365 
   6   26     0    654 
   6   27     0    603 
   6   28     0    219 
   6   29     0    652 
   6   30     0    225 
   6   31     0    299 
   6   32     0    535 
   6   33     0    643 
   6   34     0    270 
   6   35     0    421 
   6   36     0    535 
   6   37     0    796 
   6   38     0    794 
   6   39     0    371 
   7    0     0    777 
   7    1     0    283 
   7    2     0    662 
   7    3     0    704 
   7    4     0    369 
   7    5     0    614 
   7    6     0    640 
   7    7     0    626 
   7    8     0    288 
   7    9     0    459 
   7   10     0    507 
   7   11     0    652 
   7   12     0    601 
   7   13     0    260 
   7   14     0    582 
   7   15     0    391 
   7   16     0    297 
   7   17     0    327 
   7   18     0    704 
   7   19     0    685 
   7   20     0    284 
   7   21     0    411 
   7   22     0    741 
   7   23     0    611 
   7   24     0    726 
   7   25     0    383 
   7   26     0    284 
   7   27     0    468 
   7   28     0    708 
   7   29     0    398 
   7   30     0    555 
   7   31     0    729 
   7   32     0    202 
   7   33     0    444 
   7   34     0    263 
   7   35     0    376 
   7   36     0    586 
   7   37     0    496 
   7   38     0    660 
   7   39     0    784 
   8    0     0    462 
   8    1     0    724 
   8    2     0    321 
   8    3     0    751 
   8    4     0    234 
   8    5     0    274 
   8    6     0    620 
   8    7     0    212 
   8    8     0    471 
   8    9     0    794 
   8   10     0    500 
   8   11     0    663 
   8   12     0    744 
   8   13     0    514 
   8   14     0    224 
   8   15     0    409 
   8   16     0    505 
   8   17     0    697 
   8   18     0    435 
   8   19     0    662 
   8   20     0    679 
   8   21     0    391 
   8   22     0    701 
   8   23     0    741 
   8   24     0    351 
   8   25     0    311 
   8   26     0    537 
   8   27     0    397 
   8   28     0    482 
   8   29     0    296 
   8   30     0    336 
   8   31     0    651 
   8   32     0    747 
   8   33     0    272 
   8   34     0    324 
   8   35     0    752 
   8   36     0    726 
   8   37     0    674 
   8   38     0    477 
   8   39     0    622 
   9    0     0    702 
   9    1     0    693 
   9    2     0    638 
   9    3     0    411 
   9    4     0    293 
   9    5     0    394 
   9    6     0    774 
   9    7     0    353 
   9    8     0    565 
   9    9     0    481 
   9   10     0    262 
   9   11     0    776 
   9   12     0    671 
   9   13     0    486 
   9   14     0    652 
   9   15     0    727 
   9   16     0    594 
   9   17     0    330 
   9   18     0    295 
   9   19     0    507 
   9   20     0    360 
   9   21     0    719 
   9   22     0    364 
   9   23     0    584 
   9   24     0    767 
   9   25     0    222 
   9   26     0    520 
   9   27     0    453 
   9   28     0    746 
   9   29     0    768 
   9   30     0    466 
   9   31     0    252 
   9   32     0    409 
   9   33     0    444 
   9   34     0    548 
   9   35     0    421 
   9   36     0    211 
   9   37     0    510 
   9   38     0    505 
   9   39     0    470 
  10    0     0    739 
  10    1     0    698 
  10    2     0    232 
  10    3     0    601 
  10    4     0    461 
  10    5     0    215 
  10    6     0    646 
  10    7     0    344 
  10    8     0    322 
  10    9     0    270 
  10   10     0    242 
  10   11     0    463 
  10   12     0    674 
  10   13     0    778 
  10   14     0    796 
  10   15     0    226 
  10   16     0    481 
  10   17     0    469 
  10   18     0    687 
  10   19     0    553 
  10   20     0    579 
  10   21     0    339 
  10   22     0    493 
  10   23     0    308 
  10   24     0    761 
  10   25     0    421 
  10   26     0    693 
  10   27     0    628 
  10   28     0    443 
  10   29     0    202 
  10   30     0    783 
  10   31     0    621 
  10   32     0    202 
  10   33     0    489 
  10   34     0    325 
  10   35     0    573 
  10   36     0    581 
  10   37     0    761 
  10   38     0    571 
  10   39     0    288 
  11    0     0    757 
  11    1     0    506 
  11    2     0    543 
  11    3     0    377 
  11    4     0    233 
  11    5     0    505 
  11    6     0    707 
  11    7     0    596 
  11    8     0    476 
  11    9     0    599 
  11   10     0    407 
  11   11     0    651 
  11   12     0    405 
  11   13     0    743 
  11   14     0    712 
  11   15     0    425 
  11   16     0    287 
  11   17     0    374 
  11   18     0    395 
  11   19     0    437 
  11   20     0    778 
  11   21     0    201 
  11   22     0    504 
  11   23     0    291 
  11   24     0    612 
  11   25     0    434 
  11   26     0    613 
  11   27     0    284 
  11   28     0    545 
  11   29     0    700 
  11   30     0    246 
  11   31     0    277 
  11   32     0    400 
  11   33     0    766 
  11   34     0    593 
  11   35     0    750 
  11   36     0    717 
  11   37     0    648 
  11   38     0    301 
  11   39     0    223 
  12    0     0    711 
  12    1     0    725 
  12    2     0    528 
  12    3     0    332 
  12    4     0    245 
  12    5     0    466 
  12    6     0    293 
  12    7     0    408 
  12    8     0    492 
  12    9     0    321 
  12   10     0    557 
  12   11     0    499 
  12   12     0    268 
  12   13     0    691 
  12   14     0    298 
  12   15     0    371 
  12   16     0    278 
  12   17     0    233 
  12   18     0    340 
  12   19     0    285 
  12   20     0    595 
  12   21     0    231 
  12   22     0    623 
  12   23     0    261 
  12   24     0    782 
  12   25     0    755 
  12   26     0    739 
  12   27     0    267 
  12   28     0    645 
  12   29     0    283 
  12   30     0    348 
  12   31     0    556 
  12   32     0    278 
  12   33     0    680 
  12   34     0    784 
  12   35     0    485 
  12   36     0    274 
  12   37     0    560 
  12   38     0    771 
  12   39     0    294 
  13    0     0    215 
  13    1     0    258 
  13    2     0    394 
  13    3     0    567 
  13    4     0    527 
  13    5     0    532 
  13    6     0    443 
  13    7     0    751 
  13    8     0    569 
  13    9     0    738 
  13   10     0    621 
  13   11     0    571 
  13   12     0    240 
  13   13     0    606 
  13   14     0    788 
  13   15     0    620 
  13   16     0    740 
  13   17     0    760 
  13   18     0    501 
  13   19     0    402 
  13   20     0    230 
  13   21     0    714 
  13   22     0    319 
  13   23     0    210 
  13   24     0    388 
  13   25     0    248 
  13   26     0    399 
  13   27     0    497 
  13   28     0    564 
  13   29     0    330 
  13   30     0    296 
  13   31     0    291 
  13   32     0    382 
  13   33     0    446 
  13   34     0    360 
  13   35     0    519 
  13   36     0    631 
  13   37     0    467 
  13   38     0    232 
  13   39     0    577 
  14    0     0    704 
  14    1     0    638 
  14    2     0    278 
  14    3     0    550 
  14    4     0    373 
  14    5     0    753 
  14    6     0    673 
  14    7     0    477 
  14    8     0    287 
  14    9     0    417 
  14   10     0    432 
  14   11     0    245 
  14   12     0    417 
  14   13     0    350 
  14   14     0    534 
  14   15     0    409 
  14   16     0    730 
  14   17     0    681 
  14   18     0    491 
  14   19     0    741 
  14   20     0    400 
  14   21     0    762 
  14   22     0    241 
  14   23     0    207 
  14   24     0    745 
  14   25     0    526 
  14   26     0    739 
  14   27     0    798 
  14   28     0    702 
  14   29     0    776 
  14   30     0    698 
  14   31     0    428 
  14   32     0    558 
  14   33     0    457 
  14   34     0    318 
  14   35     0    619 
  14   36     0    211 
  14   37     0    366 
  14   38     0    715 
  14   39     0    642 
  15    0     0    399 
  15    1     0    572 
  15    2     0    206 
  15    3     0    784 
  15    4     0    502 
  15    5     0    740 
  15    6     0    646 
  15    7     0    771 
  15    8     0    734 
  15    9     0    203 
  15   10     0    722 
  15   11     0    722 
  15   12     0    447 
  15   13     0    515 
  15   14     0    765 
  15   15     0    628 
  15   16     0    449 
  15   17     0    403 
  15   18     0    677 
  15   19     0    453 
  15   20     0    439 
  15   21     0    671 
  15   22     0    401 
  15   23     0    483 
  15   24     0    316 
  15   25     0    643 
  15   26     0    606 
  15   27     0    304 
  15   28     0    358 
  15   29     0    422 
  15   30     0    427 
  15   31     0    324 
  15   32     0    537 
  15   33     0    793 
  15   34     0    243 
  15   35     0    280 
  15   36     0    277 
  15   37     0    249 
  15   38     0    239 
  15   39     0    518 
  16    0     0    400 
  16    1     0    628 
  16    2     0    589 
  16    3     0    587 
  16    4     0    329 
  16    5     0    534 
  16    6     0    391 
  16    7     0    589 
  16    8     0    784 
  16    9     0    250 
  16   10     0    610 
  16   11     0    357 
  16   12     0    587 
  16   13     0    363 
  16   14     0    263 
  16   15     0    205 
  16   16     0    424 
  16   17     0    450 
  16   18     0    524 
  16   19     0    661 
  16   20     0    654 
  16   21     0    544 
  16   22     0    400 
  16   23     0    709 
  16   24     0    760 
  16   25     0    680 
  16   26     0    396 
  16   27     0    411 
  16   28     0    263 
  16   29     0    358 
  16   30     0    634 
  16   31     0    559 
  16   32     0    698 
  16   33     0    712 
  16   34     0    247 
  16   35     0    528 
  16   36     0    736 
  16   37     0    611 
  16   38     0    318 
  16   39     0    475 
  17    0     0    291 
  17    1     0    244 
  17    2     0    437 
  17    3     0    221 
  17    4     0    269 
  17    5     0    512 
  17    6     0    515 
  17    7     0    747 
  17    8     0    201 
  17    9     0    257 
  17   10     0    406 
  17   11     0    444 
  17   12     0    236 
  17   13     0    466 
  17   14     0    326 
  17   15     0    520 
  17   16     0    550 
  17   17     0    334 
  17   18     0    637 
  17   19     0    468 
  17   20     0    247 
  17   21     0    565 
  17   22     0    682 
  17   23     0    201 
  17   24     0    448 
  17   25     0    394 
  17   26     0    233 
  17   27     0    781 
  17   28     0    710 
  17   29     0    707 
  17   30     0    791 
  17   31     0    271 
  17   32     0    284 
  17   33     0    489 
  17   34     0    489 
  17   35     0    432 
  17   36     0    225 
  17   37     0    370 
  17   38     0    717 
  17   39     0    775 
  18    0     0    744 
  18    1     0    765 
  18    2     0    414 
  18    3     0    797 
  18    4     0    745 
  18    5     0    657 
  18    6     0    689 
  18    7     0    430 
  18    8     0    592 
  18    9     0    488 
  18   10     0    712 
  18   11     0    387 
  18   12     0    487 
  18   13     0    506 
  18   14     0    680 
  18   15     0    758 
  18   16     0    301 
  18   17     0    509 
  18   18     0    283 
  18   19     0    765 
  18   20     0    625 
  18   21     0    600 
  18   22     0    445 
  18   23     0    504 
  18   24     0    241 
  18   25     0    780 
  18   26     0    530 
  18   27     0    789 
  18   28     0    516 
  18   29     0    241 
  18   30     0    391 
  18   31     0    642 
  18   32     0    740 
  18   33     0    508 
  18   34     0    747 
  18   35     0    248 
  18   36     0    424 
  18   37     0    208 
  18   38     0    705 
  18   39     0    739 
  19    0     0    390 
  19    1     0    627 
  19    2     0    745 
  19    3     0    749 
  19    4     0    480 
  19    5     0    238 
  19    6     0    549 
  19    7     0    737 
  19    8     0    331 
  19    9     0    637 
  19   10     0    511 
  19   11     0    490 
  19   12     0    776 
  19   13     0    466 
  19   14     0    594 
  19   15     0    332 
  19   16     0    269 
  19   17     0    289 
  19   18     0    729 
  19   19     0    251 
  19   20     0    415 
  19   21     0    225 
  19   22     0    479 
  19   23     0    302 
  19   24     0    734 
  19   25     0    432 
  19   26     0    206 
  19   27     0    343 
  19   28     0    679 
  19   29     0    694 
  19   30     0    438 
  19   31     0    746 
  19   32     0    651 
  19   33     0    787 
  19   34     0    349 
  19   35     0    403 
  19   36     0    793 
  19   37     0    530 
  19   38     0    738 
  19   39     0    623 
  20    0     0    610 
  20    1     0    342 
  20    2     0    494 
  20    3     0    666 
  20    4     0    671 
  20    5     0    646 
  20    6     0    653 
  20    7     0    657 
  20    8     0    472 
  20    9     0    573 
  20   10     0    772 
  20   11     0    249 
  20   12     0    268 
  20   13     0    270 
  20   14     0    341 
  20   15     0    511 
  20   16     0    325 
  20   17     0    519 
  20   18     0    711 
  20   19     0    299 
  20   20     0    636 
  20   21     0    276 
  20   22     0    200 
  20   23     0    525 
  20   24     0    276 
  20   25     0    411 
  20   26     0    430 
  20   27     0    333 
  20   28     0    372 
  20   29     0    770 
  20   30     0    459 
  20   31     0    241 
  20   32     0    606 
  20   33     0    340 
  20   34     0    238 
  20   35     0    214 
  20   36     0    574 
  20   37     0    356 
  20   38     0    599 
  20   39     0    465 
  21    0     0    665 
  21    1     0    421 
  21    2     0    665 
  21    3     0    716 
  21    4     0    285 
  21    5     0    720 
  21    6     0    786 
  21    7     0    396 
  21    8     0    656 
  21    9     0    442 
  21   10     0    303 
  21   11     0    576 
  21   12     0    521 
  21   13     0    774 
  21   14     0    207 
  21   15     0    351 
  21   16     0    622 
  21   17     0    381 
  21   18     0    753 
  21   19     0    362 
  21   20     0    380 
  21   21     0    768 
  21   22     0    316 
  21   23     0    451 
  21   24     0    730 
  21   25     0    752 
  21   26     0    702 
  21   27     0    793 
  21   28     0    356 
  21   29     0    470 
  21   30     0    316 
  21   31     0    433 
  21   32     0    401 
  21   33     0    720 
  21   34     0    536 
  21   35     0    480 
  21   36     0    232 
  21   37     0    250 
  21   38     0    781 
  21   39     0    227 
  22    0     0    487 
  22    1     0    743 
  22    2     0    740 
  22    3     0    764 
  22    4     0    687 
  22    5     0    567 
  22    6     0    322 
  22    7     0    728 
  22    8     0    585 
  22    9     0    385 
  22   10     0    600 
  22   11     0    361 
  22   12     0    675 
  22   13     0    786 
  22   14     0    588 
  22   15     0    278 
  22   16     0    759 
  22   17     0    735 
  22   18     0    528 
  22   19     0    267 
  22   20     0    278 
  22   21     0    763 
  22   22     0    247 
  22   23     0    548 
  22   24     0    405 
  22   25     0    244 
  22   26     0    310 
  22   27     0    766 
  22   28     0    633 
  22   29     0    367 
  22   30     0    686 
  22   31     0    421 
  22   32     0    355 
  22   33     0    712 
  22   34     0    583 
  22   35     0    524 
  22   36     0    466 
  22   37     0    259 
  22   38     0    656 
  22   39     0    528 
  23    0     0    344 
  23    1     0    349 
  23    2     0    205 
  23    3     0    268 
  23    4     0    355 
  23    5     0    565 
  23    6     0    255 
  23    7     0    383 
  23    8     0    211 
  23    9     0    655 
  23   10     0    255 
  23   11     0    380 
  23   12     0    522 
  23   13     0    237 
  23   14     0    456 
  23   15     0    661 
  23   16     0    541 
  23   17     0    385 
  23   18     0    581 
  23   19     0    777 
  23   20     0    675 
  23   21     0    278 
  23   22     0    509 
  23   23     0    421 
  23   24     0    247 
  23   25     0    562 
  23   26     0    256 
  23   27     0    449 
  23   28     0    263 
  23   29     0    248 
  23   30     0    650 
  23   31     0    604 
  23   32     0    335 
  23   33     0    204 
  23   34     0    518 
  23   35     0    643 
  23   36     0    786 
  23   37     0    585 
  23   38     0    351 
  23   39     0    480 
  24    0     0    718 
  24    1     0    517 
  24    2     0    797 
  24    3     0    260 
  24    4     0    510 
  24    5     0    716 
  24    6     0    336 
  24    7     0    273 
  24    8     0    643 
  24    9     0    476 
  24   10     0    200 
  24   11     0    676 
  24   12     0    588 
  24   13     0    244 
  24   14     0    216 
  24   15     0    472 
  24   16     0    408 
  24   17     0    429 
  24   18     0    562 
  24   19     0    288 
  24   20     0    607 
  24   21     0    783 
  24   22     0    540 
  24   23     0    544 
  24   24     0    732 
  24   25     0    409 
  24   26     0    750 
  24   27     0    310 
  24   28     0    203 
  24   29     0    258 
  24   30     0    666 
  24   31     0    718 
  24   32     0    303 
  24   33     0    618 
  24   34     0    465 
  24   35     0    564 
  24   36     0    393 
  24   37     0    242 
  24   38     0    733 
  24   39     0    552 
  25    0     0    597 
  25    1     0    378 
  25    2     0    254 
  25    3     0    330 
  25    4     0    499 
  25    5     0    319 
  25    6     0    568 
  25    7     0    393 
  25    8     0    533 
  25    9     0    430 
  25   10     0    588 
  25   11     0    408 
  25   12     0    696 
  25   13     0    704 
  25   14     0    263 
  25   15     0    715 
  25   16     0    792 
  25   17     0    539 
  25   18     0    517 
  25   19     0    518 
  25   20     0    284 
  25   21     0    623 
  25   22     0    554 
  25   23     0    610 
  25   24     0    282 
  25   25     0    318 
  25   26     0    642 
  25   27     0    221 
  25   28     0    216 
  25   29     0    286 
  25   30     0    307 
  25   31     0    746 
  25   32     0    260 
  25   33     0    531 
  25   34     0    374 
  25   35     0    275 
  25   36     0    662 
  25   37     0    694 
  25   38     0    797 
  25   39     0    515 
  26    0     0    318 
  26    1     0    686 
  26    2     0    431 
  26    3     0    673 
  26    4     0    510 
  26    5     0    505 
  26    6     0    234 
  26    7     0    479 
  26    8     0    712 
  26    9     0    724 
  26   10     0    698 
  26   11     0    494 
  26   12     0    458 
  26   13     0    396 
  26   14     0    586 
  26   15     0    707 
  26   16     0    530 
  26   17     0    761 
  26   18     0    395 
  26   19     0    291 
  26   20     0    783 
  26   21     0    651 
  26   22     0    681 
  26   23     0    622 
  26   24     0    455 
  26   25     0    752 
  26   26     0    599 
  26   27     0    520 
  26   28     0    284 
  26   29     0    469 
  26   30     0    643 
  26   31     0    773 
  26   32     0    368 
  26   33     0    671 
  26   34     0    245 
  26   35     0    651 
  26   36     0    785 
  26   37     0    787 
  26   38     0    228 
  26   39     0    291 
  27    0     0    372 
  27    1     0    757 
  27    2     0    460 
  27    3     0    684 
  27    4     0    338 
  27    5     0    258 
  27    6     0    611 
  27    7     0    586 
  27    8     0    582 
  27    9     0    637 
  27   10     0    682 
  27   11     0    677 
  27   12     0    645 
  27   13     0    333 
  27   14     0    356 
  27   15     0    746 
  27   16     0    749 
  27   17     0    525 
  27   18     0    455 
  27   19     0    776 
  27   20     0    269 
  27   21     0    391 
  27   22     0    405 
  27   23     0    357 
  27   24     0    688 
  27   25     0    698 
  27   26     0    279 
  27   27     0    579 
  27   28     0    267 
  27   29     0    459 
  27   30     0    555 
  27   31     0    517 
  27   32     0    280 
  27   33     0    412 
  27   34     0    263 
  27   35     0    693 
  27   36     0    292 
  27   37     0    713 
  27   38     0    726 
  27   39     0    336 
  28    0     0    625 
  28    1     0    734 
  28    2     0    752 
  28    3     0    411 
  28    4     0    314 
  28    5     0    269 
  28    6     0    248 
  28    7     0    369 
  28    8     0    446 
  28    9     0    513 
  28   10     0    705 
  28   11     0    225 
  28   12     0    450 
  28   13     0    694 
  28   14     0    576 
  28   15     0    519 
  28   16     0    391 
  28   17     0    798 
  28   18     0    268 
  28   19     0    427 
  28   20     0    344 
  28   21     0    682 
  28   22     0    254 
  28   23     0    209 
  28   24     0    340 
  28   25     0    643 
  28   26     0    655 
  28   27     0    795 
  28   28     0    529 
  28   29     0    258 
  28   30     0    385 
  28   31     0    798 
  28   32     0    503 
  28   33     0    301 
  28   34     0    515 
  28   35     0    425 
  28   36     0    769 
  28   37     0    615 
  28   38     0    239 
  28   39     0    749 
  29    0     0    678 
  29    1     0    445 
  29    2     0    768 
  29    3     0    494 
  29    4     0    524 
  29    5     0    254 
  29    6     0    435 
  29    7     0    564 
  29    8     0    708 
  29    9     0    669 
  29   10     0    325 
  29   11     0    523 
  29   12     0    388 
  29   13     0    321 
  29   14     0    702 
  29   15     0    423 
  29   16     0    481 
  29   17     0    552 
  29   18     0    445 
  29   19     0    654 
  29   20     0    238 
  29   21     0    243 
  29   22     0    438 
  29   23     0    347 
  29   24     0    739 
  29   25     0    658 
  29   26     0    601 
  29   27     0    756 
  29   28     0    429 
  29   29     0    463 
  29   30     0    483 
  29   31     0    624 
  29   32     0    458 
  29   33     0    314 
  29   34     0    386 
  29   35     0    253 
  29   36     0    346 
  29   37     0    776 
  29   38     0    654 
  29   39     0    603 
  30    0     0    200 
  30    1     0    246 
  30    2     0    654 
  30    3     0    635 
  30    4     0    263 
  30    5     0    442 
  30    6     0    204 
  30    7     0    299 
  30    8     0    316 
  30    9     0    738 
  30   10     0    362 
  30   11     0    346 
  30   12     0    538 
  30   13     0    610 
  30   14     0    206 
  30   15     0    250 
  30   16     0    287 
  30   17     0    699 
  30   18     0    785 
  30   19     0    594 
  30   20     0    295 
  30   21     0    502 
  30   22     0    440 
  30   23     0    764 
  30   24     0    627 
  30   25     0    408 
  30   26     0    334 
  30   27     0    616 
  30   28     0    553 
  30   29     0    469 
  30   30     0    664 
  30   31     0    631 
  30   32     0    381 
  30   33     0    674 
  30   34     0    345 
  30   35     0    579 
  30   36     0    308 
  30   37     0    496 
  30   38     0    605 
  30   39     0    694 
  31    0     0    397 
  31    1     0    261 
  31    2     0    598 
  31    3     0    538 
  31    4     0    355 
  31    5     0    551 
  31    6     0    433 
  31    7     0    749 
  31    8     0    580 
  31    9     0    785 
  31   10     0    650 
  31   11     0    377 
  31   12     0    611 
  31   13     0    641 
  31   14     0    732 
  31   15     0    597 
  31   16     0    220 
  31   17     0    365 
  31   18     0    533 
  31   19     0    655 
  31   20     0    707 
  31   21     0    682 
  31   22     0    717 
  31   23     0    271 
  31   24     0    436 
  31   25     0    644 
  31   26     0    355 
  31   27     0    239 
  31   28     0    385 
  31   29     0    278 
  31   30     0    676 
  31   31     0    235 
  31   32     0    675 
  31   33     0    539 
  31   34     0    231 
  31   35     0    793 
  31   36     0    545 
  31   37     0    254 
  31   38     0    566 
  31   39     0    508 
  32    0     0    621 
  32    1     0    370 
  32    2     0    464 
  32    3     0    611 
  32    4     0    600 
  32    5     0    639 
  32    6     0    399 
  32    7     0    667 
  32    8     0    703 
  32    9     0    402 
  32   10     0    708 
  32   11     0    685 
  32   12     0    241 
  32   13     0    755 
  32   14     0    398 
  32   15     0    522 
  32   16     0    726 
  32   17     0    344 
  32   18     0    557 
  32   19     0    404 
  32   20     0    251 
  32   21     0    372 
  32   22     0    352 
  32   23     0    468 
  32   24     0    497 
  32   25     0    303 
  32   26     0    207 
  32   27     0    665 
  32   28     0    603 
  32   29     0    356 
  32   30     0    638 
  32   31     0    483 
  32   32     0    638 
  32   33     0    347 
  32   34     0    563 
  32   35     0    306 
  32   36     0    214 
  32   37     0    365 
  32   38     0    529 
  32   39     0    518 
  33    0     0    220 
  33    1     0    429 
  33    2     0    360 
  33    3     0    464 
  33    4     0    569 
  33    5     0    507 
  33    6     0    452 
  33    7     0    780 
  33    8     0    720 
  33    9     0    200 
  33   10     0    284 
  33   11     0    735 
  33   12     0    394 
  33   13     0    531 
  33   14     0    647 
  33   15     0    736 
  33   16     0    437 
  33   17     0    301 
  33   18     0    698 
  33   19     0    718 
  33   20     0    520 
  33   21     0    375 
  33   22     0    592 
  33   23     0    315 
  33   24     0    546 
  33   25     0    702 
  33   26     0    796 
  33   27     0    372 
  33   28     0    502 
  33   29     0    397 
  33   30     0    315 
  33   31     0    466 
  33   32     0    546 
  33   33     0    569 
  33   34     0    597 
  33   35     0    685 
  33   36     0    545 
  33   37     0    411 
  33   38     0    617 
  33   39     0    645 
  34    0     0    516 
  34    1     0    643 
  34    2     0    449 
  34    3     0    360 
  34    4     0    568 
  34    5     0    355 
  34    6     0    760 
  34    7     0    269 
  34    8     0    466 
  34    9     0    398 
  34   10     0    714 
  34   11     0    621 
  34   12     0    728 
  34   13     0    307 
  34   14     0    274 
  34   15     0    447 
  34   16     0    595 
  34   17     0    797 
  34   18     0    448 
  34   19     0    508 
  34   20     0    236 
  34   21     0    533 
  34   22     0    737 
  34   23     0    771 
  34   24     0    475 
  34   25     0    403 
  34   26     0    472 
  34   27     0    620 
  34   28     0    379 
  34   29     0    217 
  34   30     0    589 
  34   31     0    517 
  34   32     0    493 
  34   33     0    569 
  34   34     0    566 
  34   35     0    201 
  34   36     0    709 
  34   37     0    784 
  34   38     0    397 
  34   39     0    589 
  35    0     0    265 
  35    1     0    697 
  35    2     0    295 
  35    3     0    688 
  35    4     0    641 
  35    5     0    516 
  35    6     0    434 
  35    7     0    321 
  35    8     0    436 
  35    9     0    235 
  35   10     0    752 
  35   11     0    508 
  35   12     0    776 
  35   13     0    736 
  35   14     0    541 
  35   15     0    638 
  35   16     0    578 
  35   17     0    298 
  35   18     0    642 
  35   19     0    761 
  35   20     0    750 
  35   21     0    357 
  35   22     0    312 
  35   23     0    367 
  35   24     0    771 
  35   25     0    627 
  35   26     0    213 
  35   27     0    677 
  35   28     0    280 
  35   29     0    435 
  35   30     0    714 
  35   31     0    438 
  35   32     0    431 
  35   33     0    707 
  35   34     0    717 
  35   35     0    413 
  35   36     0    688 
  35   37     0    640 
  35   38     0    496 
  35   39     0    468 
  36    0     0    629 
  36    1     0    741 
  36    2     0    571 
  36    3     0    501 
  36    4     0    631 
  36    5     0    421 
  36    6     0    575 
  36    7     0    699 
  36    8     0    272 
  36    9     0    338 
  36   10     0    369 
  36   11     0    756 
  36   12     0    688 
  36   13     0    510 
  36   14     0    237 
  36   15     0    397 
  36   16     0    552 
  36   17     0    245 
  36   18     0    599 
  36   19     0    421 
  36   20     0    728 
  36   21     0    491 
  36   22     0    708 
  36   23     0    224 
  36   24     0    667 
  36   25     0    491 
  36   26     0    372 
  36   27     0    800 
  36   28     0    592 
  36   29     0    374 
  36   30     0    736 
  36   31     0    445 
  36   32     0    245 
  36   33     0    358 
  36   34     0    375 
  36   35     0    629 
  36   36     0    555 
  36   37     0    397 
  36   38     0    676 
  36   39     0    275 
  37    0     0    751 
  37    1     0    591 
  37    2     0    464 
  37    3     0    584 
  37    4     0    295 
  37    5     0    465 
  37    6     0    462 
  37    7     0    381 
  37    8     0    579 
  37    9     0    631 
  37   10     0    567 
  37   11     0    227 
  37   12     0    653 
  37   13     0    730 
  37   14     0    458 
  37   15     0    583 
  37   16     0    704 
  37   17     0    664 
  37   18     0    745 
  37   19     0    229 
  37   20     0    231 
  37   21     0    202 
  37   22     0    787 
  37   23     0    271 
  37   24     0    759 
  37   25     0    455 
  37   26     0    438 
  37   27     0    535 
  37   28     0    282 
  37   29     0    639 
  37   30     0    618 
  37   31     0    687 
  37   32     0    228 
  37   33     0    758 
  37   34     0    654 
  37   35     0    609 
  37   36     0    715 
  37   37     0    436 
  37   38     0    415 
  37   39     0    608 
  38    0     0    650 
  38    1     0    283 
  38    2     0    250 
  38    3     0    359 
  38    4     0    582 
  38    5     0    463 
  38    6     0    659 
  38    7     0    520 
  38    8     0    242 
  38    9     0    357 
  38   10     0    664 
  38   11     0    707 
  38   12     0    239 
  38   13     0    692 
  38   14     0    474 
  38   15     0    477 
  38   16     0    348 
  38   17     0    210 
  38   18     0    467 
  38   19     0    476 
  38   20     0    588 
  38   21     0    369 
  38   22     0    447 
  38   23     0    456 
  38   24     0    259 
  38   25     0    549 
  38   26     0    416 
  38   27     0    611 
  38   28     0    269 
  38   29     0    768 
  38   30     0    373 
  38   31     0    654 
  38   32     0    645 
  38   33     0    313 
  38   34     0    787 
  38   35     0    470 
  38   36     0    366 
  38   37     0    314 
  38   38     0    681 
  38   39     0    443 
  39    0     0    211 
  39    1     0    745 
  39    2     0    594 
  39    3     0    389 
  39    4     0    516 
  39    5     0    430 
  39    6     0    498 
  39    7     0    597 
  39    8     0    223 
  39    9     0    636 
  39   10     0    601 
  39   11     0    757 
  39   12     0    631 
  39   13     0    436 
  39   14     0    400 
  39   15     0    677 
  39   16     0    257 
  39   17     0    225 
  39   18     0    230 
  39   19     0    415 
  39   20     0    411 
  39   21     0    404 
  39   22     0    233 
  39   23     0    293 
  39   24     0    384 
  39   25     0    666 
  39   26     0    402 
  39   27     0    311 
  39   28     0    556 
  39   29     0    440 
  39   30     0    743 
  39   31     0    390 
  39   32     0    674 
  39   33     0    263 
  39   34     0    746 
  39   35     0    793 
  39   36     0    491 
  39   37     0    254 
  39   38     0    578 
  39   39     0    335 
