 40
 40

   29
   18
   50
   37
   21
   49
   32
   10
    2
   15
   31
   20
   21
   42
   33
   32
   39
   17
    9
   34
   44
   19
   16
   26
   47
   22
    1
   15
   36
   42
   21
    6
   29
   46
   33
    4
   19
   22
   10
   13

    2
   29
   30
   36
   10
   26
    1
   39
   38
   11
   40
    8
   18
   46
   36
   16
   23
   20
   13
   31
   31
   20
   10
   11
   15
   21
   20
   13
   43
   35
   12
   18
   34
   47
   39
   29
   21
   48
   34
   38

   0    0     0    344 
   0    1     0    556 
   0    2     0    590 
   0    3     0    453 
   0    4     0    397 
   0    5     0    597 
   0    6     0    732 
   0    7     0    325 
   0    8     0    710 
   0    9     0    215 
   0   10     0    766 
   0   11     0    718 
   0   12     0    544 
   0   13     0    474 
   0   14     0    789 
   0   15     0    690 
   0   16     0    492 
   0   17     0    285 
   0   18     0    296 
   0   19     0    733 
   0   20     0    634 
   0   21     0    653 
   0   22     0    419 
   0   23     0    649 
   0   24     0    570 
   0   25     0    407 
   0   26     0    643 
   0   27     0    768 
   0   28     0    724 
   0   29     0    211 
   0   30     0    671 
   0   31     0    453 
   0   32     0    535 
   0   33     0    732 
   0   34     0    309 
   0   35     0    768 
   0   36     0    603 
   0   37     0    476 
   0   38     0    608 
   0   39     0    329 
   1    0     0    550 
   1    1     0    240 
   1    2     0    689 
   1    3     0    782 
   1    4     0    347 
   1    5     0    502 
   1    6     0    774 
   1    7     0    310 
   1    8     0    670 
   1    9     0    265 
   1   10     0    438 
   1   11     0    598 
   1   12     0    339 
   1   13     0    642 
   1   14     0    360 
   1   15     0    585 
   1   16     0    285 
   1   17     0    445 
   1   18     0    294 
   1   19     0    206 
   1   20     0    603 
   1   21     0    661 
   1   22     0    452 
   1   23     0    281 
   1   24     0    773 
   1   25     0    484 
   1   26     0    232 
   1   27     0    393 
   1   28     0    686 
   1   29     0    505 
   1   30     0    347 
   1   31     0    515 
   1   32     0    643 
   1   33     0    431 
   1   34     0    687 
   1   35     0    314 
   1   36     0    573 
   1   37     0    547 
   1   38     0    289 
   1   39     0    283 
   2    0     0    239 
   2    1     0    466 
   2    2     0    408 
   2    3     0    502 
   2    4     0    522 
   2    5     0    328 
   2    6     0    597 
   2    7     0    781 
   2    8     0    636 
   2    9     0    795 
   2   10     0    512 
   2   11     0    591 
   2   12     0    410 
   2   13     0    383 
   2   14     0    522 
   2   15     0    425 
   2   16     0    589 
   2   17     0    754 
   2   18     0    285 
   2   19     0    240 
   2   20     0    775 
   2   21     0    419 
   2   22     0    754 
   2   23     0    251 
   2   24     0    571 
   2   25     0    566 
   2   26     0    656 
   2   27     0    298 
   2   28     0    396 
   2   29     0    401 
   2   30     0    309 
   2   31     0    437 
   2   32     0    205 
   2   33     0    716 
   2   34     0    732 
   2   35     0    419 
   2   36     0    756 
   2   37     0    255 
   2   38     0    224 
   2   39     0    648 
   3    0     0    767 
   3    1     0    594 
   3    2     0    430 
   3    3     0    320 
   3    4     0    724 
   3    5     0    682 
   3    6     0    302 
   3    7     0    309 
   3    8     0    313 
   3    9     0    309 
   3   10     0    395 
   3   11     0    571 
   3   12     0    746 
   3   13     0    625 
   3   14     0    468 
   3   15     0    505 
   3   16     0    502 
   3   17     0    284 
   3   18     0    800 
   3   19     0    494 
   3   20     0    601 
   3   21     0    212 
   3   22     0    791 
   3   23     0    683 
   3   24     0    272 
   3   25     0    470 
   3   26     0    448 
   3   27     0    588 
   3   28     0    675 
   3   29     0    379 
   3   30     0    347 
   3   31     0    647 
   3   32     0    330 
   3   33     0    325 
   3   34     0    698 
   3   35     0    516 
   3   36     0    726 
   3   37     0    240 
   3   38     0    597 
   3   39     0    670 
   4    0     0    519 
   4    1     0    467 
   4    2     0    223 
   4    3     0    400 
   4    4     0    593 
   4    5     0    345 
   4    6     0    318 
   4    7     0    577 
   4    8     0    484 
   4    9     0    653 
   4   10     0    750 
   4   11     0    642 
   4   12     0    541 
   4   13     0    749 
   4   14     0    644 
   4   15     0    753 
   4   16     0    369 
   4   17     0    586 
   4   18     0    418 
   4   19     0    338 
   4   20     0    291 
   4   21     0    704 
   4   22     0    396 
   4   23     0    719 
   4   24     0    423 
   4   25     0    413 
   4   26     0    501 
   4   27     0    766 
   4   28     0    549 
   4   29     0    761 
   4   30     0    509 
   4   31     0    262 
   4   32     0    541 
   4   33     0    685 
   4   34     0    606 
   4   35     0    234 
   4   36     0    373 
   4   37     0    388 
   4   38     0    427 
   4   39     0    503 
   5    0     0    238 
   5    1     0    200 
   5    2     0    708 
   5    3     0    463 
   5    4     0    292 
   5    5     0    761 
   5    6     0    735 
   5    7     0    227 
   5    8     0    696 
   5    9     0    580 
   5   10     0    590 
   5   11     0    440 
   5   12     0    622 
   5   13     0    414 
   5   14     0    245 
   5   15     0    342 
   5   16     0    252 
   5   17     0    542 
   5   18     0    510 
   5   19     0    580 
   5   20     0    441 
   5   21     0    390 
   5   22     0    266 
   5   23     0    354 
   5   24     0    504 
   5   25     0    304 
   5   26     0    629 
   5   27     0    274 
   5   28     0    521 
   5   29     0    665 
   5   30     0    786 
   5   31     0    402 
   5   32     0    594 
   5   33     0    709 
   5   34     0    613 
   5   35     0    226 
   5   36     0    250 
   5   37     0    530 
   5   38     0    310 
   5   39     0    284 
   6    0     0    445 
   6    1     0    798 
   6    2     0    361 
   6    3     0    785 
   6    4     0    343 
   6    5     0    487 
   6    6     0    290 
   6    7     0    644 
   6    8     0    493 
   6    9     0    310 
   6   10     0    796 
   6   11     0    706 
   6   12     0    741 
   6   13     0    345 
   6   14     0    223 
   6   15     0    547 
   6   16     0    784 
   6   17     0    331 
   6   18     0    549 
   6   19     0    331 
   6   20     0    385 
   6   21     0    558 
   6   22     0    311 
   6   23     0    270 
   6   24     0    250 
   6   25     0    793 
   6   26     0    691 
   6   27     0    786 
   6   28     0    355 
   6   29     0    670 
   6   30     0    231 
   6   31     0    752 
   6   32     0    572 
   6   33     0    555 
   6   34     0    277 
   6   35     0    583 
   6   36     0    337 
   6   37     0    797 
   6   38     0    714 
   6   39     0    747 
   7    0     0    244 
   7    1     0    404 
   7    2     0    276 
   7    3     0    610 
   7    4     0    335 
   7    5     0    687 
   7    6     0    603 
   7    7     0    263 
   7    8     0    513 
   7    9     0    511 
   7   10     0    678 
   7   11     0    248 
   7   12     0    579 
   7   13     0    405 
   7   14     0    507 
   7   15     0    471 
   7   16     0    503 
   7   17     0    208 
   7   18     0    619 
   7   19     0    568 
   7   20     0    297 
   7   21     0    374 
   7   22     0    369 
   7   23     0    334 
   7   24     0    475 
   7   25     0    599 
   7   26     0    358 
   7   27     0    545 
   7   28     0    663 
   7   29     0    319 
   7   30     0    707 
   7   31     0    796 
   7   32     0    309 
   7   33     0    537 
   7   34     0    245 
   7   35     0    684 
   7   36     0    317 
   7   37     0    292 
   7   38     0    555 
   7   39     0    236 
   8    0     0    243 
   8    1     0    477 
   8    2     0    694 
   8    3     0    422 
   8    4     0    606 
   8    5     0    565 
   8    6     0    339 
   8    7     0    329 
   8    8     0    491 
   8    9     0    401 
   8   10     0    643 
   8   11     0    669 
   8   12     0    769 
   8   13     0    659 
   8   14     0    722 
   8   15     0    593 
   8   16     0    348 
   8   17     0    650 
   8   18     0    285 
   8   19     0    755 
   8   20     0    552 
   8   21     0    533 
   8   22     0    214 
   8   23     0    443 
   8   24     0    278 
   8   25     0    569 
   8   26     0    506 
   8   27     0    328 
   8   28     0    380 
   8   29     0    224 
   8   30     0    351 
   8   31     0    737 
   8   32     0    436 
   8   33     0    347 
   8   34     0    590 
   8   35     0    289 
   8   36     0    344 
   8   37     0    262 
   8   38     0    419 
   8   39     0    768 
   9    0     0    515 
   9    1     0    586 
   9    2     0    722 
   9    3     0    363 
   9    4     0    725 
   9    5     0    205 
   9    6     0    555 
   9    7     0    218 
   9    8     0    656 
   9    9     0    626 
   9   10     0    675 
   9   11     0    363 
   9   12     0    244 
   9   13     0    503 
   9   14     0    800 
   9   15     0    706 
   9   16     0    536 
   9   17     0    301 
   9   18     0    600 
   9   19     0    464 
   9   20     0    282 
   9   21     0    676 
   9   22     0    366 
   9   23     0    652 
   9   24     0    337 
   9   25     0    444 
   9   26     0    697 
   9   27     0    201 
   9   28     0    650 
   9   29     0    284 
   9   30     0    597 
   9   31     0    442 
   9   32     0    468 
   9   33     0    208 
   9   34     0    241 
   9   35     0    391 
   9   36     0    726 
   9   37     0    404 
   9   38     0    203 
   9   39     0    386 
  10    0     0    285 
  10    1     0    650 
  10    2     0    342 
  10    3     0    275 
  10    4     0    354 
  10    5     0    591 
  10    6     0    342 
  10    7     0    596 
  10    8     0    511 
  10    9     0    597 
  10   10     0    666 
  10   11     0    762 
  10   12     0    443 
  10   13     0    683 
  10   14     0    268 
  10   15     0    785 
  10   16     0    270 
  10   17     0    687 
  10   18     0    743 
  10   19     0    782 
  10   20     0    409 
  10   21     0    517 
  10   22     0    334 
  10   23     0    233 
  10   24     0    204 
  10   25     0    688 
  10   26     0    697 
  10   27     0    557 
  10   28     0    506 
  10   29     0    338 
  10   30     0    442 
  10   31     0    321 
  10   32     0    742 
  10   33     0    441 
  10   34     0    217 
  10   35     0    200 
  10   36     0    671 
  10   37     0    264 
  10   38     0    454 
  10   39     0    748 
  11    0     0    768 
  11    1     0    456 
  11    2     0    216 
  11    3     0    275 
  11    4     0    226 
  11    5     0    526 
  11    6     0    454 
  11    7     0    267 
  11    8     0    550 
  11    9     0    572 
  11   10     0    741 
  11   11     0    772 
  11   12     0    630 
  11   13     0    635 
  11   14     0    704 
  11   15     0    530 
  11   16     0    423 
  11   17     0    671 
  11   18     0    580 
  11   19     0    359 
  11   20     0    778 
  11   21     0    312 
  11   22     0    717 
  11   23     0    270 
  11   24     0    491 
  11   25     0    497 
  11   26     0    625 
  11   27     0    399 
  11   28     0    761 
  11   29     0    575 
  11   30     0    499 
  11   31     0    703 
  11   32     0    627 
  11   33     0    544 
  11   34     0    326 
  11   35     0    721 
  11   36     0    519 
  11   37     0    243 
  11   38     0    328 
  11   39     0    461 
  12    0     0    481 
  12    1     0    735 
  12    2     0    441 
  12    3     0    466 
  12    4     0    350 
  12    5     0    640 
  12    6     0    275 
  12    7     0    655 
  12    8     0    530 
  12    9     0    462 
  12   10     0    784 
  12   11     0    734 
  12   12     0    570 
  12   13     0    672 
  12   14     0    337 
  12   15     0    588 
  12   16     0    618 
  12   17     0    339 
  12   18     0    427 
  12   19     0    800 
  12   20     0    621 
  12   21     0    504 
  12   22     0    599 
  12   23     0    768 
  12   24     0    493 
  12   25     0    235 
  12   26     0    243 
  12   27     0    795 
  12   28     0    238 
  12   29     0    518 
  12   30     0    597 
  12   31     0    717 
  12   32     0    213 
  12   33     0    471 
  12   34     0    795 
  12   35     0    339 
  12   36     0    473 
  12   37     0    292 
  12   38     0    747 
  12   39     0    355 
  13    0     0    465 
  13    1     0    598 
  13    2     0    451 
  13    3     0    223 
  13    4     0    460 
  13    5     0    347 
  13    6     0    572 
  13    7     0    566 
  13    8     0    654 
  13    9     0    578 
  13   10     0    574 
  13   11     0    420 
  13   12     0    572 
  13   13     0    565 
  13   14     0    767 
  13   15     0    416 
  13   16     0    756 
  13   17     0    283 
  13   18     0    754 
  13   19     0    658 
  13   20     0    450 
  13   21     0    273 
  13   22     0    373 
  13   23     0    236 
  13   24     0    461 
  13   25     0    791 
  13   26     0    348 
  13   27     0    327 
  13   28     0    788 
  13   29     0    283 
  13   30     0    396 
  13   31     0    686 
  13   32     0    727 
  13   33     0    270 
  13   34     0    783 
  13   35     0    322 
  13   36     0    229 
  13   37     0    660 
  13   38     0    728 
  13   39     0    203 
  14    0     0    638 
  14    1     0    510 
  14    2     0    238 
  14    3     0    347 
  14    4     0    449 
  14    5     0    739 
  14    6     0    233 
  14    7     0    798 
  14    8     0    508 
  14    9     0    464 
  14   10     0    526 
  14   11     0    738 
  14   12     0    537 
  14   13     0    281 
  14   14     0    387 
  14   15     0    446 
  14   16     0    327 
  14   17     0    793 
  14   18     0    702 
  14   19     0    579 
  14   20     0    578 
  14   21     0    775 
  14   22     0    658 
  14   23     0    437 
  14   24     0    233 
  14   25     0    704 
  14   26     0    319 
  14   27     0    705 
  14   28     0    322 
  14   29     0    628 
  14   30     0    296 
  14   31     0    237 
  14   32     0    280 
  14   33     0    233 
  14   34     0    678 
  14   35     0    417 
  14   36     0    492 
  14   37     0    454 
  14   38     0    522 
  14   39     0    457 
  15    0     0    294 
  15    1     0    445 
  15    2     0    658 
  15    3     0    269 
  15    4     0    232 
  15    5     0    781 
  15    6     0    376 
  15    7     0    793 
  15    8     0    364 
  15    9     0    374 
  15   10     0    711 
  15   11     0    334 
  15   12     0    699 
  15   13     0    458 
  15   14     0    405 
  15   15     0    311 
  15   16     0    552 
  15   17     0    319 
  15   18     0    310 
  15   19     0    423 
  15   20     0    701 
  15   21     0    487 
  15   22     0    721 
  15   23     0    599 
  15   24     0    686 
  15   25     0    647 
  15   26     0    777 
  15   27     0    761 
  15   28     0    377 
  15   29     0    667 
  15   30     0    598 
  15   31     0    737 
  15   32     0    589 
  15   33     0    378 
  15   34     0    727 
  15   35     0    496 
  15   36     0    298 
  15   37     0    517 
  15   38     0    205 
  15   39     0    203 
  16    0     0    796 
  16    1     0    234 
  16    2     0    773 
  16    3     0    298 
  16    4     0    586 
  16    5     0    784 
  16    6     0    496 
  16    7     0    228 
  16    8     0    753 
  16    9     0    714 
  16   10     0    205 
  16   11     0    281 
  16   12     0    474 
  16   13     0    230 
  16   14     0    601 
  16   15     0    781 
  16   16     0    231 
  16   17     0    449 
  16   18     0    641 
  16   19     0    572 
  16   20     0    209 
  16   21     0    607 
  16   22     0    497 
  16   23     0    453 
  16   24     0    287 
  16   25     0    617 
  16   26     0    365 
  16   27     0    609 
  16   28     0    333 
  16   29     0    704 
  16   30     0    781 
  16   31     0    799 
  16   32     0    525 
  16   33     0    359 
  16   34     0    365 
  16   35     0    557 
  16   36     0    676 
  16   37     0    217 
  16   38     0    742 
  16   39     0    560 
  17    0     0    467 
  17    1     0    397 
  17    2     0    365 
  17    3     0    464 
  17    4     0    671 
  17    5     0    495 
  17    6     0    491 
  17    7     0    358 
  17    8     0    516 
  17    9     0    627 
  17   10     0    377 
  17   11     0    227 
  17   12     0    758 
  17   13     0    432 
  17   14     0    379 
  17   15     0    304 
  17   16     0    330 
  17   17     0    227 
  17   18     0    376 
  17   19     0    298 
  17   20     0    340 
  17   21     0    515 
  17   22     0    532 
  17   23     0    550 
  17   24     0    216 
  17   25     0    650 
  17   26     0    535 
  17   27     0    574 
  17   28     0    295 
  17   29     0    297 
  17   30     0    795 
  17   31     0    273 
  17   32     0    747 
  17   33     0    767 
  17   34     0    261 
  17   35     0    246 
  17   36     0    579 
  17   37     0    475 
  17   38     0    527 
  17   39     0    558 
  18    0     0    355 
  18    1     0    280 
  18    2     0    376 
  18    3     0    364 
  18    4     0    454 
  18    5     0    344 
  18    6     0    330 
  18    7     0    212 
  18    8     0    706 
  18    9     0    540 
  18   10     0    386 
  18   11     0    773 
  18   12     0    724 
  18   13     0    366 
  18   14     0    674 
  18   15     0    308 
  18   16     0    782 
  18   17     0    578 
  18   18     0    758 
  18   19     0    363 
  18   20     0    609 
  18   21     0    231 
  18   22     0    202 
  18   23     0    244 
  18   24     0    203 
  18   25     0    422 
  18   26     0    277 
  18   27     0    344 
  18   28     0    781 
  18   29     0    583 
  18   30     0    372 
  18   31     0    313 
  18   32     0    614 
  18   33     0    771 
  18   34     0    767 
  18   35     0    690 
  18   36     0    273 
  18   37     0    305 
  18   38     0    533 
  18   39     0    260 
  19    0     0    422 
  19    1     0    709 
  19    2     0    336 
  19    3     0    508 
  19    4     0    752 
  19    5     0    691 
  19    6     0    545 
  19    7     0    719 
  19    8     0    322 
  19    9     0    733 
  19   10     0    588 
  19   11     0    523 
  19   12     0    235 
  19   13     0    733 
  19   14     0    754 
  19   15     0    310 
  19   16     0    641 
  19   17     0    248 
  19   18     0    507 
  19   19     0    564 
  19   20     0    746 
  19   21     0    412 
  19   22     0    471 
  19   23     0    493 
  19   24     0    600 
  19   25     0    399 
  19   26     0    789 
  19   27     0    288 
  19   28     0    313 
  19   29     0    318 
  19   30     0    755 
  19   31     0    615 
  19   32     0    505 
  19   33     0    377 
  19   34     0    475 
  19   35     0    615 
  19   36     0    669 
  19   37     0    219 
  19   38     0    785 
  19   39     0    734 
  20    0     0    529 
  20    1     0    703 
  20    2     0    437 
  20    3     0    739 
  20    4     0    205 
  20    5     0    782 
  20    6     0    767 
  20    7     0    705 
  20    8     0    537 
  20    9     0    760 
  20   10     0    444 
  20   11     0    693 
  20   12     0    318 
  20   13     0    490 
  20   14     0    224 
  20   15     0    563 
  20   16     0    445 
  20   17     0    329 
  20   18     0    566 
  20   19     0    623 
  20   20     0    502 
  20   21     0    431 
  20   22     0    629 
  20   23     0    664 
  20   24     0    457 
  20   25     0    587 
  20   26     0    452 
  20   27     0    441 
  20   28     0    524 
  20   29     0    674 
  20   30     0    439 
  20   31     0    671 
  20   32     0    599 
  20   33     0    251 
  20   34     0    771 
  20   35     0    624 
  20   36     0    203 
  20   37     0    293 
  20   38     0    565 
  20   39     0    572 
  21    0     0    675 
  21    1     0    213 
  21    2     0    206 
  21    3     0    756 
  21    4     0    637 
  21    5     0    474 
  21    6     0    387 
  21    7     0    723 
  21    8     0    499 
  21    9     0    749 
  21   10     0    563 
  21   11     0    396 
  21   12     0    518 
  21   13     0    449 
  21   14     0    233 
  21   15     0    530 
  21   16     0    572 
  21   17     0    783 
  21   18     0    227 
  21   19     0    745 
  21   20     0    454 
  21   21     0    559 
  21   22     0    800 
  21   23     0    614 
  21   24     0    260 
  21   25     0    253 
  21   26     0    224 
  21   27     0    710 
  21   28     0    240 
  21   29     0    450 
  21   30     0    316 
  21   31     0    414 
  21   32     0    284 
  21   33     0    726 
  21   34     0    510 
  21   35     0    496 
  21   36     0    213 
  21   37     0    403 
  21   38     0    382 
  21   39     0    423 
  22    0     0    783 
  22    1     0    222 
  22    2     0    641 
  22    3     0    744 
  22    4     0    441 
  22    5     0    508 
  22    6     0    711 
  22    7     0    473 
  22    8     0    502 
  22    9     0    582 
  22   10     0    386 
  22   11     0    489 
  22   12     0    374 
  22   13     0    224 
  22   14     0    594 
  22   15     0    524 
  22   16     0    376 
  22   17     0    588 
  22   18     0    484 
  22   19     0    281 
  22   20     0    441 
  22   21     0    655 
  22   22     0    341 
  22   23     0    221 
  22   24     0    643 
  22   25     0    357 
  22   26     0    268 
  22   27     0    784 
  22   28     0    362 
  22   29     0    337 
  22   30     0    674 
  22   31     0    683 
  22   32     0    313 
  22   33     0    513 
  22   34     0    345 
  22   35     0    611 
  22   36     0    730 
  22   37     0    788 
  22   38     0    674 
  22   39     0    235 
  23    0     0    748 
  23    1     0    430 
  23    2     0    597 
  23    3     0    702 
  23    4     0    547 
  23    5     0    350 
  23    6     0    535 
  23    7     0    446 
  23    8     0    256 
  23    9     0    731 
  23   10     0    207 
  23   11     0    688 
  23   12     0    709 
  23   13     0    377 
  23   14     0    518 
  23   15     0    428 
  23   16     0    534 
  23   17     0    398 
  23   18     0    533 
  23   19     0    696 
  23   20     0    350 
  23   21     0    377 
  23   22     0    393 
  23   23     0    595 
  23   24     0    781 
  23   25     0    614 
  23   26     0    474 
  23   27     0    751 
  23   28     0    730 
  23   29     0    338 
  23   30     0    376 
  23   31     0    321 
  23   32     0    488 
  23   33     0    347 
  23   34     0    556 
  23   35     0    280 
  23   36     0    780 
  23   37     0    774 
  23   38     0    603 
  23   39     0    557 
  24    0     0    629 
  24    1     0    622 
  24    2     0    767 
  24    3     0    572 
  24    4     0    748 
  24    5     0    335 
  24    6     0    589 
  24    7     0    666 
  24    8     0    500 
  24    9     0    222 
  24   10     0    555 
  24   11     0    457 
  24   12     0    473 
  24   13     0    695 
  24   14     0    657 
  24   15     0    223 
  24   16     0    464 
  24   17     0    549 
  24   18     0    308 
  24   19     0    383 
  24   20     0    792 
  24   21     0    656 
  24   22     0    540 
  24   23     0    429 
  24   24     0    404 
  24   25     0    551 
  24   26     0    581 
  24   27     0    784 
  24   28     0    342 
  24   29     0    489 
  24   30     0    305 
  24   31     0    571 
  24   32     0    669 
  24   33     0    740 
  24   34     0    267 
  24   35     0    327 
  24   36     0    299 
  24   37     0    688 
  24   38     0    454 
  24   39     0    730 
  25    0     0    417 
  25    1     0    294 
  25    2     0    469 
  25    3     0    277 
  25    4     0    774 
  25    5     0    595 
  25    6     0    304 
  25    7     0    393 
  25    8     0    321 
  25    9     0    310 
  25   10     0    644 
  25   11     0    476 
  25   12     0    702 
  25   13     0    249 
  25   14     0    267 
  25   15     0    682 
  25   16     0    768 
  25   17     0    577 
  25   18     0    650 
  25   19     0    779 
  25   20     0    656 
  25   21     0    623 
  25   22     0    531 
  25   23     0    599 
  25   24     0    399 
  25   25     0    536 
  25   26     0    417 
  25   27     0    615 
  25   28     0    450 
  25   29     0    725 
  25   30     0    481 
  25   31     0    783 
  25   32     0    669 
  25   33     0    706 
  25   34     0    776 
  25   35     0    340 
  25   36     0    789 
  25   37     0    624 
  25   38     0    761 
  25   39     0    553 
  26    0     0    326 
  26    1     0    640 
  26    2     0    784 
  26    3     0    208 
  26    4     0    678 
  26    5     0    703 
  26    6     0    565 
  26    7     0    449 
  26    8     0    297 
  26    9     0    731 
  26   10     0    218 
  26   11     0    556 
  26   12     0    569 
  26   13     0    542 
  26   14     0    526 
  26   15     0    285 
  26   16     0    634 
  26   17     0    266 
  26   18     0    206 
  26   19     0    300 
  26   20     0    233 
  26   21     0    407 
  26   22     0    592 
  26   23     0    262 
  26   24     0    396 
  26   25     0    206 
  26   26     0    719 
  26   27     0    497 
  26   28     0    455 
  26   29     0    800 
  26   30     0    576 
  26   31     0    231 
  26   32     0    675 
  26   33     0    390 
  26   34     0    344 
  26   35     0    506 
  26   36     0    685 
  26   37     0    643 
  26   38     0    557 
  26   39     0    699 
  27    0     0    647 
  27    1     0    636 
  27    2     0    800 
  27    3     0    413 
  27    4     0    795 
  27    5     0    574 
  27    6     0    287 
  27    7     0    614 
  27    8     0    661 
  27    9     0    384 
  27   10     0    478 
  27   11     0    287 
  27   12     0    260 
  27   13     0    340 
  27   14     0    263 
  27   15     0    491 
  27   16     0    762 
  27   17     0    748 
  27   18     0    794 
  27   19     0    552 
  27   20     0    375 
  27   21     0    557 
  27   22     0    599 
  27   23     0    322 
  27   24     0    320 
  27   25     0    416 
  27   26     0    456 
  27   27     0    766 
  27   28     0    519 
  27   29     0    251 
  27   30     0    412 
  27   31     0    733 
  27   32     0    400 
  27   33     0    400 
  27   34     0    620 
  27   35     0    602 
  27   36     0    336 
  27   37     0    203 
  27   38     0    283 
  27   39     0    558 
  28    0     0    589 
  28    1     0    344 
  28    2     0    532 
  28    3     0    259 
  28    4     0    345 
  28    5     0    259 
  28    6     0    640 
  28    7     0    524 
  28    8     0    201 
  28    9     0    624 
  28   10     0    296 
  28   11     0    314 
  28   12     0    352 
  28   13     0    288 
  28   14     0    629 
  28   15     0    626 
  28   16     0    524 
  28   17     0    573 
  28   18     0    731 
  28   19     0    358 
  28   20     0    300 
  28   21     0    331 
  28   22     0    713 
  28   23     0    247 
  28   24     0    790 
  28   25     0    646 
  28   26     0    354 
  28   27     0    462 
  28   28     0    686 
  28   29     0    444 
  28   30     0    535 
  28   31     0    432 
  28   32     0    457 
  28   33     0    375 
  28   34     0    633 
  28   35     0    795 
  28   36     0    707 
  28   37     0    544 
  28   38     0    308 
  28   39     0    441 
  29    0     0    315 
  29    1     0    360 
  29    2     0    317 
  29    3     0    745 
  29    4     0    540 
  29    5     0    744 
  29    6     0    597 
  29    7     0    453 
  29    8     0    707 
  29    9     0    576 
  29   10     0    545 
  29   11     0    436 
  29   12     0    290 
  29   13     0    552 
  29   14     0    475 
  29   15     0    591 
  29   16     0    266 
  29   17     0    658 
  29   18     0    338 
  29   19     0    488 
  29   20     0    398 
  29   21     0    239 
  29   22     0    621 
  29   23     0    658 
  29   24     0    241 
  29   25     0    333 
  29   26     0    418 
  29   27     0    304 
  29   28     0    684 
  29   29     0    758 
  29   30     0    751 
  29   31     0    743 
  29   32     0    608 
  29   33     0    424 
  29   34     0    488 
  29   35     0    383 
  29   36     0    322 
  29   37     0    603 
  29   38     0    639 
  29   39     0    764 
  30    0     0    510 
  30    1     0    395 
  30    2     0    422 
  30    3     0    618 
  30    4     0    501 
  30    5     0    631 
  30    6     0    306 
  30    7     0    244 
  30    8     0    530 
  30    9     0    546 
  30   10     0    358 
  30   11     0    554 
  30   12     0    547 
  30   13     0    721 
  30   14     0    270 
  30   15     0    305 
  30   16     0    763 
  30   17     0    248 
  30   18     0    436 
  30   19     0    212 
  30   20     0    675 
  30   21     0    481 
  30   22     0    549 
  30   23     0    553 
  30   24     0    771 
  30   25     0    570 
  30   26     0    724 
  30   27     0    752 
  30   28     0    347 
  30   29     0    705 
  30   30     0    393 
  30   31     0    511 
  30   32     0    707 
  30   33     0    461 
  30   34     0    336 
  30   35     0    787 
  30   36     0    435 
  30   37     0    326 
  30   38     0    732 
  30   39     0    460 
  31    0     0    784 
  31    1     0    622 
  31    2     0    771 
  31    3     0    798 
  31    4     0    753 
  31    5     0    346 
  31    6     0    599 
  31    7     0    353 
  31    8     0    660 
  31    9     0    666 
  31   10     0    373 
  31   11     0    376 
  31   12     0    511 
  31   13     0    539 
  31   14     0    608 
  31   15     0    618 
  31   16     0    747 
  31   17     0    753 
  31   18     0    650 
  31   19     0    605 
  31   20     0    437 
  31   21     0    729 
  31   22     0    623 
  31   23     0    587 
  31   24     0    231 
  31   25     0    205 
  31   26     0    259 
  31   27     0    517 
  31   28     0    282 
  31   29     0    642 
  31   30     0    293 
  31   31     0    277 
  31   32     0    506 
  31   33     0    457 
  31   34     0    787 
  31   35     0    452 
  31   36     0    440 
  31   37     0    619 
  31   38     0    472 
  31   39     0    690 
  32    0     0    620 
  32    1     0    528 
  32    2     0    487 
  32    3     0    661 
  32    4     0    718 
  32    5     0    314 
  32    6     0    445 
  32    7     0    304 
  32    8     0    723 
  32    9     0    788 
  32   10     0    519 
  32   11     0    510 
  32   12     0    792 
  32   13     0    715 
  32   14     0    387 
  32   15     0    790 
  32   16     0    610 
  32   17     0    458 
  32   18     0    761 
  32   19     0    538 
  32   20     0    327 
  32   21     0    538 
  32   22     0    401 
  32   23     0    593 
  32   24     0    594 
  32   25     0    478 
  32   26     0    471 
  32   27     0    498 
  32   28     0    638 
  32   29     0    688 
  32   30     0    686 
  32   31     0    740 
  32   32     0    349 
  32   33     0    441 
  32   34     0    459 
  32   35     0    571 
  32   36     0    735 
  32   37     0    718 
  32   38     0    676 
  32   39     0    604 
  33    0     0    794 
  33    1     0    745 
  33    2     0    268 
  33    3     0    381 
  33    4     0    241 
  33    5     0    433 
  33    6     0    445 
  33    7     0    769 
  33    8     0    328 
  33    9     0    452 
  33   10     0    350 
  33   11     0    642 
  33   12     0    311 
  33   13     0    506 
  33   14     0    246 
  33   15     0    664 
  33   16     0    651 
  33   17     0    344 
  33   18     0    544 
  33   19     0    700 
  33   20     0    611 
  33   21     0    657 
  33   22     0    733 
  33   23     0    636 
  33   24     0    402 
  33   25     0    639 
  33   26     0    312 
  33   27     0    503 
  33   28     0    637 
  33   29     0    361 
  33   30     0    242 
  33   31     0    501 
  33   32     0    725 
  33   33     0    554 
  33   34     0    457 
  33   35     0    741 
  33   36     0    652 
  33   37     0    295 
  33   38     0    219 
  33   39     0    253 
  34    0     0    206 
  34    1     0    795 
  34    2     0    506 
  34    3     0    629 
  34    4     0    384 
  34    5     0    481 
  34    6     0    347 
  34    7     0    772 
  34    8     0    267 
  34    9     0    257 
  34   10     0    522 
  34   11     0    772 
  34   12     0    653 
  34   13     0    361 
  34   14     0    229 
  34   15     0    646 
  34   16     0    350 
  34   17     0    352 
  34   18     0    323 
  34   19     0    518 
  34   20     0    617 
  34   21     0    530 
  34   22     0    666 
  34   23     0    659 
  34   24     0    479 
  34   25     0    660 
  34   26     0    758 
  34   27     0    236 
  34   28     0    405 
  34   29     0    474 
  34   30     0    750 
  34   31     0    652 
  34   32     0    398 
  34   33     0    544 
  34   34     0    360 
  34   35     0    223 
  34   36     0    783 
  34   37     0    783 
  34   38     0    205 
  34   39     0    706 
  35    0     0    428 
  35    1     0    590 
  35    2     0    233 
  35    3     0    747 
  35    4     0    522 
  35    5     0    307 
  35    6     0    205 
  35    7     0    261 
  35    8     0    640 
  35    9     0    504 
  35   10     0    510 
  35   11     0    371 
  35   12     0    357 
  35   13     0    497 
  35   14     0    313 
  35   15     0    620 
  35   16     0    574 
  35   17     0    767 
  35   18     0    556 
  35   19     0    208 
  35   20     0    635 
  35   21     0    295 
  35   22     0    572 
  35   23     0    424 
  35   24     0    388 
  35   25     0    683 
  35   26     0    502 
  35   27     0    669 
  35   28     0    294 
  35   29     0    547 
  35   30     0    678 
  35   31     0    363 
  35   32     0    562 
  35   33     0    745 
  35   34     0    390 
  35   35     0    298 
  35   36     0    665 
  35   37     0    733 
  35   38     0    300 
  35   39     0    595 
  36    0     0    397 
  36    1     0    700 
  36    2     0    601 
  36    3     0    341 
  36    4     0    490 
  36    5     0    489 
  36    6     0    417 
  36    7     0    665 
  36    8     0    264 
  36    9     0    234 
  36   10     0    433 
  36   11     0    488 
  36   12     0    789 
  36   13     0    620 
  36   14     0    488 
  36   15     0    310 
  36   16     0    796 
  36   17     0    644 
  36   18     0    686 
  36   19     0    447 
  36   20     0    248 
  36   21     0    441 
  36   22     0    372 
  36   23     0    406 
  36   24     0    633 
  36   25     0    584 
  36   26     0    559 
  36   27     0    251 
  36   28     0    705 
  36   29     0    716 
  36   30     0    625 
  36   31     0    756 
  36   32     0    220 
  36   33     0    777 
  36   34     0    635 
  36   35     0    715 
  36   36     0    278 
  36   37     0    754 
  36   38     0    591 
  36   39     0    268 
  37    0     0    536 
  37    1     0    367 
  37    2     0    682 
  37    3     0    233 
  37    4     0    692 
  37    5     0    549 
  37    6     0    227 
  37    7     0    554 
  37    8     0    372 
  37    9     0    351 
  37   10     0    322 
  37   11     0    421 
  37   12     0    500 
  37   13     0    316 
  37   14     0    768 
  37   15     0    376 
  37   16     0    248 
  37   17     0    485 
  37   18     0    273 
  37   19     0    549 
  37   20     0    642 
  37   21     0    295 
  37   22     0    556 
  37   23     0    614 
  37   24     0    328 
  37   25     0    716 
  37   26     0    337 
  37   27     0    555 
  37   28     0    220 
  37   29     0    720 
  37   30     0    551 
  37   31     0    581 
  37   32     0    795 
  37   33     0    300 
  37   34     0    708 
  37   35     0    721 
  37   36     0    547 
  37   37     0    456 
  37   38     0    590 
  37   39     0    599 
  38    0     0    518 
  38    1     0    787 
  38    2     0    677 
  38    3     0    231 
  38    4     0    419 
  38    5     0    641 
  38    6     0    499 
  38    7     0    553 
  38    8     0    754 
  38    9     0    710 
  38   10     0    609 
  38   11     0    460 
  38   12     0    307 
  38   13     0    440 
  38   14     0    228 
  38   15     0    437 
  38   16     0    273 
  38   17     0    439 
  38   18     0    372 
  38   19     0    680 
  38   20     0    329 
  38   21     0    407 
  38   22     0    535 
  38   23     0    722 
  38   24     0    694 
  38   25     0    252 
  38   26     0    541 
  38   27     0    780 
  38   28     0    645 
  38   29     0    417 
  38   30     0    756 
  38   31     0    336 
  38   32     0    424 
  38   33     0    787 
  38   34     0    611 
  38   35     0    697 
  38   36     0    351 
  38   37     0    468 
  38   38     0    439 
  38   39     0    750 
  39    0     0    397 
  39    1     0    551 
  39    2     0    524 
  39    3     0    776 
  39    4     0    767 
  39    5     0    704 
  39    6     0    241 
  39    7     0    314 
  39    8     0    452 
  39    9     0    646 
  39   10     0    485 
  39   11     0    371 
  39   12     0    712 
  39   13     0    247 
  39   14     0    595 
  39   15     0    260 
  39   16     0    732 
  39   17     0    333 
  39   18     0    495 
  39   19     0    390 
  39   20     0    453 
  39   21     0    322 
  39   22     0    633 
  39   23     0    392 
  39   24     0    781 
  39   25     0    220 
  39   26     0    471 
  39   27     0    476 
  39   28     0    446 
  39   29     0    639 
  39   30     0    445 
  39   31     0    290 
  39   32     0    386 
  39   33     0    646 
  39   34     0    201 
  39   35     0    720 
  39   36     0    776 
  39   37     0    340 
  39   38     0    438 
  39   39     0    756 
