 40
 40

   23
   26
   30
   18
   23
   37
   39
   12
   37
   31
    1
   39
    1
   28
   10
   29
   34
    1
   27
   19
   44
   12
   30
   38
   27
   37
   40
   47
    2
   46
   32
   20
   10
   38
   38
   34
    1
    1
   24
   41

   30
   16
   48
   20
   32
   23
   12
   39
   21
   19
   13
    2
   29
   49
   10
   22
   19
   29
   20
   50
   28
   17
   32
   10
   35
   36
   29
   38
   30
   12
   13
   41
   26
   10
   10
   15
   38
   17
   38
   49

   0    0     0    665 
   0    1     0    706 
   0    2     0    430 
   0    3     0    799 
   0    4     0    455 
   0    5     0    649 
   0    6     0    543 
   0    7     0    347 
   0    8     0    515 
   0    9     0    580 
   0   10     0    464 
   0   11     0    245 
   0   12     0    548 
   0   13     0    663 
   0   14     0    496 
   0   15     0    733 
   0   16     0    669 
   0   17     0    348 
   0   18     0    455 
   0   19     0    799 
   0   20     0    263 
   0   21     0    635 
   0   22     0    686 
   0   23     0    724 
   0   24     0    421 
   0   25     0    260 
   0   26     0    275 
   0   27     0    745 
   0   28     0    780 
   0   29     0    294 
   0   30     0    384 
   0   31     0    617 
   0   32     0    409 
   0   33     0    467 
   0   34     0    239 
   0   35     0    314 
   0   36     0    254 
   0   37     0    287 
   0   38     0    529 
   0   39     0    263 
   1    0     0    383 
   1    1     0    725 
   1    2     0    517 
   1    3     0    418 
   1    4     0    571 
   1    5     0    758 
   1    6     0    648 
   1    7     0    687 
   1    8     0    385 
   1    9     0    663 
   1   10     0    703 
   1   11     0    227 
   1   12     0    416 
   1   13     0    773 
   1   14     0    734 
   1   15     0    782 
   1   16     0    695 
   1   17     0    731 
   1   18     0    205 
   1   19     0    489 
   1   20     0    633 
   1   21     0    345 
   1   22     0    287 
   1   23     0    540 
   1   24     0    310 
   1   25     0    362 
   1   26     0    394 
   1   27     0    680 
   1   28     0    423 
   1   29     0    433 
   1   30     0    261 
   1   31     0    506 
   1   32     0    326 
   1   33     0    319 
   1   34     0    743 
   1   35     0    448 
   1   36     0    304 
   1   37     0    261 
   1   38     0    421 
   1   39     0    284 
   2    0     0    413 
   2    1     0    297 
   2    2     0    522 
   2    3     0    545 
   2    4     0    523 
   2    5     0    778 
   2    6     0    723 
   2    7     0    466 
   2    8     0    701 
   2    9     0    339 
   2   10     0    694 
   2   11     0    443 
   2   12     0    444 
   2   13     0    443 
   2   14     0    286 
   2   15     0    604 
   2   16     0    488 
   2   17     0    438 
   2   18     0    273 
   2   19     0    762 
   2   20     0    741 
   2   21     0    296 
   2   22     0    607 
   2   23     0    625 
   2   24     0    786 
   2   25     0    244 
   2   26     0    450 
   2   27     0    465 
   2   28     0    342 
   2   29     0    776 
   2   30     0    732 
   2   31     0    671 
   2   32     0    671 
   2   33     0    716 
   2   34     0    362 
   2   35     0    780 
   2   36     0    225 
   2   37     0    481 
   2   38     0    542 
   2   39     0    495 
   3    0     0    549 
   3    1     0    363 
   3    2     0    397 
   3    3     0    684 
   3    4     0    249 
   3    5     0    570 
   3    6     0    790 
   3    7     0    561 
   3    8     0    393 
   3    9     0    626 
   3   10     0    484 
   3   11     0    663 
   3   12     0    450 
   3   13     0    386 
   3   14     0    787 
   3   15     0    648 
   3   16     0    623 
   3   17     0    638 
   3   18     0    723 
   3   19     0    577 
   3   20     0    739 
   3   21     0    662 
   3   22     0    593 
   3   23     0    414 
   3   24     0    434 
   3   25     0    292 
   3   26     0    700 
   3   27     0    250 
   3   28     0    509 
   3   29     0    386 
   3   30     0    545 
   3   31     0    439 
   3   32     0    594 
   3   33     0    457 
   3   34     0    448 
   3   35     0    723 
   3   36     0    749 
   3   37     0    778 
   3   38     0    299 
   3   39     0    507 
   4    0     0    614 
   4    1     0    434 
   4    2     0    430 
   4    3     0    693 
   4    4     0    713 
   4    5     0    626 
   4    6     0    202 
   4    7     0    372 
   4    8     0    748 
   4    9     0    378 
   4   10     0    264 
   4   11     0    242 
   4   12     0    466 
   4   13     0    723 
   4   14     0    372 
   4   15     0    304 
   4   16     0    397 
   4   17     0    607 
   4   18     0    781 
   4   19     0    317 
   4   20     0    309 
   4   21     0    780 
   4   22     0    356 
   4   23     0    374 
   4   24     0    784 
   4   25     0    473 
   4   26     0    412 
   4   27     0    622 
   4   28     0    646 
   4   29     0    222 
   4   30     0    449 
   4   31     0    700 
   4   32     0    469 
   4   33     0    482 
   4   34     0    741 
   4   35     0    599 
   4   36     0    664 
   4   37     0    385 
   4   38     0    787 
   4   39     0    671 
   5    0     0    514 
   5    1     0    608 
   5    2     0    781 
   5    3     0    728 
   5    4     0    358 
   5    5     0    319 
   5    6     0    278 
   5    7     0    352 
   5    8     0    304 
   5    9     0    722 
   5   10     0    475 
   5   11     0    258 
   5   12     0    737 
   5   13     0    427 
   5   14     0    640 
   5   15     0    716 
   5   16     0    427 
   5   17     0    779 
   5   18     0    533 
   5   19     0    397 
   5   20     0    219 
   5   21     0    529 
   5   22     0    650 
   5   23     0    618 
   5   24     0    409 
   5   25     0    680 
   5   26     0    242 
   5   27     0    652 
   5   28     0    730 
   5   29     0    305 
   5   30     0    739 
   5   31     0    383 
   5   32     0    670 
   5   33     0    580 
   5   34     0    400 
   5   35     0    224 
   5   36     0    453 
   5   37     0    630 
   5   38     0    388 
   5   39     0    707 
   6    0     0    431 
   6    1     0    791 
   6    2     0    595 
   6    3     0    476 
   6    4     0    306 
   6    5     0    303 
   6    6     0    444 
   6    7     0    270 
   6    8     0    592 
   6    9     0    715 
   6   10     0    425 
   6   11     0    355 
   6   12     0    753 
   6   13     0    396 
   6   14     0    730 
   6   15     0    764 
   6   16     0    221 
   6   17     0    248 
   6   18     0    473 
   6   19     0    213 
   6   20     0    487 
   6   21     0    441 
   6   22     0    524 
   6   23     0    313 
   6   24     0    750 
   6   25     0    349 
   6   26     0    536 
   6   27     0    243 
   6   28     0    539 
   6   29     0    216 
   6   30     0    359 
   6   31     0    710 
   6   32     0    671 
   6   33     0    592 
   6   34     0    405 
   6   35     0    753 
   6   36     0    308 
   6   37     0    487 
   6   38     0    428 
   6   39     0    639 
   7    0     0    425 
   7    1     0    423 
   7    2     0    327 
   7    3     0    470 
   7    4     0    278 
   7    5     0    309 
   7    6     0    438 
   7    7     0    549 
   7    8     0    224 
   7    9     0    697 
   7   10     0    570 
   7   11     0    400 
   7   12     0    541 
   7   13     0    609 
   7   14     0    765 
   7   15     0    462 
   7   16     0    482 
   7   17     0    745 
   7   18     0    228 
   7   19     0    733 
   7   20     0    518 
   7   21     0    372 
   7   22     0    292 
   7   23     0    441 
   7   24     0    567 
   7   25     0    679 
   7   26     0    426 
   7   27     0    591 
   7   28     0    323 
   7   29     0    215 
   7   30     0    577 
   7   31     0    218 
   7   32     0    261 
   7   33     0    560 
   7   34     0    766 
   7   35     0    694 
   7   36     0    258 
   7   37     0    255 
   7   38     0    251 
   7   39     0    407 
   8    0     0    381 
   8    1     0    737 
   8    2     0    321 
   8    3     0    533 
   8    4     0    360 
   8    5     0    693 
   8    6     0    753 
   8    7     0    675 
   8    8     0    754 
   8    9     0    736 
   8   10     0    339 
   8   11     0    421 
   8   12     0    386 
   8   13     0    320 
   8   14     0    415 
   8   15     0    401 
   8   16     0    794 
   8   17     0    291 
   8   18     0    261 
   8   19     0    591 
   8   20     0    335 
   8   21     0    594 
   8   22     0    371 
   8   23     0    282 
   8   24     0    315 
   8   25     0    468 
   8   26     0    514 
   8   27     0    643 
   8   28     0    678 
   8   29     0    234 
   8   30     0    490 
   8   31     0    306 
   8   32     0    592 
   8   33     0    451 
   8   34     0    660 
   8   35     0    770 
   8   36     0    678 
   8   37     0    280 
   8   38     0    504 
   8   39     0    598 
   9    0     0    559 
   9    1     0    639 
   9    2     0    217 
   9    3     0    729 
   9    4     0    487 
   9    5     0    555 
   9    6     0    277 
   9    7     0    314 
   9    8     0    446 
   9    9     0    697 
   9   10     0    740 
   9   11     0    785 
   9   12     0    652 
   9   13     0    347 
   9   14     0    707 
   9   15     0    671 
   9   16     0    500 
   9   17     0    264 
   9   18     0    721 
   9   19     0    201 
   9   20     0    780 
   9   21     0    321 
   9   22     0    766 
   9   23     0    639 
   9   24     0    660 
   9   25     0    465 
   9   26     0    483 
   9   27     0    365 
   9   28     0    568 
   9   29     0    233 
   9   30     0    533 
   9   31     0    322 
   9   32     0    363 
   9   33     0    712 
   9   34     0    723 
   9   35     0    315 
   9   36     0    680 
   9   37     0    415 
   9   38     0    730 
   9   39     0    640 
  10    0     0    692 
  10    1     0    338 
  10    2     0    287 
  10    3     0    244 
  10    4     0    235 
  10    5     0    357 
  10    6     0    202 
  10    7     0    789 
  10    8     0    296 
  10    9     0    607 
  10   10     0    757 
  10   11     0    431 
  10   12     0    414 
  10   13     0    605 
  10   14     0    534 
  10   15     0    390 
  10   16     0    350 
  10   17     0    350 
  10   18     0    773 
  10   19     0    636 
  10   20     0    629 
  10   21     0    281 
  10   22     0    594 
  10   23     0    309 
  10   24     0    542 
  10   25     0    760 
  10   26     0    652 
  10   27     0    533 
  10   28     0    287 
  10   29     0    768 
  10   30     0    430 
  10   31     0    718 
  10   32     0    204 
  10   33     0    257 
  10   34     0    642 
  10   35     0    420 
  10   36     0    774 
  10   37     0    350 
  10   38     0    346 
  10   39     0    434 
  11    0     0    683 
  11    1     0    214 
  11    2     0    621 
  11    3     0    573 
  11    4     0    490 
  11    5     0    646 
  11    6     0    291 
  11    7     0    798 
  11    8     0    273 
  11    9     0    506 
  11   10     0    424 
  11   11     0    766 
  11   12     0    663 
  11   13     0    458 
  11   14     0    309 
  11   15     0    324 
  11   16     0    201 
  11   17     0    239 
  11   18     0    262 
  11   19     0    598 
  11   20     0    523 
  11   21     0    754 
  11   22     0    567 
  11   23     0    339 
  11   24     0    565 
  11   25     0    498 
  11   26     0    567 
  11   27     0    656 
  11   28     0    494 
  11   29     0    407 
  11   30     0    383 
  11   31     0    744 
  11   32     0    721 
  11   33     0    718 
  11   34     0    279 
  11   35     0    736 
  11   36     0    752 
  11   37     0    649 
  11   38     0    743 
  11   39     0    204 
  12    0     0    633 
  12    1     0    332 
  12    2     0    728 
  12    3     0    516 
  12    4     0    586 
  12    5     0    555 
  12    6     0    657 
  12    7     0    473 
  12    8     0    207 
  12    9     0    559 
  12   10     0    774 
  12   11     0    620 
  12   12     0    290 
  12   13     0    441 
  12   14     0    396 
  12   15     0    343 
  12   16     0    655 
  12   17     0    388 
  12   18     0    597 
  12   19     0    219 
  12   20     0    665 
  12   21     0    343 
  12   22     0    336 
  12   23     0    560 
  12   24     0    630 
  12   25     0    350 
  12   26     0    327 
  12   27     0    376 
  12   28     0    748 
  12   29     0    549 
  12   30     0    606 
  12   31     0    694 
  12   32     0    419 
  12   33     0    316 
  12   34     0    628 
  12   35     0    229 
  12   36     0    669 
  12   37     0    434 
  12   38     0    367 
  12   39     0    737 
  13    0     0    419 
  13    1     0    349 
  13    2     0    665 
  13    3     0    636 
  13    4     0    695 
  13    5     0    546 
  13    6     0    525 
  13    7     0    425 
  13    8     0    433 
  13    9     0    373 
  13   10     0    431 
  13   11     0    498 
  13   12     0    268 
  13   13     0    641 
  13   14     0    645 
  13   15     0    664 
  13   16     0    274 
  13   17     0    206 
  13   18     0    207 
  13   19     0    473 
  13   20     0    688 
  13   21     0    352 
  13   22     0    583 
  13   23     0    251 
  13   24     0    303 
  13   25     0    233 
  13   26     0    211 
  13   27     0    799 
  13   28     0    352 
  13   29     0    575 
  13   30     0    443 
  13   31     0    293 
  13   32     0    683 
  13   33     0    532 
  13   34     0    266 
  13   35     0    711 
  13   36     0    478 
  13   37     0    337 
  13   38     0    548 
  13   39     0    755 
  14    0     0    421 
  14    1     0    498 
  14    2     0    627 
  14    3     0    745 
  14    4     0    435 
  14    5     0    603 
  14    6     0    759 
  14    7     0    771 
  14    8     0    315 
  14    9     0    747 
  14   10     0    509 
  14   11     0    417 
  14   12     0    614 
  14   13     0    395 
  14   14     0    617 
  14   15     0    291 
  14   16     0    628 
  14   17     0    370 
  14   18     0    247 
  14   19     0    410 
  14   20     0    399 
  14   21     0    641 
  14   22     0    551 
  14   23     0    569 
  14   24     0    725 
  14   25     0    716 
  14   26     0    507 
  14   27     0    213 
  14   28     0    300 
  14   29     0    619 
  14   30     0    470 
  14   31     0    412 
  14   32     0    757 
  14   33     0    669 
  14   34     0    278 
  14   35     0    740 
  14   36     0    329 
  14   37     0    800 
  14   38     0    252 
  14   39     0    363 
  15    0     0    799 
  15    1     0    751 
  15    2     0    361 
  15    3     0    518 
  15    4     0    288 
  15    5     0    458 
  15    6     0    228 
  15    7     0    247 
  15    8     0    756 
  15    9     0    590 
  15   10     0    558 
  15   11     0    201 
  15   12     0    432 
  15   13     0    285 
  15   14     0    775 
  15   15     0    673 
  15   16     0    255 
  15   17     0    735 
  15   18     0    800 
  15   19     0    654 
  15   20     0    309 
  15   21     0    776 
  15   22     0    792 
  15   23     0    700 
  15   24     0    341 
  15   25     0    730 
  15   26     0    280 
  15   27     0    291 
  15   28     0    348 
  15   29     0    649 
  15   30     0    369 
  15   31     0    315 
  15   32     0    761 
  15   33     0    456 
  15   34     0    715 
  15   35     0    750 
  15   36     0    505 
  15   37     0    680 
  15   38     0    586 
  15   39     0    288 
  16    0     0    297 
  16    1     0    697 
  16    2     0    393 
  16    3     0    404 
  16    4     0    765 
  16    5     0    460 
  16    6     0    518 
  16    7     0    448 
  16    8     0    383 
  16    9     0    283 
  16   10     0    294 
  16   11     0    786 
  16   12     0    717 
  16   13     0    496 
  16   14     0    369 
  16   15     0    313 
  16   16     0    381 
  16   17     0    389 
  16   18     0    351 
  16   19     0    653 
  16   20     0    408 
  16   21     0    783 
  16   22     0    422 
  16   23     0    670 
  16   24     0    402 
  16   25     0    558 
  16   26     0    695 
  16   27     0    727 
  16   28     0    634 
  16   29     0    640 
  16   30     0    635 
  16   31     0    380 
  16   32     0    281 
  16   33     0    325 
  16   34     0    514 
  16   35     0    314 
  16   36     0    601 
  16   37     0    648 
  16   38     0    516 
  16   39     0    503 
  17    0     0    370 
  17    1     0    774 
  17    2     0    255 
  17    3     0    797 
  17    4     0    337 
  17    5     0    743 
  17    6     0    327 
  17    7     0    513 
  17    8     0    527 
  17    9     0    780 
  17   10     0    781 
  17   11     0    337 
  17   12     0    800 
  17   13     0    732 
  17   14     0    478 
  17   15     0    404 
  17   16     0    427 
  17   17     0    465 
  17   18     0    388 
  17   19     0    668 
  17   20     0    422 
  17   21     0    278 
  17   22     0    649 
  17   23     0    623 
  17   24     0    470 
  17   25     0    569 
  17   26     0    793 
  17   27     0    379 
  17   28     0    433 
  17   29     0    372 
  17   30     0    427 
  17   31     0    299 
  17   32     0    590 
  17   33     0    501 
  17   34     0    717 
  17   35     0    623 
  17   36     0    764 
  17   37     0    405 
  17   38     0    718 
  17   39     0    555 
  18    0     0    366 
  18    1     0    497 
  18    2     0    710 
  18    3     0    266 
  18    4     0    390 
  18    5     0    330 
  18    6     0    445 
  18    7     0    746 
  18    8     0    615 
  18    9     0    390 
  18   10     0    429 
  18   11     0    459 
  18   12     0    305 
  18   13     0    753 
  18   14     0    772 
  18   15     0    654 
  18   16     0    273 
  18   17     0    290 
  18   18     0    526 
  18   19     0    741 
  18   20     0    792 
  18   21     0    405 
  18   22     0    749 
  18   23     0    374 
  18   24     0    486 
  18   25     0    390 
  18   26     0    564 
  18   27     0    701 
  18   28     0    649 
  18   29     0    559 
  18   30     0    573 
  18   31     0    717 
  18   32     0    618 
  18   33     0    789 
  18   34     0    477 
  18   35     0    401 
  18   36     0    252 
  18   37     0    684 
  18   38     0    412 
  18   39     0    314 
  19    0     0    649 
  19    1     0    717 
  19    2     0    301 
  19    3     0    250 
  19    4     0    496 
  19    5     0    287 
  19    6     0    441 
  19    7     0    218 
  19    8     0    232 
  19    9     0    644 
  19   10     0    468 
  19   11     0    604 
  19   12     0    574 
  19   13     0    672 
  19   14     0    564 
  19   15     0    748 
  19   16     0    611 
  19   17     0    626 
  19   18     0    767 
  19   19     0    581 
  19   20     0    592 
  19   21     0    469 
  19   22     0    283 
  19   23     0    525 
  19   24     0    445 
  19   25     0    338 
  19   26     0    422 
  19   27     0    681 
  19   28     0    318 
  19   29     0    541 
  19   30     0    625 
  19   31     0    558 
  19   32     0    747 
  19   33     0    256 
  19   34     0    403 
  19   35     0    459 
  19   36     0    698 
  19   37     0    469 
  19   38     0    396 
  19   39     0    684 
  20    0     0    509 
  20    1     0    294 
  20    2     0    253 
  20    3     0    355 
  20    4     0    778 
  20    5     0    545 
  20    6     0    652 
  20    7     0    404 
  20    8     0    561 
  20    9     0    393 
  20   10     0    522 
  20   11     0    685 
  20   12     0    599 
  20   13     0    385 
  20   14     0    704 
  20   15     0    787 
  20   16     0    435 
  20   17     0    455 
  20   18     0    305 
  20   19     0    736 
  20   20     0    328 
  20   21     0    782 
  20   22     0    283 
  20   23     0    341 
  20   24     0    773 
  20   25     0    395 
  20   26     0    500 
  20   27     0    594 
  20   28     0    388 
  20   29     0    784 
  20   30     0    384 
  20   31     0    527 
  20   32     0    312 
  20   33     0    796 
  20   34     0    660 
  20   35     0    358 
  20   36     0    741 
  20   37     0    611 
  20   38     0    746 
  20   39     0    492 
  21    0     0    754 
  21    1     0    305 
  21    2     0    535 
  21    3     0    470 
  21    4     0    534 
  21    5     0    314 
  21    6     0    446 
  21    7     0    676 
  21    8     0    505 
  21    9     0    249 
  21   10     0    461 
  21   11     0    436 
  21   12     0    393 
  21   13     0    242 
  21   14     0    540 
  21   15     0    467 
  21   16     0    525 
  21   17     0    633 
  21   18     0    412 
  21   19     0    401 
  21   20     0    650 
  21   21     0    532 
  21   22     0    593 
  21   23     0    473 
  21   24     0    295 
  21   25     0    301 
  21   26     0    430 
  21   27     0    617 
  21   28     0    466 
  21   29     0    671 
  21   30     0    733 
  21   31     0    555 
  21   32     0    653 
  21   33     0    549 
  21   34     0    598 
  21   35     0    601 
  21   36     0    584 
  21   37     0    568 
  21   38     0    363 
  21   39     0    644 
  22    0     0    507 
  22    1     0    232 
  22    2     0    702 
  22    3     0    547 
  22    4     0    692 
  22    5     0    518 
  22    6     0    617 
  22    7     0    649 
  22    8     0    333 
  22    9     0    644 
  22   10     0    557 
  22   11     0    548 
  22   12     0    542 
  22   13     0    489 
  22   14     0    767 
  22   15     0    444 
  22   16     0    709 
  22   17     0    453 
  22   18     0    679 
  22   19     0    226 
  22   20     0    645 
  22   21     0    513 
  22   22     0    657 
  22   23     0    500 
  22   24     0    570 
  22   25     0    598 
  22   26     0    527 
  22   27     0    519 
  22   28     0    740 
  22   29     0    352 
  22   30     0    289 
  22   31     0    393 
  22   32     0    251 
  22   33     0    776 
  22   34     0    469 
  22   35     0    607 
  22   36     0    316 
  22   37     0    534 
  22   38     0    206 
  22   39     0    417 
  23    0     0    462 
  23    1     0    327 
  23    2     0    750 
  23    3     0    427 
  23    4     0    384 
  23    5     0    615 
  23    6     0    203 
  23    7     0    496 
  23    8     0    297 
  23    9     0    406 
  23   10     0    744 
  23   11     0    661 
  23   12     0    545 
  23   13     0    284 
  23   14     0    743 
  23   15     0    372 
  23   16     0    721 
  23   17     0    441 
  23   18     0    450 
  23   19     0    793 
  23   20     0    220 
  23   21     0    667 
  23   22     0    212 
  23   23     0    336 
  23   24     0    656 
  23   25     0    705 
  23   26     0    486 
  23   27     0    713 
  23   28     0    537 
  23   29     0    771 
  23   30     0    639 
  23   31     0    645 
  23   32     0    506 
  23   33     0    359 
  23   34     0    203 
  23   35     0    637 
  23   36     0    331 
  23   37     0    626 
  23   38     0    784 
  23   39     0    222 
  24    0     0    664 
  24    1     0    403 
  24    2     0    564 
  24    3     0    661 
  24    4     0    726 
  24    5     0    201 
  24    6     0    743 
  24    7     0    640 
  24    8     0    369 
  24    9     0    552 
  24   10     0    519 
  24   11     0    510 
  24   12     0    656 
  24   13     0    522 
  24   14     0    277 
  24   15     0    707 
  24   16     0    484 
  24   17     0    793 
  24   18     0    533 
  24   19     0    335 
  24   20     0    601 
  24   21     0    555 
  24   22     0    402 
  24   23     0    794 
  24   24     0    597 
  24   25     0    415 
  24   26     0    583 
  24   27     0    213 
  24   28     0    254 
  24   29     0    572 
  24   30     0    314 
  24   31     0    497 
  24   32     0    421 
  24   33     0    287 
  24   34     0    386 
  24   35     0    431 
  24   36     0    634 
  24   37     0    501 
  24   38     0    304 
  24   39     0    419 
  25    0     0    223 
  25    1     0    721 
  25    2     0    258 
  25    3     0    224 
  25    4     0    506 
  25    5     0    716 
  25    6     0    496 
  25    7     0    386 
  25    8     0    521 
  25    9     0    526 
  25   10     0    726 
  25   11     0    440 
  25   12     0    443 
  25   13     0    772 
  25   14     0    276 
  25   15     0    781 
  25   16     0    511 
  25   17     0    372 
  25   18     0    525 
  25   19     0    598 
  25   20     0    774 
  25   21     0    544 
  25   22     0    699 
  25   23     0    271 
  25   24     0    464 
  25   25     0    676 
  25   26     0    799 
  25   27     0    471 
  25   28     0    694 
  25   29     0    601 
  25   30     0    689 
  25   31     0    681 
  25   32     0    615 
  25   33     0    311 
  25   34     0    418 
  25   35     0    413 
  25   36     0    720 
  25   37     0    634 
  25   38     0    408 
  25   39     0    741 
  26    0     0    309 
  26    1     0    793 
  26    2     0    580 
  26    3     0    719 
  26    4     0    663 
  26    5     0    519 
  26    6     0    258 
  26    7     0    627 
  26    8     0    530 
  26    9     0    592 
  26   10     0    491 
  26   11     0    788 
  26   12     0    769 
  26   13     0    391 
  26   14     0    680 
  26   15     0    665 
  26   16     0    444 
  26   17     0    326 
  26   18     0    271 
  26   19     0    316 
  26   20     0    506 
  26   21     0    224 
  26   22     0    367 
  26   23     0    500 
  26   24     0    606 
  26   25     0    399 
  26   26     0    283 
  26   27     0    702 
  26   28     0    509 
  26   29     0    275 
  26   30     0    676 
  26   31     0    270 
  26   32     0    213 
  26   33     0    280 
  26   34     0    525 
  26   35     0    294 
  26   36     0    203 
  26   37     0    771 
  26   38     0    525 
  26   39     0    491 
  27    0     0    295 
  27    1     0    467 
  27    2     0    340 
  27    3     0    354 
  27    4     0    384 
  27    5     0    294 
  27    6     0    644 
  27    7     0    244 
  27    8     0    236 
  27    9     0    258 
  27   10     0    563 
  27   11     0    397 
  27   12     0    676 
  27   13     0    363 
  27   14     0    625 
  27   15     0    519 
  27   16     0    704 
  27   17     0    751 
  27   18     0    312 
  27   19     0    612 
  27   20     0    664 
  27   21     0    628 
  27   22     0    548 
  27   23     0    296 
  27   24     0    214 
  27   25     0    279 
  27   26     0    412 
  27   27     0    301 
  27   28     0    416 
  27   29     0    741 
  27   30     0    524 
  27   31     0    615 
  27   32     0    586 
  27   33     0    448 
  27   34     0    270 
  27   35     0    337 
  27   36     0    766 
  27   37     0    789 
  27   38     0    558 
  27   39     0    402 
  28    0     0    274 
  28    1     0    202 
  28    2     0    793 
  28    3     0    521 
  28    4     0    382 
  28    5     0    569 
  28    6     0    241 
  28    7     0    317 
  28    8     0    753 
  28    9     0    730 
  28   10     0    390 
  28   11     0    300 
  28   12     0    288 
  28   13     0    579 
  28   14     0    682 
  28   15     0    480 
  28   16     0    257 
  28   17     0    737 
  28   18     0    664 
  28   19     0    682 
  28   20     0    683 
  28   21     0    287 
  28   22     0    741 
  28   23     0    515 
  28   24     0    307 
  28   25     0    586 
  28   26     0    449 
  28   27     0    557 
  28   28     0    752 
  28   29     0    369 
  28   30     0    571 
  28   31     0    236 
  28   32     0    582 
  28   33     0    693 
  28   34     0    340 
  28   35     0    449 
  28   36     0    382 
  28   37     0    696 
  28   38     0    525 
  28   39     0    495 
  29    0     0    213 
  29    1     0    788 
  29    2     0    396 
  29    3     0    447 
  29    4     0    351 
  29    5     0    601 
  29    6     0    377 
  29    7     0    300 
  29    8     0    218 
  29    9     0    344 
  29   10     0    556 
  29   11     0    441 
  29   12     0    763 
  29   13     0    229 
  29   14     0    331 
  29   15     0    676 
  29   16     0    390 
  29   17     0    562 
  29   18     0    786 
  29   19     0    494 
  29   20     0    756 
  29   21     0    575 
  29   22     0    331 
  29   23     0    497 
  29   24     0    260 
  29   25     0    323 
  29   26     0    437 
  29   27     0    521 
  29   28     0    637 
  29   29     0    409 
  29   30     0    277 
  29   31     0    563 
  29   32     0    282 
  29   33     0    406 
  29   34     0    551 
  29   35     0    540 
  29   36     0    712 
  29   37     0    299 
  29   38     0    602 
  29   39     0    521 
  30    0     0    792 
  30    1     0    678 
  30    2     0    535 
  30    3     0    366 
  30    4     0    502 
  30    5     0    800 
  30    6     0    406 
  30    7     0    259 
  30    8     0    209 
  30    9     0    228 
  30   10     0    269 
  30   11     0    501 
  30   12     0    680 
  30   13     0    562 
  30   14     0    299 
  30   15     0    213 
  30   16     0    743 
  30   17     0    341 
  30   18     0    799 
  30   19     0    768 
  30   20     0    568 
  30   21     0    566 
  30   22     0    545 
  30   23     0    794 
  30   24     0    627 
  30   25     0    411 
  30   26     0    759 
  30   27     0    618 
  30   28     0    403 
  30   29     0    521 
  30   30     0    364 
  30   31     0    266 
  30   32     0    207 
  30   33     0    490 
  30   34     0    498 
  30   35     0    308 
  30   36     0    415 
  30   37     0    215 
  30   38     0    457 
  30   39     0    308 
  31    0     0    271 
  31    1     0    239 
  31    2     0    631 
  31    3     0    330 
  31    4     0    203 
  31    5     0    468 
  31    6     0    459 
  31    7     0    380 
  31    8     0    652 
  31    9     0    340 
  31   10     0    538 
  31   11     0    260 
  31   12     0    289 
  31   13     0    577 
  31   14     0    411 
  31   15     0    340 
  31   16     0    795 
  31   17     0    684 
  31   18     0    635 
  31   19     0    698 
  31   20     0    350 
  31   21     0    357 
  31   22     0    654 
  31   23     0    572 
  31   24     0    542 
  31   25     0    244 
  31   26     0    316 
  31   27     0    383 
  31   28     0    213 
  31   29     0    626 
  31   30     0    389 
  31   31     0    202 
  31   32     0    706 
  31   33     0    536 
  31   34     0    286 
  31   35     0    265 
  31   36     0    296 
  31   37     0    452 
  31   38     0    693 
  31   39     0    586 
  32    0     0    689 
  32    1     0    745 
  32    2     0    306 
  32    3     0    762 
  32    4     0    315 
  32    5     0    241 
  32    6     0    344 
  32    7     0    294 
  32    8     0    608 
  32    9     0    652 
  32   10     0    707 
  32   11     0    777 
  32   12     0    681 
  32   13     0    771 
  32   14     0    504 
  32   15     0    493 
  32   16     0    201 
  32   17     0    609 
  32   18     0    482 
  32   19     0    373 
  32   20     0    590 
  32   21     0    309 
  32   22     0    319 
  32   23     0    342 
  32   24     0    713 
  32   25     0    373 
  32   26     0    675 
  32   27     0    591 
  32   28     0    505 
  32   29     0    453 
  32   30     0    696 
  32   31     0    527 
  32   32     0    284 
  32   33     0    663 
  32   34     0    755 
  32   35     0    701 
  32   36     0    627 
  32   37     0    572 
  32   38     0    366 
  32   39     0    654 
  33    0     0    419 
  33    1     0    257 
  33    2     0    325 
  33    3     0    492 
  33    4     0    359 
  33    5     0    627 
  33    6     0    613 
  33    7     0    423 
  33    8     0    216 
  33    9     0    335 
  33   10     0    602 
  33   11     0    668 
  33   12     0    524 
  33   13     0    616 
  33   14     0    775 
  33   15     0    639 
  33   16     0    287 
  33   17     0    380 
  33   18     0    232 
  33   19     0    345 
  33   20     0    778 
  33   21     0    431 
  33   22     0    658 
  33   23     0    378 
  33   24     0    578 
  33   25     0    604 
  33   26     0    731 
  33   27     0    571 
  33   28     0    693 
  33   29     0    515 
  33   30     0    366 
  33   31     0    668 
  33   32     0    779 
  33   33     0    270 
  33   34     0    615 
  33   35     0    396 
  33   36     0    292 
  33   37     0    690 
  33   38     0    349 
  33   39     0    235 
  34    0     0    374 
  34    1     0    778 
  34    2     0    593 
  34    3     0    380 
  34    4     0    574 
  34    5     0    539 
  34    6     0    380 
  34    7     0    251 
  34    8     0    582 
  34    9     0    213 
  34   10     0    710 
  34   11     0    347 
  34   12     0    212 
  34   13     0    387 
  34   14     0    326 
  34   15     0    681 
  34   16     0    580 
  34   17     0    654 
  34   18     0    621 
  34   19     0    560 
  34   20     0    356 
  34   21     0    599 
  34   22     0    391 
  34   23     0    579 
  34   24     0    417 
  34   25     0    407 
  34   26     0    664 
  34   27     0    686 
  34   28     0    538 
  34   29     0    541 
  34   30     0    723 
  34   31     0    281 
  34   32     0    370 
  34   33     0    203 
  34   34     0    370 
  34   35     0    429 
  34   36     0    498 
  34   37     0    317 
  34   38     0    315 
  34   39     0    534 
  35    0     0    258 
  35    1     0    617 
  35    2     0    280 
  35    3     0    794 
  35    4     0    739 
  35    5     0    393 
  35    6     0    486 
  35    7     0    626 
  35    8     0    695 
  35    9     0    236 
  35   10     0    783 
  35   11     0    520 
  35   12     0    782 
  35   13     0    483 
  35   14     0    612 
  35   15     0    768 
  35   16     0    691 
  35   17     0    298 
  35   18     0    705 
  35   19     0    331 
  35   20     0    327 
  35   21     0    403 
  35   22     0    523 
  35   23     0    680 
  35   24     0    458 
  35   25     0    341 
  35   26     0    761 
  35   27     0    514 
  35   28     0    722 
  35   29     0    203 
  35   30     0    686 
  35   31     0    291 
  35   32     0    364 
  35   33     0    708 
  35   34     0    403 
  35   35     0    345 
  35   36     0    435 
  35   37     0    541 
  35   38     0    593 
  35   39     0    402 
  36    0     0    401 
  36    1     0    724 
  36    2     0    397 
  36    3     0    541 
  36    4     0    766 
  36    5     0    757 
  36    6     0    210 
  36    7     0    234 
  36    8     0    458 
  36    9     0    403 
  36   10     0    736 
  36   11     0    685 
  36   12     0    499 
  36   13     0    259 
  36   14     0    758 
  36   15     0    798 
  36   16     0    512 
  36   17     0    433 
  36   18     0    528 
  36   19     0    257 
  36   20     0    558 
  36   21     0    264 
  36   22     0    295 
  36   23     0    208 
  36   24     0    311 
  36   25     0    432 
  36   26     0    761 
  36   27     0    331 
  36   28     0    783 
  36   29     0    390 
  36   30     0    570 
  36   31     0    357 
  36   32     0    568 
  36   33     0    715 
  36   34     0    788 
  36   35     0    434 
  36   36     0    424 
  36   37     0    596 
  36   38     0    296 
  36   39     0    491 
  37    0     0    339 
  37    1     0    725 
  37    2     0    438 
  37    3     0    678 
  37    4     0    780 
  37    5     0    450 
  37    6     0    552 
  37    7     0    453 
  37    8     0    626 
  37    9     0    235 
  37   10     0    496 
  37   11     0    517 
  37   12     0    608 
  37   13     0    243 
  37   14     0    786 
  37   15     0    535 
  37   16     0    700 
  37   17     0    507 
  37   18     0    750 
  37   19     0    257 
  37   20     0    326 
  37   21     0    459 
  37   22     0    494 
  37   23     0    322 
  37   24     0    255 
  37   25     0    209 
  37   26     0    243 
  37   27     0    247 
  37   28     0    561 
  37   29     0    678 
  37   30     0    646 
  37   31     0    497 
  37   32     0    288 
  37   33     0    610 
  37   34     0    695 
  37   35     0    393 
  37   36     0    670 
  37   37     0    416 
  37   38     0    335 
  37   39     0    718 
  38    0     0    568 
  38    1     0    278 
  38    2     0    626 
  38    3     0    561 
  38    4     0    653 
  38    5     0    292 
  38    6     0    669 
  38    7     0    400 
  38    8     0    235 
  38    9     0    653 
  38   10     0    675 
  38   11     0    497 
  38   12     0    727 
  38   13     0    656 
  38   14     0    286 
  38   15     0    292 
  38   16     0    511 
  38   17     0    296 
  38   18     0    369 
  38   19     0    323 
  38   20     0    243 
  38   21     0    551 
  38   22     0    306 
  38   23     0    493 
  38   24     0    791 
  38   25     0    780 
  38   26     0    322 
  38   27     0    492 
  38   28     0    337 
  38   29     0    614 
  38   30     0    745 
  38   31     0    454 
  38   32     0    611 
  38   33     0    406 
  38   34     0    303 
  38   35     0    262 
  38   36     0    562 
  38   37     0    557 
  38   38     0    698 
  38   39     0    612 
  39    0     0    586 
  39    1     0    504 
  39    2     0    528 
  39    3     0    515 
  39    4     0    394 
  39    5     0    413 
  39    6     0    359 
  39    7     0    630 
  39    8     0    520 
  39    9     0    748 
  39   10     0    392 
  39   11     0    354 
  39   12     0    429 
  39   13     0    722 
  39   14     0    563 
  39   15     0    284 
  39   16     0    465 
  39   17     0    639 
  39   18     0    539 
  39   19     0    703 
  39   20     0    665 
  39   21     0    285 
  39   22     0    745 
  39   23     0    692 
  39   24     0    362 
  39   25     0    638 
  39   26     0    399 
  39   27     0    675 
  39   28     0    292 
  39   29     0    363 
  39   30     0    319 
  39   31     0    545 
  39   32     0    322 
  39   33     0    493 
  39   34     0    639 
  39   35     0    614 
  39   36     0    256 
  39   37     0    641 
  39   38     0    342 
  39   39     0    372 
