 40
 40

   14
   38
   10
   26
   12
   15
   24
    8
   17
   29
   34
   28
   37
    9
   24
   27
   16
   50
   19
   36
   46
   22
   33
    6
   32
   11
    5
   24
   10
   24
   50
   50
   20
   23
    6
    8
   29
   43
   36
   38

   42
   36
    3
   38
   46
   49
    2
   32
   22
   36
   12
    1
   39
    5
   30
   32
   37
    4
    6
   45
   46
    1
   24
   16
   16
   37
   25
   19
   48
   17
   18
   10
   26
   23
   26
   45
   11
    5
   32
   27

   0    0     0    259 
   0    1     0    790 
   0    2     0    651 
   0    3     0    548 
   0    4     0    250 
   0    5     0    316 
   0    6     0    772 
   0    7     0    609 
   0    8     0    232 
   0    9     0    595 
   0   10     0    448 
   0   11     0    248 
   0   12     0    282 
   0   13     0    593 
   0   14     0    375 
   0   15     0    357 
   0   16     0    270 
   0   17     0    371 
   0   18     0    443 
   0   19     0    422 
   0   20     0    466 
   0   21     0    644 
   0   22     0    481 
   0   23     0    318 
   0   24     0    795 
   0   25     0    240 
   0   26     0    285 
   0   27     0    572 
   0   28     0    747 
   0   29     0    536 
   0   30     0    557 
   0   31     0    214 
   0   32     0    696 
   0   33     0    254 
   0   34     0    578 
   0   35     0    630 
   0   36     0    239 
   0   37     0    341 
   0   38     0    335 
   0   39     0    636 
   1    0     0    239 
   1    1     0    410 
   1    2     0    435 
   1    3     0    546 
   1    4     0    400 
   1    5     0    798 
   1    6     0    569 
   1    7     0    570 
   1    8     0    617 
   1    9     0    503 
   1   10     0    468 
   1   11     0    572 
   1   12     0    573 
   1   13     0    443 
   1   14     0    573 
   1   15     0    726 
   1   16     0    679 
   1   17     0    430 
   1   18     0    730 
   1   19     0    706 
   1   20     0    679 
   1   21     0    226 
   1   22     0    297 
   1   23     0    216 
   1   24     0    647 
   1   25     0    505 
   1   26     0    707 
   1   27     0    411 
   1   28     0    712 
   1   29     0    394 
   1   30     0    593 
   1   31     0    580 
   1   32     0    219 
   1   33     0    574 
   1   34     0    696 
   1   35     0    532 
   1   36     0    212 
   1   37     0    709 
   1   38     0    580 
   1   39     0    770 
   2    0     0    549 
   2    1     0    394 
   2    2     0    636 
   2    3     0    699 
   2    4     0    564 
   2    5     0    656 
   2    6     0    716 
   2    7     0    310 
   2    8     0    528 
   2    9     0    384 
   2   10     0    403 
   2   11     0    710 
   2   12     0    589 
   2   13     0    669 
   2   14     0    517 
   2   15     0    661 
   2   16     0    769 
   2   17     0    262 
   2   18     0    505 
   2   19     0    433 
   2   20     0    743 
   2   21     0    683 
   2   22     0    203 
   2   23     0    350 
   2   24     0    216 
   2   25     0    729 
   2   26     0    304 
   2   27     0    333 
   2   28     0    340 
   2   29     0    719 
   2   30     0    545 
   2   31     0    634 
   2   32     0    450 
   2   33     0    703 
   2   34     0    631 
   2   35     0    583 
   2   36     0    532 
   2   37     0    752 
   2   38     0    793 
   2   39     0    403 
   3    0     0    611 
   3    1     0    612 
   3    2     0    579 
   3    3     0    710 
   3    4     0    449 
   3    5     0    501 
   3    6     0    335 
   3    7     0    714 
   3    8     0    341 
   3    9     0    268 
   3   10     0    502 
   3   11     0    631 
   3   12     0    586 
   3   13     0    539 
   3   14     0    560 
   3   15     0    299 
   3   16     0    700 
   3   17     0    425 
   3   18     0    337 
   3   19     0    391 
   3   20     0    445 
   3   21     0    397 
   3   22     0    648 
   3   23     0    304 
   3   24     0    267 
   3   25     0    766 
   3   26     0    340 
   3   27     0    318 
   3   28     0    264 
   3   29     0    291 
   3   30     0    728 
   3   31     0    719 
   3   32     0    420 
   3   33     0    616 
   3   34     0    333 
   3   35     0    546 
   3   36     0    522 
   3   37     0    224 
   3   38     0    686 
   3   39     0    296 
   4    0     0    266 
   4    1     0    282 
   4    2     0    228 
   4    3     0    367 
   4    4     0    419 
   4    5     0    323 
   4    6     0    409 
   4    7     0    390 
   4    8     0    756 
   4    9     0    371 
   4   10     0    295 
   4   11     0    254 
   4   12     0    453 
   4   13     0    291 
   4   14     0    202 
   4   15     0    708 
   4   16     0    372 
   4   17     0    508 
   4   18     0    763 
   4   19     0    623 
   4   20     0    700 
   4   21     0    697 
   4   22     0    493 
   4   23     0    498 
   4   24     0    442 
   4   25     0    800 
   4   26     0    457 
   4   27     0    366 
   4   28     0    738 
   4   29     0    431 
   4   30     0    774 
   4   31     0    397 
   4   32     0    353 
   4   33     0    653 
   4   34     0    640 
   4   35     0    202 
   4   36     0    455 
   4   37     0    747 
   4   38     0    370 
   4   39     0    370 
   5    0     0    211 
   5    1     0    612 
   5    2     0    430 
   5    3     0    359 
   5    4     0    295 
   5    5     0    436 
   5    6     0    391 
   5    7     0    784 
   5    8     0    327 
   5    9     0    332 
   5   10     0    386 
   5   11     0    412 
   5   12     0    354 
   5   13     0    507 
   5   14     0    701 
   5   15     0    364 
   5   16     0    414 
   5   17     0    533 
   5   18     0    712 
   5   19     0    633 
   5   20     0    690 
   5   21     0    601 
   5   22     0    448 
   5   23     0    361 
   5   24     0    234 
   5   25     0    691 
   5   26     0    468 
   5   27     0    722 
   5   28     0    229 
   5   29     0    236 
   5   30     0    452 
   5   31     0    222 
   5   32     0    488 
   5   33     0    496 
   5   34     0    617 
   5   35     0    593 
   5   36     0    457 
   5   37     0    644 
   5   38     0    330 
   5   39     0    567 
   6    0     0    460 
   6    1     0    630 
   6    2     0    272 
   6    3     0    427 
   6    4     0    725 
   6    5     0    699 
   6    6     0    524 
   6    7     0    495 
   6    8     0    467 
   6    9     0    371 
   6   10     0    463 
   6   11     0    318 
   6   12     0    553 
   6   13     0    592 
   6   14     0    489 
   6   15     0    288 
   6   16     0    306 
   6   17     0    298 
   6   18     0    445 
   6   19     0    680 
   6   20     0    486 
   6   21     0    571 
   6   22     0    476 
   6   23     0    319 
   6   24     0    454 
   6   25     0    531 
   6   26     0    335 
   6   27     0    500 
   6   28     0    200 
   6   29     0    244 
   6   30     0    664 
   6   31     0    533 
   6   32     0    267 
   6   33     0    468 
   6   34     0    538 
   6   35     0    779 
   6   36     0    260 
   6   37     0    276 
   6   38     0    376 
   6   39     0    622 
   7    0     0    584 
   7    1     0    777 
   7    2     0    474 
   7    3     0    793 
   7    4     0    480 
   7    5     0    349 
   7    6     0    234 
   7    7     0    743 
   7    8     0    733 
   7    9     0    796 
   7   10     0    277 
   7   11     0    400 
   7   12     0    720 
   7   13     0    643 
   7   14     0    564 
   7   15     0    354 
   7   16     0    576 
   7   17     0    561 
   7   18     0    435 
   7   19     0    590 
   7   20     0    228 
   7   21     0    689 
   7   22     0    620 
   7   23     0    741 
   7   24     0    320 
   7   25     0    706 
   7   26     0    216 
   7   27     0    431 
   7   28     0    416 
   7   29     0    709 
   7   30     0    719 
   7   31     0    634 
   7   32     0    251 
   7   33     0    344 
   7   34     0    225 
   7   35     0    740 
   7   36     0    261 
   7   37     0    513 
   7   38     0    577 
   7   39     0    649 
   8    0     0    639 
   8    1     0    720 
   8    2     0    209 
   8    3     0    460 
   8    4     0    376 
   8    5     0    610 
   8    6     0    598 
   8    7     0    721 
   8    8     0    568 
   8    9     0    648 
   8   10     0    484 
   8   11     0    432 
   8   12     0    361 
   8   13     0    572 
   8   14     0    360 
   8   15     0    777 
   8   16     0    674 
   8   17     0    592 
   8   18     0    713 
   8   19     0    747 
   8   20     0    485 
   8   21     0    241 
   8   22     0    253 
   8   23     0    598 
   8   24     0    584 
   8   25     0    631 
   8   26     0    569 
   8   27     0    665 
   8   28     0    295 
   8   29     0    293 
   8   30     0    629 
   8   31     0    596 
   8   32     0    434 
   8   33     0    659 
   8   34     0    664 
   8   35     0    291 
   8   36     0    736 
   8   37     0    717 
   8   38     0    503 
   8   39     0    537 
   9    0     0    539 
   9    1     0    498 
   9    2     0    534 
   9    3     0    244 
   9    4     0    373 
   9    5     0    640 
   9    6     0    374 
   9    7     0    720 
   9    8     0    631 
   9    9     0    534 
   9   10     0    578 
   9   11     0    371 
   9   12     0    651 
   9   13     0    234 
   9   14     0    441 
   9   15     0    425 
   9   16     0    402 
   9   17     0    698 
   9   18     0    758 
   9   19     0    761 
   9   20     0    357 
   9   21     0    482 
   9   22     0    200 
   9   23     0    414 
   9   24     0    376 
   9   25     0    532 
   9   26     0    459 
   9   27     0    496 
   9   28     0    578 
   9   29     0    702 
   9   30     0    276 
   9   31     0    532 
   9   32     0    762 
   9   33     0    669 
   9   34     0    238 
   9   35     0    218 
   9   36     0    617 
   9   37     0    553 
   9   38     0    623 
   9   39     0    465 
  10    0     0    489 
  10    1     0    276 
  10    2     0    703 
  10    3     0    403 
  10    4     0    768 
  10    5     0    602 
  10    6     0    386 
  10    7     0    780 
  10    8     0    776 
  10    9     0    765 
  10   10     0    244 
  10   11     0    357 
  10   12     0    750 
  10   13     0    758 
  10   14     0    289 
  10   15     0    404 
  10   16     0    257 
  10   17     0    790 
  10   18     0    392 
  10   19     0    527 
  10   20     0    511 
  10   21     0    678 
  10   22     0    215 
  10   23     0    392 
  10   24     0    364 
  10   25     0    707 
  10   26     0    365 
  10   27     0    597 
  10   28     0    482 
  10   29     0    322 
  10   30     0    798 
  10   31     0    719 
  10   32     0    711 
  10   33     0    381 
  10   34     0    611 
  10   35     0    711 
  10   36     0    637 
  10   37     0    742 
  10   38     0    410 
  10   39     0    710 
  11    0     0    484 
  11    1     0    648 
  11    2     0    773 
  11    3     0    269 
  11    4     0    292 
  11    5     0    316 
  11    6     0    481 
  11    7     0    420 
  11    8     0    239 
  11    9     0    619 
  11   10     0    284 
  11   11     0    698 
  11   12     0    788 
  11   13     0    245 
  11   14     0    720 
  11   15     0    612 
  11   16     0    464 
  11   17     0    748 
  11   18     0    656 
  11   19     0    679 
  11   20     0    567 
  11   21     0    649 
  11   22     0    661 
  11   23     0    797 
  11   24     0    611 
  11   25     0    455 
  11   26     0    397 
  11   27     0    590 
  11   28     0    381 
  11   29     0    774 
  11   30     0    332 
  11   31     0    301 
  11   32     0    215 
  11   33     0    748 
  11   34     0    710 
  11   35     0    736 
  11   36     0    446 
  11   37     0    478 
  11   38     0    374 
  11   39     0    498 
  12    0     0    675 
  12    1     0    652 
  12    2     0    758 
  12    3     0    456 
  12    4     0    747 
  12    5     0    299 
  12    6     0    688 
  12    7     0    586 
  12    8     0    773 
  12    9     0    204 
  12   10     0    452 
  12   11     0    732 
  12   12     0    246 
  12   13     0    237 
  12   14     0    278 
  12   15     0    514 
  12   16     0    610 
  12   17     0    642 
  12   18     0    614 
  12   19     0    244 
  12   20     0    650 
  12   21     0    250 
  12   22     0    302 
  12   23     0    685 
  12   24     0    793 
  12   25     0    459 
  12   26     0    685 
  12   27     0    796 
  12   28     0    276 
  12   29     0    304 
  12   30     0    556 
  12   31     0    201 
  12   32     0    483 
  12   33     0    538 
  12   34     0    497 
  12   35     0    792 
  12   36     0    258 
  12   37     0    595 
  12   38     0    580 
  12   39     0    204 
  13    0     0    799 
  13    1     0    592 
  13    2     0    497 
  13    3     0    390 
  13    4     0    336 
  13    5     0    281 
  13    6     0    414 
  13    7     0    724 
  13    8     0    581 
  13    9     0    415 
  13   10     0    501 
  13   11     0    479 
  13   12     0    269 
  13   13     0    644 
  13   14     0    774 
  13   15     0    798 
  13   16     0    461 
  13   17     0    334 
  13   18     0    328 
  13   19     0    396 
  13   20     0    600 
  13   21     0    694 
  13   22     0    740 
  13   23     0    475 
  13   24     0    232 
  13   25     0    778 
  13   26     0    526 
  13   27     0    236 
  13   28     0    735 
  13   29     0    402 
  13   30     0    638 
  13   31     0    712 
  13   32     0    211 
  13   33     0    590 
  13   34     0    220 
  13   35     0    517 
  13   36     0    456 
  13   37     0    211 
  13   38     0    335 
  13   39     0    348 
  14    0     0    562 
  14    1     0    671 
  14    2     0    413 
  14    3     0    636 
  14    4     0    472 
  14    5     0    799 
  14    6     0    210 
  14    7     0    305 
  14    8     0    604 
  14    9     0    550 
  14   10     0    409 
  14   11     0    713 
  14   12     0    386 
  14   13     0    575 
  14   14     0    373 
  14   15     0    620 
  14   16     0    602 
  14   17     0    574 
  14   18     0    529 
  14   19     0    688 
  14   20     0    200 
  14   21     0    258 
  14   22     0    780 
  14   23     0    795 
  14   24     0    592 
  14   25     0    667 
  14   26     0    480 
  14   27     0    772 
  14   28     0    466 
  14   29     0    800 
  14   30     0    581 
  14   31     0    554 
  14   32     0    385 
  14   33     0    462 
  14   34     0    305 
  14   35     0    627 
  14   36     0    330 
  14   37     0    253 
  14   38     0    382 
  14   39     0    515 
  15    0     0    284 
  15    1     0    323 
  15    2     0    332 
  15    3     0    202 
  15    4     0    699 
  15    5     0    714 
  15    6     0    459 
  15    7     0    377 
  15    8     0    604 
  15    9     0    606 
  15   10     0    705 
  15   11     0    416 
  15   12     0    261 
  15   13     0    474 
  15   14     0    738 
  15   15     0    521 
  15   16     0    628 
  15   17     0    281 
  15   18     0    794 
  15   19     0    525 
  15   20     0    518 
  15   21     0    771 
  15   22     0    244 
  15   23     0    285 
  15   24     0    618 
  15   25     0    263 
  15   26     0    620 
  15   27     0    706 
  15   28     0    408 
  15   29     0    722 
  15   30     0    726 
  15   31     0    254 
  15   32     0    214 
  15   33     0    610 
  15   34     0    356 
  15   35     0    351 
  15   36     0    205 
  15   37     0    505 
  15   38     0    271 
  15   39     0    584 
  16    0     0    248 
  16    1     0    255 
  16    2     0    252 
  16    3     0    427 
  16    4     0    441 
  16    5     0    565 
  16    6     0    258 
  16    7     0    714 
  16    8     0    656 
  16    9     0    367 
  16   10     0    594 
  16   11     0    372 
  16   12     0    428 
  16   13     0    738 
  16   14     0    526 
  16   15     0    729 
  16   16     0    451 
  16   17     0    482 
  16   18     0    800 
  16   19     0    520 
  16   20     0    594 
  16   21     0    404 
  16   22     0    698 
  16   23     0    227 
  16   24     0    644 
  16   25     0    468 
  16   26     0    287 
  16   27     0    552 
  16   28     0    473 
  16   29     0    578 
  16   30     0    588 
  16   31     0    691 
  16   32     0    306 
  16   33     0    356 
  16   34     0    659 
  16   35     0    240 
  16   36     0    474 
  16   37     0    735 
  16   38     0    647 
  16   39     0    550 
  17    0     0    495 
  17    1     0    565 
  17    2     0    712 
  17    3     0    308 
  17    4     0    306 
  17    5     0    515 
  17    6     0    610 
  17    7     0    253 
  17    8     0    697 
  17    9     0    259 
  17   10     0    488 
  17   11     0    318 
  17   12     0    523 
  17   13     0    569 
  17   14     0    453 
  17   15     0    773 
  17   16     0    703 
  17   17     0    431 
  17   18     0    443 
  17   19     0    800 
  17   20     0    699 
  17   21     0    509 
  17   22     0    457 
  17   23     0    356 
  17   24     0    747 
  17   25     0    783 
  17   26     0    611 
  17   27     0    232 
  17   28     0    389 
  17   29     0    337 
  17   30     0    224 
  17   31     0    561 
  17   32     0    729 
  17   33     0    760 
  17   34     0    669 
  17   35     0    325 
  17   36     0    502 
  17   37     0    270 
  17   38     0    635 
  17   39     0    356 
  18    0     0    791 
  18    1     0    495 
  18    2     0    703 
  18    3     0    687 
  18    4     0    357 
  18    5     0    799 
  18    6     0    734 
  18    7     0    556 
  18    8     0    570 
  18    9     0    339 
  18   10     0    773 
  18   11     0    510 
  18   12     0    323 
  18   13     0    221 
  18   14     0    799 
  18   15     0    570 
  18   16     0    442 
  18   17     0    406 
  18   18     0    484 
  18   19     0    258 
  18   20     0    219 
  18   21     0    330 
  18   22     0    411 
  18   23     0    234 
  18   24     0    220 
  18   25     0    771 
  18   26     0    784 
  18   27     0    754 
  18   28     0    743 
  18   29     0    573 
  18   30     0    734 
  18   31     0    341 
  18   32     0    275 
  18   33     0    797 
  18   34     0    602 
  18   35     0    695 
  18   36     0    523 
  18   37     0    450 
  18   38     0    269 
  18   39     0    485 
  19    0     0    561 
  19    1     0    304 
  19    2     0    795 
  19    3     0    586 
  19    4     0    562 
  19    5     0    303 
  19    6     0    408 
  19    7     0    672 
  19    8     0    520 
  19    9     0    483 
  19   10     0    278 
  19   11     0    744 
  19   12     0    211 
  19   13     0    589 
  19   14     0    243 
  19   15     0    440 
  19   16     0    710 
  19   17     0    351 
  19   18     0    379 
  19   19     0    408 
  19   20     0    447 
  19   21     0    593 
  19   22     0    247 
  19   23     0    503 
  19   24     0    345 
  19   25     0    388 
  19   26     0    378 
  19   27     0    613 
  19   28     0    538 
  19   29     0    748 
  19   30     0    204 
  19   31     0    448 
  19   32     0    474 
  19   33     0    605 
  19   34     0    492 
  19   35     0    470 
  19   36     0    237 
  19   37     0    570 
  19   38     0    320 
  19   39     0    787 
  20    0     0    414 
  20    1     0    663 
  20    2     0    457 
  20    3     0    628 
  20    4     0    330 
  20    5     0    422 
  20    6     0    288 
  20    7     0    398 
  20    8     0    392 
  20    9     0    386 
  20   10     0    462 
  20   11     0    215 
  20   12     0    789 
  20   13     0    454 
  20   14     0    334 
  20   15     0    768 
  20   16     0    475 
  20   17     0    285 
  20   18     0    503 
  20   19     0    473 
  20   20     0    501 
  20   21     0    630 
  20   22     0    581 
  20   23     0    518 
  20   24     0    556 
  20   25     0    334 
  20   26     0    412 
  20   27     0    200 
  20   28     0    473 
  20   29     0    590 
  20   30     0    332 
  20   31     0    279 
  20   32     0    293 
  20   33     0    556 
  20   34     0    484 
  20   35     0    645 
  20   36     0    492 
  20   37     0    745 
  20   38     0    298 
  20   39     0    663 
  21    0     0    339 
  21    1     0    207 
  21    2     0    443 
  21    3     0    212 
  21    4     0    231 
  21    5     0    682 
  21    6     0    686 
  21    7     0    565 
  21    8     0    588 
  21    9     0    494 
  21   10     0    658 
  21   11     0    541 
  21   12     0    748 
  21   13     0    583 
  21   14     0    233 
  21   15     0    264 
  21   16     0    274 
  21   17     0    550 
  21   18     0    339 
  21   19     0    700 
  21   20     0    647 
  21   21     0    333 
  21   22     0    654 
  21   23     0    783 
  21   24     0    410 
  21   25     0    591 
  21   26     0    361 
  21   27     0    697 
  21   28     0    593 
  21   29     0    758 
  21   30     0    640 
  21   31     0    793 
  21   32     0    216 
  21   33     0    541 
  21   34     0    531 
  21   35     0    777 
  21   36     0    478 
  21   37     0    689 
  21   38     0    775 
  21   39     0    706 
  22    0     0    744 
  22    1     0    351 
  22    2     0    488 
  22    3     0    273 
  22    4     0    708 
  22    5     0    300 
  22    6     0    465 
  22    7     0    669 
  22    8     0    695 
  22    9     0    497 
  22   10     0    309 
  22   11     0    257 
  22   12     0    641 
  22   13     0    745 
  22   14     0    281 
  22   15     0    799 
  22   16     0    605 
  22   17     0    243 
  22   18     0    528 
  22   19     0    315 
  22   20     0    483 
  22   21     0    356 
  22   22     0    266 
  22   23     0    761 
  22   24     0    426 
  22   25     0    611 
  22   26     0    249 
  22   27     0    742 
  22   28     0    237 
  22   29     0    555 
  22   30     0    692 
  22   31     0    382 
  22   32     0    485 
  22   33     0    358 
  22   34     0    704 
  22   35     0    270 
  22   36     0    702 
  22   37     0    476 
  22   38     0    537 
  22   39     0    438 
  23    0     0    643 
  23    1     0    527 
  23    2     0    793 
  23    3     0    707 
  23    4     0    337 
  23    5     0    776 
  23    6     0    427 
  23    7     0    471 
  23    8     0    775 
  23    9     0    697 
  23   10     0    475 
  23   11     0    597 
  23   12     0    614 
  23   13     0    383 
  23   14     0    522 
  23   15     0    724 
  23   16     0    280 
  23   17     0    722 
  23   18     0    469 
  23   19     0    480 
  23   20     0    572 
  23   21     0    474 
  23   22     0    285 
  23   23     0    401 
  23   24     0    403 
  23   25     0    347 
  23   26     0    411 
  23   27     0    560 
  23   28     0    691 
  23   29     0    355 
  23   30     0    641 
  23   31     0    578 
  23   32     0    542 
  23   33     0    325 
  23   34     0    714 
  23   35     0    646 
  23   36     0    490 
  23   37     0    325 
  23   38     0    489 
  23   39     0    696 
  24    0     0    378 
  24    1     0    719 
  24    2     0    440 
  24    3     0    525 
  24    4     0    795 
  24    5     0    596 
  24    6     0    732 
  24    7     0    706 
  24    8     0    426 
  24    9     0    251 
  24   10     0    515 
  24   11     0    389 
  24   12     0    722 
  24   13     0    678 
  24   14     0    361 
  24   15     0    263 
  24   16     0    598 
  24   17     0    341 
  24   18     0    435 
  24   19     0    304 
  24   20     0    614 
  24   21     0    785 
  24   22     0    412 
  24   23     0    417 
  24   24     0    636 
  24   25     0    422 
  24   26     0    658 
  24   27     0    443 
  24   28     0    340 
  24   29     0    294 
  24   30     0    226 
  24   31     0    465 
  24   32     0    469 
  24   33     0    758 
  24   34     0    291 
  24   35     0    304 
  24   36     0    494 
  24   37     0    245 
  24   38     0    582 
  24   39     0    258 
  25    0     0    705 
  25    1     0    258 
  25    2     0    459 
  25    3     0    236 
  25    4     0    792 
  25    5     0    338 
  25    6     0    542 
  25    7     0    513 
  25    8     0    416 
  25    9     0    354 
  25   10     0    571 
  25   11     0    754 
  25   12     0    388 
  25   13     0    588 
  25   14     0    758 
  25   15     0    356 
  25   16     0    706 
  25   17     0    369 
  25   18     0    524 
  25   19     0    494 
  25   20     0    256 
  25   21     0    477 
  25   22     0    379 
  25   23     0    388 
  25   24     0    752 
  25   25     0    623 
  25   26     0    695 
  25   27     0    741 
  25   28     0    366 
  25   29     0    731 
  25   30     0    373 
  25   31     0    628 
  25   32     0    208 
  25   33     0    613 
  25   34     0    314 
  25   35     0    730 
  25   36     0    267 
  25   37     0    783 
  25   38     0    234 
  25   39     0    675 
  26    0     0    492 
  26    1     0    303 
  26    2     0    529 
  26    3     0    468 
  26    4     0    799 
  26    5     0    766 
  26    6     0    514 
  26    7     0    663 
  26    8     0    641 
  26    9     0    276 
  26   10     0    699 
  26   11     0    304 
  26   12     0    327 
  26   13     0    442 
  26   14     0    795 
  26   15     0    366 
  26   16     0    724 
  26   17     0    367 
  26   18     0    691 
  26   19     0    550 
  26   20     0    439 
  26   21     0    278 
  26   22     0    764 
  26   23     0    504 
  26   24     0    250 
  26   25     0    439 
  26   26     0    267 
  26   27     0    774 
  26   28     0    699 
  26   29     0    394 
  26   30     0    663 
  26   31     0    688 
  26   32     0    704 
  26   33     0    641 
  26   34     0    507 
  26   35     0    406 
  26   36     0    206 
  26   37     0    349 
  26   38     0    363 
  26   39     0    559 
  27    0     0    752 
  27    1     0    474 
  27    2     0    569 
  27    3     0    291 
  27    4     0    593 
  27    5     0    446 
  27    6     0    501 
  27    7     0    742 
  27    8     0    334 
  27    9     0    555 
  27   10     0    434 
  27   11     0    559 
  27   12     0    408 
  27   13     0    469 
  27   14     0    685 
  27   15     0    528 
  27   16     0    741 
  27   17     0    360 
  27   18     0    392 
  27   19     0    785 
  27   20     0    616 
  27   21     0    706 
  27   22     0    723 
  27   23     0    700 
  27   24     0    754 
  27   25     0    263 
  27   26     0    303 
  27   27     0    378 
  27   28     0    555 
  27   29     0    491 
  27   30     0    742 
  27   31     0    308 
  27   32     0    573 
  27   33     0    599 
  27   34     0    636 
  27   35     0    270 
  27   36     0    444 
  27   37     0    239 
  27   38     0    317 
  27   39     0    213 
  28    0     0    526 
  28    1     0    504 
  28    2     0    567 
  28    3     0    395 
  28    4     0    235 
  28    5     0    256 
  28    6     0    255 
  28    7     0    325 
  28    8     0    551 
  28    9     0    593 
  28   10     0    390 
  28   11     0    577 
  28   12     0    327 
  28   13     0    282 
  28   14     0    524 
  28   15     0    385 
  28   16     0    741 
  28   17     0    402 
  28   18     0    517 
  28   19     0    738 
  28   20     0    423 
  28   21     0    661 
  28   22     0    305 
  28   23     0    355 
  28   24     0    373 
  28   25     0    275 
  28   26     0    348 
  28   27     0    655 
  28   28     0    794 
  28   29     0    519 
  28   30     0    590 
  28   31     0    662 
  28   32     0    579 
  28   33     0    357 
  28   34     0    732 
  28   35     0    621 
  28   36     0    461 
  28   37     0    226 
  28   38     0    607 
  28   39     0    535 
  29    0     0    721 
  29    1     0    400 
  29    2     0    424 
  29    3     0    616 
  29    4     0    379 
  29    5     0    781 
  29    6     0    564 
  29    7     0    203 
  29    8     0    612 
  29    9     0    421 
  29   10     0    721 
  29   11     0    719 
  29   12     0    512 
  29   13     0    419 
  29   14     0    208 
  29   15     0    701 
  29   16     0    532 
  29   17     0    232 
  29   18     0    320 
  29   19     0    422 
  29   20     0    677 
  29   21     0    614 
  29   22     0    739 
  29   23     0    206 
  29   24     0    480 
  29   25     0    788 
  29   26     0    772 
  29   27     0    285 
  29   28     0    403 
  29   29     0    713 
  29   30     0    487 
  29   31     0    517 
  29   32     0    366 
  29   33     0    493 
  29   34     0    568 
  29   35     0    714 
  29   36     0    725 
  29   37     0    374 
  29   38     0    757 
  29   39     0    451 
  30    0     0    422 
  30    1     0    505 
  30    2     0    742 
  30    3     0    412 
  30    4     0    560 
  30    5     0    588 
  30    6     0    706 
  30    7     0    614 
  30    8     0    649 
  30    9     0    219 
  30   10     0    403 
  30   11     0    583 
  30   12     0    624 
  30   13     0    514 
  30   14     0    569 
  30   15     0    726 
  30   16     0    381 
  30   17     0    602 
  30   18     0    731 
  30   19     0    549 
  30   20     0    534 
  30   21     0    626 
  30   22     0    775 
  30   23     0    335 
  30   24     0    200 
  30   25     0    286 
  30   26     0    213 
  30   27     0    444 
  30   28     0    384 
  30   29     0    585 
  30   30     0    771 
  30   31     0    696 
  30   32     0    364 
  30   33     0    483 
  30   34     0    527 
  30   35     0    534 
  30   36     0    283 
  30   37     0    593 
  30   38     0    326 
  30   39     0    688 
  31    0     0    748 
  31    1     0    260 
  31    2     0    385 
  31    3     0    425 
  31    4     0    543 
  31    5     0    587 
  31    6     0    530 
  31    7     0    675 
  31    8     0    201 
  31    9     0    368 
  31   10     0    226 
  31   11     0    483 
  31   12     0    416 
  31   13     0    507 
  31   14     0    619 
  31   15     0    545 
  31   16     0    731 
  31   17     0    383 
  31   18     0    723 
  31   19     0    268 
  31   20     0    726 
  31   21     0    625 
  31   22     0    322 
  31   23     0    344 
  31   24     0    739 
  31   25     0    720 
  31   26     0    279 
  31   27     0    625 
  31   28     0    265 
  31   29     0    237 
  31   30     0    640 
  31   31     0    216 
  31   32     0    387 
  31   33     0    570 
  31   34     0    519 
  31   35     0    695 
  31   36     0    293 
  31   37     0    717 
  31   38     0    202 
  31   39     0    440 
  32    0     0    308 
  32    1     0    245 
  32    2     0    305 
  32    3     0    670 
  32    4     0    480 
  32    5     0    621 
  32    6     0    727 
  32    7     0    659 
  32    8     0    253 
  32    9     0    640 
  32   10     0    662 
  32   11     0    644 
  32   12     0    729 
  32   13     0    711 
  32   14     0    683 
  32   15     0    502 
  32   16     0    467 
  32   17     0    623 
  32   18     0    372 
  32   19     0    222 
  32   20     0    469 
  32   21     0    299 
  32   22     0    550 
  32   23     0    418 
  32   24     0    407 
  32   25     0    437 
  32   26     0    681 
  32   27     0    389 
  32   28     0    628 
  32   29     0    224 
  32   30     0    722 
  32   31     0    302 
  32   32     0    293 
  32   33     0    668 
  32   34     0    384 
  32   35     0    205 
  32   36     0    507 
  32   37     0    460 
  32   38     0    308 
  32   39     0    630 
  33    0     0    719 
  33    1     0    638 
  33    2     0    594 
  33    3     0    569 
  33    4     0    205 
  33    5     0    233 
  33    6     0    453 
  33    7     0    311 
  33    8     0    695 
  33    9     0    424 
  33   10     0    469 
  33   11     0    351 
  33   12     0    549 
  33   13     0    761 
  33   14     0    515 
  33   15     0    319 
  33   16     0    324 
  33   17     0    545 
  33   18     0    638 
  33   19     0    276 
  33   20     0    452 
  33   21     0    346 
  33   22     0    296 
  33   23     0    383 
  33   24     0    769 
  33   25     0    773 
  33   26     0    398 
  33   27     0    294 
  33   28     0    283 
  33   29     0    496 
  33   30     0    760 
  33   31     0    279 
  33   32     0    644 
  33   33     0    412 
  33   34     0    687 
  33   35     0    236 
  33   36     0    754 
  33   37     0    448 
  33   38     0    395 
  33   39     0    559 
  34    0     0    590 
  34    1     0    286 
  34    2     0    775 
  34    3     0    600 
  34    4     0    397 
  34    5     0    781 
  34    6     0    438 
  34    7     0    536 
  34    8     0    339 
  34    9     0    361 
  34   10     0    328 
  34   11     0    265 
  34   12     0    764 
  34   13     0    610 
  34   14     0    725 
  34   15     0    645 
  34   16     0    343 
  34   17     0    548 
  34   18     0    452 
  34   19     0    341 
  34   20     0    749 
  34   21     0    660 
  34   22     0    517 
  34   23     0    209 
  34   24     0    450 
  34   25     0    298 
  34   26     0    392 
  34   27     0    727 
  34   28     0    371 
  34   29     0    326 
  34   30     0    425 
  34   31     0    412 
  34   32     0    656 
  34   33     0    303 
  34   34     0    724 
  34   35     0    214 
  34   36     0    487 
  34   37     0    493 
  34   38     0    292 
  34   39     0    405 
  35    0     0    497 
  35    1     0    721 
  35    2     0    231 
  35    3     0    259 
  35    4     0    711 
  35    5     0    289 
  35    6     0    303 
  35    7     0    347 
  35    8     0    788 
  35    9     0    513 
  35   10     0    282 
  35   11     0    662 
  35   12     0    709 
  35   13     0    690 
  35   14     0    751 
  35   15     0    553 
  35   16     0    670 
  35   17     0    512 
  35   18     0    564 
  35   19     0    771 
  35   20     0    270 
  35   21     0    704 
  35   22     0    477 
  35   23     0    393 
  35   24     0    590 
  35   25     0    533 
  35   26     0    610 
  35   27     0    266 
  35   28     0    670 
  35   29     0    409 
  35   30     0    671 
  35   31     0    305 
  35   32     0    644 
  35   33     0    359 
  35   34     0    690 
  35   35     0    476 
  35   36     0    336 
  35   37     0    293 
  35   38     0    657 
  35   39     0    388 
  36    0     0    382 
  36    1     0    518 
  36    2     0    395 
  36    3     0    395 
  36    4     0    461 
  36    5     0    412 
  36    6     0    588 
  36    7     0    707 
  36    8     0    485 
  36    9     0    341 
  36   10     0    456 
  36   11     0    584 
  36   12     0    498 
  36   13     0    417 
  36   14     0    556 
  36   15     0    292 
  36   16     0    227 
  36   17     0    624 
  36   18     0    584 
  36   19     0    651 
  36   20     0    488 
  36   21     0    557 
  36   22     0    407 
  36   23     0    455 
  36   24     0    757 
  36   25     0    316 
  36   26     0    470 
  36   27     0    215 
  36   28     0    521 
  36   29     0    391 
  36   30     0    457 
  36   31     0    623 
  36   32     0    202 
  36   33     0    350 
  36   34     0    301 
  36   35     0    482 
  36   36     0    254 
  36   37     0    628 
  36   38     0    684 
  36   39     0    539 
  37    0     0    386 
  37    1     0    779 
  37    2     0    723 
  37    3     0    694 
  37    4     0    708 
  37    5     0    455 
  37    6     0    711 
  37    7     0    627 
  37    8     0    738 
  37    9     0    496 
  37   10     0    711 
  37   11     0    664 
  37   12     0    297 
  37   13     0    428 
  37   14     0    207 
  37   15     0    343 
  37   16     0    637 
  37   17     0    656 
  37   18     0    287 
  37   19     0    346 
  37   20     0    663 
  37   21     0    413 
  37   22     0    216 
  37   23     0    774 
  37   24     0    285 
  37   25     0    641 
  37   26     0    309 
  37   27     0    370 
  37   28     0    632 
  37   29     0    404 
  37   30     0    281 
  37   31     0    384 
  37   32     0    658 
  37   33     0    694 
  37   34     0    395 
  37   35     0    738 
  37   36     0    591 
  37   37     0    721 
  37   38     0    721 
  37   39     0    611 
  38    0     0    400 
  38    1     0    580 
  38    2     0    345 
  38    3     0    796 
  38    4     0    200 
  38    5     0    202 
  38    6     0    222 
  38    7     0    527 
  38    8     0    509 
  38    9     0    482 
  38   10     0    511 
  38   11     0    791 
  38   12     0    403 
  38   13     0    597 
  38   14     0    208 
  38   15     0    717 
  38   16     0    752 
  38   17     0    442 
  38   18     0    329 
  38   19     0    709 
  38   20     0    574 
  38   21     0    437 
  38   22     0    724 
  38   23     0    394 
  38   24     0    262 
  38   25     0    346 
  38   26     0    240 
  38   27     0    353 
  38   28     0    676 
  38   29     0    294 
  38   30     0    436 
  38   31     0    499 
  38   32     0    602 
  38   33     0    349 
  38   34     0    240 
  38   35     0    364 
  38   36     0    224 
  38   37     0    725 
  38   38     0    617 
  38   39     0    515 
  39    0     0    419 
  39    1     0    665 
  39    2     0    484 
  39    3     0    612 
  39    4     0    558 
  39    5     0    381 
  39    6     0    433 
  39    7     0    486 
  39    8     0    369 
  39    9     0    251 
  39   10     0    471 
  39   11     0    370 
  39   12     0    266 
  39   13     0    256 
  39   14     0    742 
  39   15     0    639 
  39   16     0    643 
  39   17     0    557 
  39   18     0    262 
  39   19     0    717 
  39   20     0    242 
  39   21     0    747 
  39   22     0    351 
  39   23     0    414 
  39   24     0    467 
  39   25     0    413 
  39   26     0    437 
  39   27     0    799 
  39   28     0    661 
  39   29     0    266 
  39   30     0    743 
  39   31     0    286 
  39   32     0    521 
  39   33     0    463 
  39   34     0    324 
  39   35     0    357 
  39   36     0    698 
  39   37     0    466 
  39   38     0    365 
  39   39     0    293 
