 40
 40

   28
    4
   18
   36
   24
   37
   15
    1
   37
   40
   22
    1
   37
   16
   29
   40
   19
   20
   25
   50
   19
   23
   34
    2
    8
    7
   34
   10
    3
   20
   40
   45
   24
   19
   48
    4
   11
   35
   15
   19

   39
   38
   26
   25
   49
    5
   16
   36
   35
   24
   30
   10
   42
   46
   16
   13
   10
   12
   31
   22
    6
   14
   15
   40
   20
    2
   20
   29
    5
   23
   50
   35
    6
    5
   27
   42
   13
   14
    8
   20

   0    0     0    271 
   0    1     0    375 
   0    2     0    253 
   0    3     0    458 
   0    4     0    688 
   0    5     0    337 
   0    6     0    250 
   0    7     0    379 
   0    8     0    216 
   0    9     0    609 
   0   10     0    203 
   0   11     0    674 
   0   12     0    240 
   0   13     0    293 
   0   14     0    254 
   0   15     0    514 
   0   16     0    501 
   0   17     0    387 
   0   18     0    432 
   0   19     0    675 
   0   20     0    401 
   0   21     0    204 
   0   22     0    457 
   0   23     0    401 
   0   24     0    466 
   0   25     0    725 
   0   26     0    310 
   0   27     0    230 
   0   28     0    743 
   0   29     0    623 
   0   30     0    709 
   0   31     0    517 
   0   32     0    583 
   0   33     0    726 
   0   34     0    695 
   0   35     0    360 
   0   36     0    223 
   0   37     0    233 
   0   38     0    295 
   0   39     0    585 
   1    0     0    359 
   1    1     0    739 
   1    2     0    330 
   1    3     0    747 
   1    4     0    569 
   1    5     0    342 
   1    6     0    209 
   1    7     0    714 
   1    8     0    755 
   1    9     0    330 
   1   10     0    586 
   1   11     0    572 
   1   12     0    623 
   1   13     0    777 
   1   14     0    294 
   1   15     0    567 
   1   16     0    318 
   1   17     0    272 
   1   18     0    200 
   1   19     0    566 
   1   20     0    576 
   1   21     0    261 
   1   22     0    687 
   1   23     0    540 
   1   24     0    787 
   1   25     0    636 
   1   26     0    660 
   1   27     0    278 
   1   28     0    660 
   1   29     0    789 
   1   30     0    513 
   1   31     0    364 
   1   32     0    541 
   1   33     0    389 
   1   34     0    379 
   1   35     0    456 
   1   36     0    404 
   1   37     0    544 
   1   38     0    343 
   1   39     0    405 
   2    0     0    241 
   2    1     0    756 
   2    2     0    227 
   2    3     0    793 
   2    4     0    295 
   2    5     0    505 
   2    6     0    659 
   2    7     0    361 
   2    8     0    348 
   2    9     0    617 
   2   10     0    486 
   2   11     0    262 
   2   12     0    551 
   2   13     0    413 
   2   14     0    747 
   2   15     0    568 
   2   16     0    734 
   2   17     0    248 
   2   18     0    642 
   2   19     0    545 
   2   20     0    493 
   2   21     0    343 
   2   22     0    577 
   2   23     0    216 
   2   24     0    469 
   2   25     0    763 
   2   26     0    725 
   2   27     0    521 
   2   28     0    363 
   2   29     0    628 
   2   30     0    380 
   2   31     0    525 
   2   32     0    732 
   2   33     0    360 
   2   34     0    589 
   2   35     0    712 
   2   36     0    785 
   2   37     0    263 
   2   38     0    483 
   2   39     0    335 
   3    0     0    796 
   3    1     0    443 
   3    2     0    607 
   3    3     0    703 
   3    4     0    710 
   3    5     0    497 
   3    6     0    321 
   3    7     0    258 
   3    8     0    483 
   3    9     0    444 
   3   10     0    522 
   3   11     0    203 
   3   12     0    594 
   3   13     0    502 
   3   14     0    221 
   3   15     0    429 
   3   16     0    632 
   3   17     0    482 
   3   18     0    212 
   3   19     0    378 
   3   20     0    773 
   3   21     0    590 
   3   22     0    426 
   3   23     0    567 
   3   24     0    522 
   3   25     0    406 
   3   26     0    433 
   3   27     0    793 
   3   28     0    717 
   3   29     0    617 
   3   30     0    618 
   3   31     0    768 
   3   32     0    283 
   3   33     0    374 
   3   34     0    246 
   3   35     0    234 
   3   36     0    465 
   3   37     0    459 
   3   38     0    786 
   3   39     0    429 
   4    0     0    223 
   4    1     0    724 
   4    2     0    659 
   4    3     0    561 
   4    4     0    367 
   4    5     0    763 
   4    6     0    759 
   4    7     0    390 
   4    8     0    475 
   4    9     0    368 
   4   10     0    279 
   4   11     0    235 
   4   12     0    473 
   4   13     0    693 
   4   14     0    360 
   4   15     0    643 
   4   16     0    491 
   4   17     0    722 
   4   18     0    541 
   4   19     0    523 
   4   20     0    539 
   4   21     0    254 
   4   22     0    463 
   4   23     0    784 
   4   24     0    592 
   4   25     0    594 
   4   26     0    540 
   4   27     0    639 
   4   28     0    768 
   4   29     0    590 
   4   30     0    524 
   4   31     0    222 
   4   32     0    298 
   4   33     0    700 
   4   34     0    772 
   4   35     0    465 
   4   36     0    419 
   4   37     0    577 
   4   38     0    591 
   4   39     0    473 
   5    0     0    509 
   5    1     0    202 
   5    2     0    526 
   5    3     0    789 
   5    4     0    700 
   5    5     0    577 
   5    6     0    726 
   5    7     0    359 
   5    8     0    471 
   5    9     0    413 
   5   10     0    484 
   5   11     0    769 
   5   12     0    727 
   5   13     0    299 
   5   14     0    423 
   5   15     0    779 
   5   16     0    653 
   5   17     0    743 
   5   18     0    436 
   5   19     0    641 
   5   20     0    768 
   5   21     0    480 
   5   22     0    466 
   5   23     0    574 
   5   24     0    316 
   5   25     0    402 
   5   26     0    514 
   5   27     0    709 
   5   28     0    466 
   5   29     0    572 
   5   30     0    322 
   5   31     0    467 
   5   32     0    488 
   5   33     0    764 
   5   34     0    770 
   5   35     0    246 
   5   36     0    315 
   5   37     0    748 
   5   38     0    383 
   5   39     0    229 
   6    0     0    452 
   6    1     0    467 
   6    2     0    598 
   6    3     0    505 
   6    4     0    238 
   6    5     0    601 
   6    6     0    677 
   6    7     0    279 
   6    8     0    753 
   6    9     0    336 
   6   10     0    335 
   6   11     0    650 
   6   12     0    212 
   6   13     0    352 
   6   14     0    688 
   6   15     0    400 
   6   16     0    643 
   6   17     0    315 
   6   18     0    384 
   6   19     0    225 
   6   20     0    222 
   6   21     0    442 
   6   22     0    621 
   6   23     0    235 
   6   24     0    346 
   6   25     0    250 
   6   26     0    449 
   6   27     0    622 
   6   28     0    580 
   6   29     0    778 
   6   30     0    682 
   6   31     0    237 
   6   32     0    288 
   6   33     0    521 
   6   34     0    603 
   6   35     0    686 
   6   36     0    457 
   6   37     0    700 
   6   38     0    293 
   6   39     0    654 
   7    0     0    448 
   7    1     0    485 
   7    2     0    254 
   7    3     0    650 
   7    4     0    702 
   7    5     0    353 
   7    6     0    787 
   7    7     0    723 
   7    8     0    340 
   7    9     0    717 
   7   10     0    788 
   7   11     0    526 
   7   12     0    627 
   7   13     0    776 
   7   14     0    444 
   7   15     0    569 
   7   16     0    462 
   7   17     0    600 
   7   18     0    789 
   7   19     0    211 
   7   20     0    378 
   7   21     0    531 
   7   22     0    320 
   7   23     0    408 
   7   24     0    278 
   7   25     0    607 
   7   26     0    730 
   7   27     0    689 
   7   28     0    366 
   7   29     0    401 
   7   30     0    520 
   7   31     0    317 
   7   32     0    650 
   7   33     0    323 
   7   34     0    432 
   7   35     0    252 
   7   36     0    492 
   7   37     0    324 
   7   38     0    704 
   7   39     0    260 
   8    0     0    655 
   8    1     0    505 
   8    2     0    290 
   8    3     0    318 
   8    4     0    531 
   8    5     0    598 
   8    6     0    641 
   8    7     0    216 
   8    8     0    478 
   8    9     0    542 
   8   10     0    492 
   8   11     0    514 
   8   12     0    392 
   8   13     0    737 
   8   14     0    202 
   8   15     0    788 
   8   16     0    301 
   8   17     0    291 
   8   18     0    253 
   8   19     0    666 
   8   20     0    484 
   8   21     0    378 
   8   22     0    291 
   8   23     0    753 
   8   24     0    623 
   8   25     0    319 
   8   26     0    205 
   8   27     0    757 
   8   28     0    264 
   8   29     0    370 
   8   30     0    475 
   8   31     0    463 
   8   32     0    671 
   8   33     0    230 
   8   34     0    677 
   8   35     0    311 
   8   36     0    584 
   8   37     0    426 
   8   38     0    634 
   8   39     0    372 
   9    0     0    482 
   9    1     0    485 
   9    2     0    624 
   9    3     0    515 
   9    4     0    390 
   9    5     0    563 
   9    6     0    720 
   9    7     0    316 
   9    8     0    390 
   9    9     0    478 
   9   10     0    494 
   9   11     0    659 
   9   12     0    389 
   9   13     0    395 
   9   14     0    433 
   9   15     0    463 
   9   16     0    413 
   9   17     0    739 
   9   18     0    251 
   9   19     0    348 
   9   20     0    727 
   9   21     0    290 
   9   22     0    564 
   9   23     0    685 
   9   24     0    487 
   9   25     0    210 
   9   26     0    378 
   9   27     0    504 
   9   28     0    546 
   9   29     0    758 
   9   30     0    538 
   9   31     0    758 
   9   32     0    453 
   9   33     0    291 
   9   34     0    669 
   9   35     0    628 
   9   36     0    506 
   9   37     0    412 
   9   38     0    240 
   9   39     0    639 
  10    0     0    422 
  10    1     0    668 
  10    2     0    568 
  10    3     0    334 
  10    4     0    625 
  10    5     0    768 
  10    6     0    348 
  10    7     0    707 
  10    8     0    511 
  10    9     0    207 
  10   10     0    374 
  10   11     0    414 
  10   12     0    497 
  10   13     0    434 
  10   14     0    244 
  10   15     0    688 
  10   16     0    353 
  10   17     0    351 
  10   18     0    733 
  10   19     0    206 
  10   20     0    489 
  10   21     0    557 
  10   22     0    241 
  10   23     0    281 
  10   24     0    213 
  10   25     0    585 
  10   26     0    383 
  10   27     0    499 
  10   28     0    241 
  10   29     0    611 
  10   30     0    224 
  10   31     0    473 
  10   32     0    739 
  10   33     0    492 
  10   34     0    462 
  10   35     0    447 
  10   36     0    504 
  10   37     0    591 
  10   38     0    728 
  10   39     0    699 
  11    0     0    644 
  11    1     0    750 
  11    2     0    545 
  11    3     0    742 
  11    4     0    278 
  11    5     0    505 
  11    6     0    445 
  11    7     0    254 
  11    8     0    707 
  11    9     0    615 
  11   10     0    639 
  11   11     0    417 
  11   12     0    797 
  11   13     0    537 
  11   14     0    641 
  11   15     0    555 
  11   16     0    315 
  11   17     0    300 
  11   18     0    318 
  11   19     0    658 
  11   20     0    612 
  11   21     0    263 
  11   22     0    706 
  11   23     0    378 
  11   24     0    666 
  11   25     0    324 
  11   26     0    385 
  11   27     0    726 
  11   28     0    568 
  11   29     0    741 
  11   30     0    553 
  11   31     0    301 
  11   32     0    437 
  11   33     0    296 
  11   34     0    406 
  11   35     0    720 
  11   36     0    799 
  11   37     0    238 
  11   38     0    621 
  11   39     0    410 
  12    0     0    648 
  12    1     0    240 
  12    2     0    440 
  12    3     0    221 
  12    4     0    362 
  12    5     0    218 
  12    6     0    289 
  12    7     0    261 
  12    8     0    629 
  12    9     0    306 
  12   10     0    355 
  12   11     0    263 
  12   12     0    546 
  12   13     0    255 
  12   14     0    322 
  12   15     0    358 
  12   16     0    256 
  12   17     0    615 
  12   18     0    476 
  12   19     0    239 
  12   20     0    752 
  12   21     0    243 
  12   22     0    355 
  12   23     0    618 
  12   24     0    270 
  12   25     0    227 
  12   26     0    422 
  12   27     0    221 
  12   28     0    696 
  12   29     0    467 
  12   30     0    368 
  12   31     0    425 
  12   32     0    609 
  12   33     0    662 
  12   34     0    388 
  12   35     0    419 
  12   36     0    480 
  12   37     0    562 
  12   38     0    549 
  12   39     0    238 
  13    0     0    529 
  13    1     0    669 
  13    2     0    340 
  13    3     0    793 
  13    4     0    794 
  13    5     0    249 
  13    6     0    462 
  13    7     0    748 
  13    8     0    631 
  13    9     0    779 
  13   10     0    525 
  13   11     0    291 
  13   12     0    732 
  13   13     0    531 
  13   14     0    497 
  13   15     0    683 
  13   16     0    650 
  13   17     0    546 
  13   18     0    387 
  13   19     0    524 
  13   20     0    409 
  13   21     0    257 
  13   22     0    204 
  13   23     0    524 
  13   24     0    286 
  13   25     0    447 
  13   26     0    666 
  13   27     0    784 
  13   28     0    354 
  13   29     0    418 
  13   30     0    441 
  13   31     0    745 
  13   32     0    482 
  13   33     0    414 
  13   34     0    647 
  13   35     0    322 
  13   36     0    592 
  13   37     0    462 
  13   38     0    517 
  13   39     0    465 
  14    0     0    694 
  14    1     0    340 
  14    2     0    536 
  14    3     0    352 
  14    4     0    755 
  14    5     0    562 
  14    6     0    201 
  14    7     0    488 
  14    8     0    466 
  14    9     0    451 
  14   10     0    633 
  14   11     0    705 
  14   12     0    399 
  14   13     0    716 
  14   14     0    795 
  14   15     0    693 
  14   16     0    762 
  14   17     0    649 
  14   18     0    530 
  14   19     0    430 
  14   20     0    414 
  14   21     0    419 
  14   22     0    592 
  14   23     0    619 
  14   24     0    511 
  14   25     0    740 
  14   26     0    359 
  14   27     0    728 
  14   28     0    716 
  14   29     0    514 
  14   30     0    594 
  14   31     0    533 
  14   32     0    674 
  14   33     0    733 
  14   34     0    451 
  14   35     0    641 
  14   36     0    492 
  14   37     0    499 
  14   38     0    584 
  14   39     0    410 
  15    0     0    274 
  15    1     0    477 
  15    2     0    535 
  15    3     0    639 
  15    4     0    527 
  15    5     0    526 
  15    6     0    437 
  15    7     0    617 
  15    8     0    555 
  15    9     0    393 
  15   10     0    317 
  15   11     0    705 
  15   12     0    487 
  15   13     0    234 
  15   14     0    204 
  15   15     0    494 
  15   16     0    482 
  15   17     0    316 
  15   18     0    633 
  15   19     0    775 
  15   20     0    711 
  15   21     0    553 
  15   22     0    524 
  15   23     0    558 
  15   24     0    671 
  15   25     0    523 
  15   26     0    770 
  15   27     0    400 
  15   28     0    526 
  15   29     0    773 
  15   30     0    420 
  15   31     0    502 
  15   32     0    474 
  15   33     0    379 
  15   34     0    287 
  15   35     0    379 
  15   36     0    363 
  15   37     0    437 
  15   38     0    546 
  15   39     0    397 
  16    0     0    745 
  16    1     0    404 
  16    2     0    639 
  16    3     0    210 
  16    4     0    397 
  16    5     0    739 
  16    6     0    657 
  16    7     0    210 
  16    8     0    440 
  16    9     0    587 
  16   10     0    416 
  16   11     0    340 
  16   12     0    488 
  16   13     0    732 
  16   14     0    253 
  16   15     0    764 
  16   16     0    365 
  16   17     0    503 
  16   18     0    698 
  16   19     0    537 
  16   20     0    266 
  16   21     0    277 
  16   22     0    718 
  16   23     0    315 
  16   24     0    732 
  16   25     0    364 
  16   26     0    648 
  16   27     0    203 
  16   28     0    680 
  16   29     0    292 
  16   30     0    201 
  16   31     0    722 
  16   32     0    473 
  16   33     0    627 
  16   34     0    523 
  16   35     0    725 
  16   36     0    309 
  16   37     0    674 
  16   38     0    731 
  16   39     0    229 
  17    0     0    271 
  17    1     0    465 
  17    2     0    732 
  17    3     0    676 
  17    4     0    502 
  17    5     0    267 
  17    6     0    733 
  17    7     0    244 
  17    8     0    766 
  17    9     0    658 
  17   10     0    576 
  17   11     0    385 
  17   12     0    604 
  17   13     0    286 
  17   14     0    720 
  17   15     0    329 
  17   16     0    582 
  17   17     0    693 
  17   18     0    764 
  17   19     0    276 
  17   20     0    496 
  17   21     0    486 
  17   22     0    685 
  17   23     0    550 
  17   24     0    240 
  17   25     0    227 
  17   26     0    446 
  17   27     0    308 
  17   28     0    672 
  17   29     0    532 
  17   30     0    471 
  17   31     0    740 
  17   32     0    332 
  17   33     0    752 
  17   34     0    709 
  17   35     0    549 
  17   36     0    348 
  17   37     0    445 
  17   38     0    575 
  17   39     0    226 
  18    0     0    662 
  18    1     0    250 
  18    2     0    703 
  18    3     0    677 
  18    4     0    343 
  18    5     0    539 
  18    6     0    674 
  18    7     0    784 
  18    8     0    286 
  18    9     0    327 
  18   10     0    344 
  18   11     0    339 
  18   12     0    579 
  18   13     0    791 
  18   14     0    655 
  18   15     0    685 
  18   16     0    728 
  18   17     0    596 
  18   18     0    218 
  18   19     0    227 
  18   20     0    758 
  18   21     0    500 
  18   22     0    327 
  18   23     0    201 
  18   24     0    533 
  18   25     0    581 
  18   26     0    609 
  18   27     0    699 
  18   28     0    557 
  18   29     0    413 
  18   30     0    257 
  18   31     0    490 
  18   32     0    484 
  18   33     0    424 
  18   34     0    684 
  18   35     0    207 
  18   36     0    714 
  18   37     0    755 
  18   38     0    629 
  18   39     0    448 
  19    0     0    605 
  19    1     0    687 
  19    2     0    230 
  19    3     0    358 
  19    4     0    259 
  19    5     0    645 
  19    6     0    632 
  19    7     0    489 
  19    8     0    316 
  19    9     0    259 
  19   10     0    441 
  19   11     0    772 
  19   12     0    725 
  19   13     0    716 
  19   14     0    236 
  19   15     0    720 
  19   16     0    652 
  19   17     0    422 
  19   18     0    365 
  19   19     0    292 
  19   20     0    432 
  19   21     0    528 
  19   22     0    372 
  19   23     0    262 
  19   24     0    533 
  19   25     0    633 
  19   26     0    686 
  19   27     0    425 
  19   28     0    227 
  19   29     0    631 
  19   30     0    384 
  19   31     0    534 
  19   32     0    648 
  19   33     0    640 
  19   34     0    310 
  19   35     0    788 
  19   36     0    667 
  19   37     0    381 
  19   38     0    367 
  19   39     0    253 
  20    0     0    624 
  20    1     0    536 
  20    2     0    216 
  20    3     0    581 
  20    4     0    469 
  20    5     0    722 
  20    6     0    487 
  20    7     0    556 
  20    8     0    621 
  20    9     0    228 
  20   10     0    394 
  20   11     0    785 
  20   12     0    501 
  20   13     0    756 
  20   14     0    402 
  20   15     0    615 
  20   16     0    690 
  20   17     0    492 
  20   18     0    780 
  20   19     0    210 
  20   20     0    452 
  20   21     0    389 
  20   22     0    744 
  20   23     0    240 
  20   24     0    256 
  20   25     0    677 
  20   26     0    379 
  20   27     0    455 
  20   28     0    501 
  20   29     0    283 
  20   30     0    562 
  20   31     0    627 
  20   32     0    681 
  20   33     0    485 
  20   34     0    641 
  20   35     0    634 
  20   36     0    484 
  20   37     0    300 
  20   38     0    569 
  20   39     0    676 
  21    0     0    530 
  21    1     0    715 
  21    2     0    496 
  21    3     0    517 
  21    4     0    378 
  21    5     0    210 
  21    6     0    494 
  21    7     0    573 
  21    8     0    650 
  21    9     0    612 
  21   10     0    711 
  21   11     0    789 
  21   12     0    522 
  21   13     0    600 
  21   14     0    512 
  21   15     0    580 
  21   16     0    365 
  21   17     0    222 
  21   18     0    476 
  21   19     0    243 
  21   20     0    627 
  21   21     0    299 
  21   22     0    207 
  21   23     0    502 
  21   24     0    274 
  21   25     0    497 
  21   26     0    341 
  21   27     0    569 
  21   28     0    376 
  21   29     0    701 
  21   30     0    376 
  21   31     0    629 
  21   32     0    647 
  21   33     0    303 
  21   34     0    352 
  21   35     0    432 
  21   36     0    326 
  21   37     0    304 
  21   38     0    569 
  21   39     0    383 
  22    0     0    290 
  22    1     0    539 
  22    2     0    418 
  22    3     0    555 
  22    4     0    486 
  22    5     0    530 
  22    6     0    645 
  22    7     0    499 
  22    8     0    553 
  22    9     0    299 
  22   10     0    605 
  22   11     0    555 
  22   12     0    369 
  22   13     0    672 
  22   14     0    470 
  22   15     0    617 
  22   16     0    259 
  22   17     0    760 
  22   18     0    306 
  22   19     0    255 
  22   20     0    636 
  22   21     0    490 
  22   22     0    466 
  22   23     0    322 
  22   24     0    456 
  22   25     0    240 
  22   26     0    542 
  22   27     0    473 
  22   28     0    295 
  22   29     0    681 
  22   30     0    352 
  22   31     0    360 
  22   32     0    269 
  22   33     0    531 
  22   34     0    398 
  22   35     0    220 
  22   36     0    731 
  22   37     0    679 
  22   38     0    388 
  22   39     0    211 
  23    0     0    549 
  23    1     0    263 
  23    2     0    643 
  23    3     0    560 
  23    4     0    301 
  23    5     0    393 
  23    6     0    234 
  23    7     0    550 
  23    8     0    472 
  23    9     0    397 
  23   10     0    544 
  23   11     0    333 
  23   12     0    318 
  23   13     0    560 
  23   14     0    286 
  23   15     0    567 
  23   16     0    536 
  23   17     0    368 
  23   18     0    615 
  23   19     0    784 
  23   20     0    232 
  23   21     0    310 
  23   22     0    260 
  23   23     0    577 
  23   24     0    461 
  23   25     0    663 
  23   26     0    485 
  23   27     0    383 
  23   28     0    412 
  23   29     0    271 
  23   30     0    590 
  23   31     0    292 
  23   32     0    582 
  23   33     0    782 
  23   34     0    459 
  23   35     0    776 
  23   36     0    683 
  23   37     0    551 
  23   38     0    246 
  23   39     0    527 
  24    0     0    590 
  24    1     0    756 
  24    2     0    683 
  24    3     0    758 
  24    4     0    536 
  24    5     0    296 
  24    6     0    573 
  24    7     0    759 
  24    8     0    709 
  24    9     0    404 
  24   10     0    388 
  24   11     0    481 
  24   12     0    737 
  24   13     0    568 
  24   14     0    484 
  24   15     0    235 
  24   16     0    347 
  24   17     0    551 
  24   18     0    413 
  24   19     0    642 
  24   20     0    228 
  24   21     0    654 
  24   22     0    388 
  24   23     0    731 
  24   24     0    377 
  24   25     0    255 
  24   26     0    426 
  24   27     0    748 
  24   28     0    286 
  24   29     0    697 
  24   30     0    429 
  24   31     0    557 
  24   32     0    731 
  24   33     0    315 
  24   34     0    623 
  24   35     0    771 
  24   36     0    629 
  24   37     0    262 
  24   38     0    325 
  24   39     0    621 
  25    0     0    688 
  25    1     0    747 
  25    2     0    531 
  25    3     0    711 
  25    4     0    264 
  25    5     0    382 
  25    6     0    678 
  25    7     0    385 
  25    8     0    424 
  25    9     0    516 
  25   10     0    509 
  25   11     0    482 
  25   12     0    271 
  25   13     0    382 
  25   14     0    759 
  25   15     0    387 
  25   16     0    471 
  25   17     0    221 
  25   18     0    250 
  25   19     0    793 
  25   20     0    621 
  25   21     0    333 
  25   22     0    796 
  25   23     0    640 
  25   24     0    597 
  25   25     0    640 
  25   26     0    746 
  25   27     0    729 
  25   28     0    558 
  25   29     0    662 
  25   30     0    461 
  25   31     0    524 
  25   32     0    605 
  25   33     0    418 
  25   34     0    702 
  25   35     0    392 
  25   36     0    610 
  25   37     0    459 
  25   38     0    326 
  25   39     0    630 
  26    0     0    483 
  26    1     0    703 
  26    2     0    662 
  26    3     0    504 
  26    4     0    347 
  26    5     0    732 
  26    6     0    417 
  26    7     0    567 
  26    8     0    329 
  26    9     0    499 
  26   10     0    800 
  26   11     0    257 
  26   12     0    739 
  26   13     0    771 
  26   14     0    249 
  26   15     0    270 
  26   16     0    642 
  26   17     0    744 
  26   18     0    217 
  26   19     0    249 
  26   20     0    572 
  26   21     0    503 
  26   22     0    445 
  26   23     0    309 
  26   24     0    456 
  26   25     0    690 
  26   26     0    233 
  26   27     0    757 
  26   28     0    567 
  26   29     0    572 
  26   30     0    752 
  26   31     0    618 
  26   32     0    442 
  26   33     0    793 
  26   34     0    776 
  26   35     0    595 
  26   36     0    259 
  26   37     0    244 
  26   38     0    234 
  26   39     0    505 
  27    0     0    510 
  27    1     0    471 
  27    2     0    759 
  27    3     0    750 
  27    4     0    687 
  27    5     0    559 
  27    6     0    783 
  27    7     0    738 
  27    8     0    590 
  27    9     0    372 
  27   10     0    512 
  27   11     0    662 
  27   12     0    630 
  27   13     0    259 
  27   14     0    461 
  27   15     0    432 
  27   16     0    736 
  27   17     0    513 
  27   18     0    767 
  27   19     0    239 
  27   20     0    467 
  27   21     0    471 
  27   22     0    390 
  27   23     0    642 
  27   24     0    404 
  27   25     0    575 
  27   26     0    321 
  27   27     0    215 
  27   28     0    750 
  27   29     0    413 
  27   30     0    565 
  27   31     0    394 
  27   32     0    499 
  27   33     0    515 
  27   34     0    520 
  27   35     0    788 
  27   36     0    742 
  27   37     0    336 
  27   38     0    564 
  27   39     0    738 
  28    0     0    605 
  28    1     0    272 
  28    2     0    349 
  28    3     0    525 
  28    4     0    742 
  28    5     0    672 
  28    6     0    753 
  28    7     0    509 
  28    8     0    550 
  28    9     0    490 
  28   10     0    586 
  28   11     0    733 
  28   12     0    613 
  28   13     0    488 
  28   14     0    744 
  28   15     0    725 
  28   16     0    309 
  28   17     0    574 
  28   18     0    528 
  28   19     0    282 
  28   20     0    443 
  28   21     0    311 
  28   22     0    371 
  28   23     0    785 
  28   24     0    539 
  28   25     0    229 
  28   26     0    464 
  28   27     0    294 
  28   28     0    659 
  28   29     0    412 
  28   30     0    540 
  28   31     0    474 
  28   32     0    435 
  28   33     0    408 
  28   34     0    470 
  28   35     0    658 
  28   36     0    264 
  28   37     0    344 
  28   38     0    771 
  28   39     0    511 
  29    0     0    677 
  29    1     0    760 
  29    2     0    310 
  29    3     0    473 
  29    4     0    732 
  29    5     0    305 
  29    6     0    427 
  29    7     0    388 
  29    8     0    596 
  29    9     0    797 
  29   10     0    787 
  29   11     0    342 
  29   12     0    680 
  29   13     0    503 
  29   14     0    763 
  29   15     0    443 
  29   16     0    453 
  29   17     0    551 
  29   18     0    562 
  29   19     0    591 
  29   20     0    737 
  29   21     0    470 
  29   22     0    544 
  29   23     0    505 
  29   24     0    553 
  29   25     0    595 
  29   26     0    660 
  29   27     0    280 
  29   28     0    403 
  29   29     0    261 
  29   30     0    626 
  29   31     0    740 
  29   32     0    585 
  29   33     0    341 
  29   34     0    206 
  29   35     0    555 
  29   36     0    548 
  29   37     0    784 
  29   38     0    497 
  29   39     0    628 
  30    0     0    628 
  30    1     0    528 
  30    2     0    364 
  30    3     0    487 
  30    4     0    420 
  30    5     0    594 
  30    6     0    252 
  30    7     0    636 
  30    8     0    532 
  30    9     0    437 
  30   10     0    432 
  30   11     0    485 
  30   12     0    442 
  30   13     0    748 
  30   14     0    504 
  30   15     0    547 
  30   16     0    415 
  30   17     0    758 
  30   18     0    324 
  30   19     0    324 
  30   20     0    277 
  30   21     0    789 
  30   22     0    521 
  30   23     0    343 
  30   24     0    474 
  30   25     0    503 
  30   26     0    759 
  30   27     0    500 
  30   28     0    727 
  30   29     0    678 
  30   30     0    347 
  30   31     0    453 
  30   32     0    213 
  30   33     0    645 
  30   34     0    633 
  30   35     0    378 
  30   36     0    713 
  30   37     0    791 
  30   38     0    759 
  30   39     0    502 
  31    0     0    597 
  31    1     0    754 
  31    2     0    541 
  31    3     0    475 
  31    4     0    723 
  31    5     0    576 
  31    6     0    746 
  31    7     0    646 
  31    8     0    546 
  31    9     0    302 
  31   10     0    344 
  31   11     0    699 
  31   12     0    490 
  31   13     0    439 
  31   14     0    460 
  31   15     0    652 
  31   16     0    384 
  31   17     0    223 
  31   18     0    585 
  31   19     0    320 
  31   20     0    730 
  31   21     0    780 
  31   22     0    299 
  31   23     0    690 
  31   24     0    279 
  31   25     0    334 
  31   26     0    728 
  31   27     0    796 
  31   28     0    229 
  31   29     0    343 
  31   30     0    660 
  31   31     0    509 
  31   32     0    333 
  31   33     0    389 
  31   34     0    372 
  31   35     0    684 
  31   36     0    727 
  31   37     0    750 
  31   38     0    722 
  31   39     0    608 
  32    0     0    711 
  32    1     0    624 
  32    2     0    277 
  32    3     0    623 
  32    4     0    469 
  32    5     0    735 
  32    6     0    511 
  32    7     0    299 
  32    8     0    564 
  32    9     0    415 
  32   10     0    637 
  32   11     0    512 
  32   12     0    590 
  32   13     0    375 
  32   14     0    789 
  32   15     0    695 
  32   16     0    342 
  32   17     0    434 
  32   18     0    369 
  32   19     0    288 
  32   20     0    353 
  32   21     0    593 
  32   22     0    799 
  32   23     0    200 
  32   24     0    498 
  32   25     0    483 
  32   26     0    257 
  32   27     0    495 
  32   28     0    540 
  32   29     0    245 
  32   30     0    339 
  32   31     0    280 
  32   32     0    229 
  32   33     0    200 
  32   34     0    269 
  32   35     0    407 
  32   36     0    239 
  32   37     0    723 
  32   38     0    518 
  32   39     0    678 
  33    0     0    789 
  33    1     0    615 
  33    2     0    627 
  33    3     0    573 
  33    4     0    419 
  33    5     0    214 
  33    6     0    254 
  33    7     0    206 
  33    8     0    440 
  33    9     0    689 
  33   10     0    388 
  33   11     0    638 
  33   12     0    668 
  33   13     0    745 
  33   14     0    649 
  33   15     0    702 
  33   16     0    515 
  33   17     0    742 
  33   18     0    748 
  33   19     0    407 
  33   20     0    218 
  33   21     0    674 
  33   22     0    457 
  33   23     0    756 
  33   24     0    690 
  33   25     0    331 
  33   26     0    346 
  33   27     0    273 
  33   28     0    453 
  33   29     0    369 
  33   30     0    757 
  33   31     0    536 
  33   32     0    391 
  33   33     0    753 
  33   34     0    458 
  33   35     0    515 
  33   36     0    273 
  33   37     0    428 
  33   38     0    774 
  33   39     0    785 
  34    0     0    425 
  34    1     0    354 
  34    2     0    659 
  34    3     0    482 
  34    4     0    778 
  34    5     0    585 
  34    6     0    345 
  34    7     0    499 
  34    8     0    536 
  34    9     0    460 
  34   10     0    241 
  34   11     0    232 
  34   12     0    473 
  34   13     0    369 
  34   14     0    508 
  34   15     0    770 
  34   16     0    262 
  34   17     0    653 
  34   18     0    519 
  34   19     0    331 
  34   20     0    272 
  34   21     0    765 
  34   22     0    623 
  34   23     0    781 
  34   24     0    683 
  34   25     0    610 
  34   26     0    596 
  34   27     0    210 
  34   28     0    259 
  34   29     0    211 
  34   30     0    651 
  34   31     0    743 
  34   32     0    331 
  34   33     0    645 
  34   34     0    390 
  34   35     0    201 
  34   36     0    602 
  34   37     0    765 
  34   38     0    400 
  34   39     0    206 
  35    0     0    321 
  35    1     0    504 
  35    2     0    669 
  35    3     0    557 
  35    4     0    495 
  35    5     0    617 
  35    6     0    616 
  35    7     0    330 
  35    8     0    532 
  35    9     0    308 
  35   10     0    706 
  35   11     0    577 
  35   12     0    344 
  35   13     0    633 
  35   14     0    545 
  35   15     0    221 
  35   16     0    418 
  35   17     0    389 
  35   18     0    236 
  35   19     0    359 
  35   20     0    771 
  35   21     0    538 
  35   22     0    655 
  35   23     0    552 
  35   24     0    346 
  35   25     0    748 
  35   26     0    523 
  35   27     0    322 
  35   28     0    630 
  35   29     0    398 
  35   30     0    216 
  35   31     0    455 
  35   32     0    331 
  35   33     0    673 
  35   34     0    267 
  35   35     0    654 
  35   36     0    390 
  35   37     0    253 
  35   38     0    394 
  35   39     0    660 
  36    0     0    578 
  36    1     0    666 
  36    2     0    758 
  36    3     0    296 
  36    4     0    454 
  36    5     0    398 
  36    6     0    412 
  36    7     0    768 
  36    8     0    333 
  36    9     0    688 
  36   10     0    624 
  36   11     0    348 
  36   12     0    424 
  36   13     0    220 
  36   14     0    731 
  36   15     0    731 
  36   16     0    215 
  36   17     0    297 
  36   18     0    732 
  36   19     0    715 
  36   20     0    515 
  36   21     0    698 
  36   22     0    799 
  36   23     0    777 
  36   24     0    323 
  36   25     0    590 
  36   26     0    574 
  36   27     0    337 
  36   28     0    261 
  36   29     0    207 
  36   30     0    461 
  36   31     0    340 
  36   32     0    234 
  36   33     0    541 
  36   34     0    774 
  36   35     0    514 
  36   36     0    385 
  36   37     0    513 
  36   38     0    518 
  36   39     0    455 
  37    0     0    377 
  37    1     0    754 
  37    2     0    508 
  37    3     0    366 
  37    4     0    235 
  37    5     0    506 
  37    6     0    628 
  37    7     0    611 
  37    8     0    749 
  37    9     0    264 
  37   10     0    625 
  37   11     0    506 
  37   12     0    485 
  37   13     0    709 
  37   14     0    501 
  37   15     0    430 
  37   16     0    522 
  37   17     0    327 
  37   18     0    291 
  37   19     0    769 
  37   20     0    262 
  37   21     0    788 
  37   22     0    582 
  37   23     0    397 
  37   24     0    376 
  37   25     0    631 
  37   26     0    784 
  37   27     0    315 
  37   28     0    204 
  37   29     0    474 
  37   30     0    619 
  37   31     0    627 
  37   32     0    711 
  37   33     0    542 
  37   34     0    373 
  37   35     0    486 
  37   36     0    644 
  37   37     0    452 
  37   38     0    471 
  37   39     0    510 
  38    0     0    512 
  38    1     0    526 
  38    2     0    341 
  38    3     0    566 
  38    4     0    475 
  38    5     0    686 
  38    6     0    797 
  38    7     0    520 
  38    8     0    680 
  38    9     0    324 
  38   10     0    483 
  38   11     0    337 
  38   12     0    494 
  38   13     0    455 
  38   14     0    326 
  38   15     0    728 
  38   16     0    548 
  38   17     0    570 
  38   18     0    439 
  38   19     0    788 
  38   20     0    633 
  38   21     0    352 
  38   22     0    275 
  38   23     0    350 
  38   24     0    732 
  38   25     0    746 
  38   26     0    375 
  38   27     0    698 
  38   28     0    289 
  38   29     0    322 
  38   30     0    760 
  38   31     0    476 
  38   32     0    629 
  38   33     0    760 
  38   34     0    270 
  38   35     0    712 
  38   36     0    735 
  38   37     0    233 
  38   38     0    217 
  38   39     0    367 
  39    0     0    731 
  39    1     0    297 
  39    2     0    660 
  39    3     0    317 
  39    4     0    532 
  39    5     0    650 
  39    6     0    241 
  39    7     0    329 
  39    8     0    449 
  39    9     0    440 
  39   10     0    236 
  39   11     0    215 
  39   12     0    561 
  39   13     0    800 
  39   14     0    596 
  39   15     0    480 
  39   16     0    282 
  39   17     0    651 
  39   18     0    577 
  39   19     0    565 
  39   20     0    206 
  39   21     0    357 
  39   22     0    286 
  39   23     0    601 
  39   24     0    287 
  39   25     0    200 
  39   26     0    706 
  39   27     0    385 
  39   28     0    651 
  39   29     0    738 
  39   30     0    391 
  39   31     0    591 
  39   32     0    449 
  39   33     0    647 
  39   34     0    550 
  39   35     0    387 
  39   36     0    212 
  39   37     0    389 
  39   38     0    362 
  39   39     0    702 
