 40
 40

   29
   27
   40
   23
   25
   26
   11
   36
   15
   11
   39
   22
   28
   24
   21
   34
   17
   26
   46
   33
    1
   11
   20
    4
   44
   40
   18
   23
    2
   15
   49
   10
   11
    7
   18
   13
   47
   27
   22
    6

   38
   35
   29
   41
   39
   14
   38
   20
    9
   11
   19
    9
   50
   33
    3
   49
   36
   14
   11
   12
   46
   25
   18
    8
    7
    2
   19
   34
    4
    1
   40
   39
   16
    2
   46
   23
    4
    7
   42
   28

   0    0     0    264 
   0    1     0    211 
   0    2     0    209 
   0    3     0    361 
   0    4     0    474 
   0    5     0    604 
   0    6     0    321 
   0    7     0    561 
   0    8     0    221 
   0    9     0    348 
   0   10     0    271 
   0   11     0    492 
   0   12     0    367 
   0   13     0    749 
   0   14     0    648 
   0   15     0    712 
   0   16     0    736 
   0   17     0    246 
   0   18     0    458 
   0   19     0    697 
   0   20     0    336 
   0   21     0    315 
   0   22     0    523 
   0   23     0    309 
   0   24     0    491 
   0   25     0    779 
   0   26     0    478 
   0   27     0    565 
   0   28     0    734 
   0   29     0    722 
   0   30     0    779 
   0   31     0    347 
   0   32     0    275 
   0   33     0    674 
   0   34     0    600 
   0   35     0    536 
   0   36     0    555 
   0   37     0    365 
   0   38     0    782 
   0   39     0    757 
   1    0     0    629 
   1    1     0    787 
   1    2     0    709 
   1    3     0    445 
   1    4     0    422 
   1    5     0    208 
   1    6     0    596 
   1    7     0    749 
   1    8     0    628 
   1    9     0    640 
   1   10     0    271 
   1   11     0    716 
   1   12     0    251 
   1   13     0    749 
   1   14     0    608 
   1   15     0    787 
   1   16     0    658 
   1   17     0    330 
   1   18     0    232 
   1   19     0    761 
   1   20     0    531 
   1   21     0    416 
   1   22     0    514 
   1   23     0    728 
   1   24     0    434 
   1   25     0    531 
   1   26     0    378 
   1   27     0    219 
   1   28     0    681 
   1   29     0    378 
   1   30     0    502 
   1   31     0    262 
   1   32     0    349 
   1   33     0    495 
   1   34     0    644 
   1   35     0    392 
   1   36     0    392 
   1   37     0    395 
   1   38     0    563 
   1   39     0    725 
   2    0     0    474 
   2    1     0    239 
   2    2     0    662 
   2    3     0    482 
   2    4     0    429 
   2    5     0    645 
   2    6     0    616 
   2    7     0    589 
   2    8     0    741 
   2    9     0    203 
   2   10     0    582 
   2   11     0    610 
   2   12     0    458 
   2   13     0    372 
   2   14     0    798 
   2   15     0    345 
   2   16     0    635 
   2   17     0    416 
   2   18     0    398 
   2   19     0    548 
   2   20     0    569 
   2   21     0    382 
   2   22     0    689 
   2   23     0    669 
   2   24     0    650 
   2   25     0    539 
   2   26     0    498 
   2   27     0    372 
   2   28     0    340 
   2   29     0    303 
   2   30     0    637 
   2   31     0    577 
   2   32     0    578 
   2   33     0    659 
   2   34     0    478 
   2   35     0    462 
   2   36     0    741 
   2   37     0    451 
   2   38     0    754 
   2   39     0    440 
   3    0     0    455 
   3    1     0    487 
   3    2     0    697 
   3    3     0    522 
   3    4     0    576 
   3    5     0    472 
   3    6     0    219 
   3    7     0    491 
   3    8     0    359 
   3    9     0    212 
   3   10     0    244 
   3   11     0    715 
   3   12     0    219 
   3   13     0    388 
   3   14     0    208 
   3   15     0    350 
   3   16     0    552 
   3   17     0    344 
   3   18     0    647 
   3   19     0    254 
   3   20     0    326 
   3   21     0    703 
   3   22     0    312 
   3   23     0    577 
   3   24     0    794 
   3   25     0    622 
   3   26     0    354 
   3   27     0    432 
   3   28     0    485 
   3   29     0    623 
   3   30     0    664 
   3   31     0    798 
   3   32     0    244 
   3   33     0    204 
   3   34     0    622 
   3   35     0    768 
   3   36     0    657 
   3   37     0    605 
   3   38     0    434 
   3   39     0    413 
   4    0     0    727 
   4    1     0    484 
   4    2     0    636 
   4    3     0    741 
   4    4     0    601 
   4    5     0    354 
   4    6     0    420 
   4    7     0    385 
   4    8     0    719 
   4    9     0    334 
   4   10     0    463 
   4   11     0    764 
   4   12     0    435 
   4   13     0    257 
   4   14     0    743 
   4   15     0    750 
   4   16     0    506 
   4   17     0    474 
   4   18     0    207 
   4   19     0    633 
   4   20     0    729 
   4   21     0    652 
   4   22     0    707 
   4   23     0    703 
   4   24     0    704 
   4   25     0    576 
   4   26     0    308 
   4   27     0    385 
   4   28     0    785 
   4   29     0    584 
   4   30     0    526 
   4   31     0    604 
   4   32     0    638 
   4   33     0    443 
   4   34     0    425 
   4   35     0    250 
   4   36     0    221 
   4   37     0    219 
   4   38     0    684 
   4   39     0    723 
   5    0     0    220 
   5    1     0    440 
   5    2     0    791 
   5    3     0    685 
   5    4     0    435 
   5    5     0    298 
   5    6     0    718 
   5    7     0    568 
   5    8     0    508 
   5    9     0    669 
   5   10     0    512 
   5   11     0    643 
   5   12     0    794 
   5   13     0    611 
   5   14     0    417 
   5   15     0    699 
   5   16     0    525 
   5   17     0    586 
   5   18     0    241 
   5   19     0    647 
   5   20     0    440 
   5   21     0    227 
   5   22     0    530 
   5   23     0    426 
   5   24     0    637 
   5   25     0    326 
   5   26     0    510 
   5   27     0    526 
   5   28     0    672 
   5   29     0    217 
   5   30     0    710 
   5   31     0    442 
   5   32     0    658 
   5   33     0    468 
   5   34     0    267 
   5   35     0    517 
   5   36     0    723 
   5   37     0    306 
   5   38     0    315 
   5   39     0    431 
   6    0     0    519 
   6    1     0    310 
   6    2     0    791 
   6    3     0    502 
   6    4     0    569 
   6    5     0    577 
   6    6     0    621 
   6    7     0    226 
   6    8     0    330 
   6    9     0    496 
   6   10     0    551 
   6   11     0    338 
   6   12     0    618 
   6   13     0    535 
   6   14     0    569 
   6   15     0    433 
   6   16     0    535 
   6   17     0    792 
   6   18     0    208 
   6   19     0    391 
   6   20     0    485 
   6   21     0    215 
   6   22     0    612 
   6   23     0    207 
   6   24     0    471 
   6   25     0    280 
   6   26     0    517 
   6   27     0    333 
   6   28     0    515 
   6   29     0    370 
   6   30     0    304 
   6   31     0    213 
   6   32     0    416 
   6   33     0    410 
   6   34     0    757 
   6   35     0    478 
   6   36     0    572 
   6   37     0    267 
   6   38     0    406 
   6   39     0    233 
   7    0     0    319 
   7    1     0    423 
   7    2     0    415 
   7    3     0    273 
   7    4     0    250 
   7    5     0    629 
   7    6     0    571 
   7    7     0    703 
   7    8     0    585 
   7    9     0    491 
   7   10     0    572 
   7   11     0    643 
   7   12     0    647 
   7   13     0    693 
   7   14     0    595 
   7   15     0    386 
   7   16     0    683 
   7   17     0    503 
   7   18     0    643 
   7   19     0    748 
   7   20     0    203 
   7   21     0    503 
   7   22     0    658 
   7   23     0    430 
   7   24     0    568 
   7   25     0    290 
   7   26     0    398 
   7   27     0    411 
   7   28     0    743 
   7   29     0    264 
   7   30     0    780 
   7   31     0    221 
   7   32     0    222 
   7   33     0    588 
   7   34     0    402 
   7   35     0    526 
   7   36     0    324 
   7   37     0    266 
   7   38     0    210 
   7   39     0    390 
   8    0     0    648 
   8    1     0    614 
   8    2     0    212 
   8    3     0    481 
   8    4     0    339 
   8    5     0    561 
   8    6     0    638 
   8    7     0    216 
   8    8     0    382 
   8    9     0    670 
   8   10     0    622 
   8   11     0    435 
   8   12     0    230 
   8   13     0    436 
   8   14     0    209 
   8   15     0    727 
   8   16     0    273 
   8   17     0    607 
   8   18     0    237 
   8   19     0    345 
   8   20     0    395 
   8   21     0    241 
   8   22     0    409 
   8   23     0    363 
   8   24     0    264 
   8   25     0    435 
   8   26     0    472 
   8   27     0    772 
   8   28     0    370 
   8   29     0    329 
   8   30     0    797 
   8   31     0    232 
   8   32     0    371 
   8   33     0    713 
   8   34     0    333 
   8   35     0    478 
   8   36     0    546 
   8   37     0    230 
   8   38     0    211 
   8   39     0    782 
   9    0     0    617 
   9    1     0    449 
   9    2     0    338 
   9    3     0    382 
   9    4     0    695 
   9    5     0    455 
   9    6     0    571 
   9    7     0    509 
   9    8     0    786 
   9    9     0    353 
   9   10     0    700 
   9   11     0    236 
   9   12     0    405 
   9   13     0    740 
   9   14     0    451 
   9   15     0    251 
   9   16     0    511 
   9   17     0    747 
   9   18     0    772 
   9   19     0    310 
   9   20     0    540 
   9   21     0    477 
   9   22     0    672 
   9   23     0    700 
   9   24     0    214 
   9   25     0    681 
   9   26     0    613 
   9   27     0    258 
   9   28     0    758 
   9   29     0    686 
   9   30     0    647 
   9   31     0    492 
   9   32     0    758 
   9   33     0    220 
   9   34     0    234 
   9   35     0    552 
   9   36     0    576 
   9   37     0    796 
   9   38     0    758 
   9   39     0    424 
  10    0     0    251 
  10    1     0    717 
  10    2     0    374 
  10    3     0    499 
  10    4     0    709 
  10    5     0    764 
  10    6     0    355 
  10    7     0    433 
  10    8     0    583 
  10    9     0    298 
  10   10     0    499 
  10   11     0    392 
  10   12     0    356 
  10   13     0    377 
  10   14     0    407 
  10   15     0    219 
  10   16     0    788 
  10   17     0    313 
  10   18     0    634 
  10   19     0    797 
  10   20     0    206 
  10   21     0    465 
  10   22     0    682 
  10   23     0    520 
  10   24     0    387 
  10   25     0    471 
  10   26     0    687 
  10   27     0    535 
  10   28     0    598 
  10   29     0    501 
  10   30     0    472 
  10   31     0    277 
  10   32     0    235 
  10   33     0    308 
  10   34     0    468 
  10   35     0    605 
  10   36     0    666 
  10   37     0    212 
  10   38     0    231 
  10   39     0    614 
  11    0     0    568 
  11    1     0    428 
  11    2     0    296 
  11    3     0    722 
  11    4     0    596 
  11    5     0    220 
  11    6     0    327 
  11    7     0    574 
  11    8     0    458 
  11    9     0    376 
  11   10     0    540 
  11   11     0    266 
  11   12     0    208 
  11   13     0    487 
  11   14     0    656 
  11   15     0    304 
  11   16     0    415 
  11   17     0    650 
  11   18     0    779 
  11   19     0    693 
  11   20     0    620 
  11   21     0    366 
  11   22     0    685 
  11   23     0    518 
  11   24     0    393 
  11   25     0    588 
  11   26     0    320 
  11   27     0    458 
  11   28     0    261 
  11   29     0    422 
  11   30     0    595 
  11   31     0    229 
  11   32     0    425 
  11   33     0    444 
  11   34     0    426 
  11   35     0    233 
  11   36     0    205 
  11   37     0    204 
  11   38     0    244 
  11   39     0    252 
  12    0     0    747 
  12    1     0    569 
  12    2     0    381 
  12    3     0    670 
  12    4     0    276 
  12    5     0    448 
  12    6     0    656 
  12    7     0    505 
  12    8     0    706 
  12    9     0    288 
  12   10     0    465 
  12   11     0    705 
  12   12     0    215 
  12   13     0    564 
  12   14     0    650 
  12   15     0    412 
  12   16     0    538 
  12   17     0    723 
  12   18     0    431 
  12   19     0    504 
  12   20     0    364 
  12   21     0    623 
  12   22     0    561 
  12   23     0    561 
  12   24     0    551 
  12   25     0    415 
  12   26     0    799 
  12   27     0    521 
  12   28     0    557 
  12   29     0    481 
  12   30     0    372 
  12   31     0    553 
  12   32     0    331 
  12   33     0    729 
  12   34     0    769 
  12   35     0    583 
  12   36     0    551 
  12   37     0    309 
  12   38     0    262 
  12   39     0    623 
  13    0     0    704 
  13    1     0    255 
  13    2     0    782 
  13    3     0    420 
  13    4     0    755 
  13    5     0    333 
  13    6     0    316 
  13    7     0    211 
  13    8     0    610 
  13    9     0    277 
  13   10     0    607 
  13   11     0    476 
  13   12     0    384 
  13   13     0    622 
  13   14     0    772 
  13   15     0    557 
  13   16     0    299 
  13   17     0    234 
  13   18     0    341 
  13   19     0    348 
  13   20     0    646 
  13   21     0    290 
  13   22     0    391 
  13   23     0    363 
  13   24     0    755 
  13   25     0    200 
  13   26     0    417 
  13   27     0    266 
  13   28     0    280 
  13   29     0    299 
  13   30     0    370 
  13   31     0    229 
  13   32     0    611 
  13   33     0    641 
  13   34     0    665 
  13   35     0    520 
  13   36     0    635 
  13   37     0    694 
  13   38     0    320 
  13   39     0    495 
  14    0     0    444 
  14    1     0    778 
  14    2     0    301 
  14    3     0    278 
  14    4     0    612 
  14    5     0    781 
  14    6     0    524 
  14    7     0    700 
  14    8     0    718 
  14    9     0    475 
  14   10     0    630 
  14   11     0    767 
  14   12     0    355 
  14   13     0    313 
  14   14     0    383 
  14   15     0    445 
  14   16     0    717 
  14   17     0    551 
  14   18     0    717 
  14   19     0    499 
  14   20     0    541 
  14   21     0    624 
  14   22     0    712 
  14   23     0    430 
  14   24     0    469 
  14   25     0    469 
  14   26     0    756 
  14   27     0    656 
  14   28     0    648 
  14   29     0    242 
  14   30     0    475 
  14   31     0    402 
  14   32     0    317 
  14   33     0    546 
  14   34     0    386 
  14   35     0    647 
  14   36     0    452 
  14   37     0    552 
  14   38     0    664 
  14   39     0    628 
  15    0     0    584 
  15    1     0    388 
  15    2     0    773 
  15    3     0    344 
  15    4     0    790 
  15    5     0    638 
  15    6     0    204 
  15    7     0    401 
  15    8     0    298 
  15    9     0    457 
  15   10     0    564 
  15   11     0    770 
  15   12     0    265 
  15   13     0    269 
  15   14     0    247 
  15   15     0    571 
  15   16     0    502 
  15   17     0    649 
  15   18     0    689 
  15   19     0    681 
  15   20     0    700 
  15   21     0    214 
  15   22     0    371 
  15   23     0    316 
  15   24     0    373 
  15   25     0    439 
  15   26     0    494 
  15   27     0    400 
  15   28     0    533 
  15   29     0    540 
  15   30     0    300 
  15   31     0    598 
  15   32     0    627 
  15   33     0    506 
  15   34     0    699 
  15   35     0    220 
  15   36     0    340 
  15   37     0    703 
  15   38     0    692 
  15   39     0    793 
  16    0     0    595 
  16    1     0    557 
  16    2     0    587 
  16    3     0    718 
  16    4     0    552 
  16    5     0    573 
  16    6     0    375 
  16    7     0    356 
  16    8     0    461 
  16    9     0    763 
  16   10     0    713 
  16   11     0    649 
  16   12     0    407 
  16   13     0    653 
  16   14     0    601 
  16   15     0    348 
  16   16     0    312 
  16   17     0    224 
  16   18     0    478 
  16   19     0    649 
  16   20     0    597 
  16   21     0    443 
  16   22     0    460 
  16   23     0    648 
  16   24     0    560 
  16   25     0    582 
  16   26     0    295 
  16   27     0    249 
  16   28     0    449 
  16   29     0    525 
  16   30     0    368 
  16   31     0    711 
  16   32     0    797 
  16   33     0    371 
  16   34     0    748 
  16   35     0    520 
  16   36     0    669 
  16   37     0    479 
  16   38     0    237 
  16   39     0    448 
  17    0     0    620 
  17    1     0    477 
  17    2     0    356 
  17    3     0    527 
  17    4     0    585 
  17    5     0    351 
  17    6     0    333 
  17    7     0    370 
  17    8     0    302 
  17    9     0    718 
  17   10     0    409 
  17   11     0    300 
  17   12     0    667 
  17   13     0    797 
  17   14     0    460 
  17   15     0    550 
  17   16     0    250 
  17   17     0    533 
  17   18     0    271 
  17   19     0    800 
  17   20     0    445 
  17   21     0    388 
  17   22     0    536 
  17   23     0    204 
  17   24     0    247 
  17   25     0    759 
  17   26     0    369 
  17   27     0    244 
  17   28     0    225 
  17   29     0    657 
  17   30     0    496 
  17   31     0    612 
  17   32     0    725 
  17   33     0    793 
  17   34     0    279 
  17   35     0    432 
  17   36     0    585 
  17   37     0    509 
  17   38     0    315 
  17   39     0    608 
  18    0     0    639 
  18    1     0    702 
  18    2     0    633 
  18    3     0    577 
  18    4     0    795 
  18    5     0    657 
  18    6     0    278 
  18    7     0    717 
  18    8     0    607 
  18    9     0    647 
  18   10     0    667 
  18   11     0    299 
  18   12     0    252 
  18   13     0    270 
  18   14     0    210 
  18   15     0    567 
  18   16     0    535 
  18   17     0    596 
  18   18     0    792 
  18   19     0    730 
  18   20     0    626 
  18   21     0    293 
  18   22     0    761 
  18   23     0    424 
  18   24     0    760 
  18   25     0    420 
  18   26     0    504 
  18   27     0    734 
  18   28     0    332 
  18   29     0    738 
  18   30     0    782 
  18   31     0    421 
  18   32     0    626 
  18   33     0    350 
  18   34     0    200 
  18   35     0    477 
  18   36     0    426 
  18   37     0    203 
  18   38     0    270 
  18   39     0    408 
  19    0     0    633 
  19    1     0    769 
  19    2     0    255 
  19    3     0    692 
  19    4     0    734 
  19    5     0    670 
  19    6     0    562 
  19    7     0    421 
  19    8     0    427 
  19    9     0    384 
  19   10     0    579 
  19   11     0    643 
  19   12     0    561 
  19   13     0    617 
  19   14     0    361 
  19   15     0    338 
  19   16     0    522 
  19   17     0    319 
  19   18     0    383 
  19   19     0    773 
  19   20     0    377 
  19   21     0    683 
  19   22     0    257 
  19   23     0    437 
  19   24     0    294 
  19   25     0    207 
  19   26     0    785 
  19   27     0    397 
  19   28     0    549 
  19   29     0    224 
  19   30     0    308 
  19   31     0    439 
  19   32     0    632 
  19   33     0    545 
  19   34     0    745 
  19   35     0    520 
  19   36     0    638 
  19   37     0    637 
  19   38     0    444 
  19   39     0    575 
  20    0     0    647 
  20    1     0    762 
  20    2     0    336 
  20    3     0    338 
  20    4     0    572 
  20    5     0    719 
  20    6     0    571 
  20    7     0    619 
  20    8     0    591 
  20    9     0    357 
  20   10     0    691 
  20   11     0    667 
  20   12     0    405 
  20   13     0    227 
  20   14     0    646 
  20   15     0    390 
  20   16     0    432 
  20   17     0    348 
  20   18     0    729 
  20   19     0    649 
  20   20     0    633 
  20   21     0    258 
  20   22     0    615 
  20   23     0    782 
  20   24     0    231 
  20   25     0    353 
  20   26     0    489 
  20   27     0    328 
  20   28     0    224 
  20   29     0    602 
  20   30     0    319 
  20   31     0    654 
  20   32     0    558 
  20   33     0    647 
  20   34     0    607 
  20   35     0    344 
  20   36     0    574 
  20   37     0    612 
  20   38     0    299 
  20   39     0    321 
  21    0     0    473 
  21    1     0    799 
  21    2     0    333 
  21    3     0    761 
  21    4     0    361 
  21    5     0    433 
  21    6     0    337 
  21    7     0    710 
  21    8     0    207 
  21    9     0    703 
  21   10     0    685 
  21   11     0    230 
  21   12     0    462 
  21   13     0    422 
  21   14     0    642 
  21   15     0    227 
  21   16     0    386 
  21   17     0    395 
  21   18     0    775 
  21   19     0    234 
  21   20     0    377 
  21   21     0    744 
  21   22     0    710 
  21   23     0    324 
  21   24     0    305 
  21   25     0    320 
  21   26     0    377 
  21   27     0    530 
  21   28     0    530 
  21   29     0    232 
  21   30     0    687 
  21   31     0    396 
  21   32     0    483 
  21   33     0    582 
  21   34     0    552 
  21   35     0    686 
  21   36     0    531 
  21   37     0    515 
  21   38     0    213 
  21   39     0    329 
  22    0     0    717 
  22    1     0    678 
  22    2     0    349 
  22    3     0    715 
  22    4     0    729 
  22    5     0    500 
  22    6     0    762 
  22    7     0    323 
  22    8     0    719 
  22    9     0    696 
  22   10     0    395 
  22   11     0    585 
  22   12     0    781 
  22   13     0    567 
  22   14     0    742 
  22   15     0    527 
  22   16     0    478 
  22   17     0    459 
  22   18     0    656 
  22   19     0    625 
  22   20     0    378 
  22   21     0    411 
  22   22     0    510 
  22   23     0    301 
  22   24     0    752 
  22   25     0    216 
  22   26     0    459 
  22   27     0    589 
  22   28     0    621 
  22   29     0    606 
  22   30     0    619 
  22   31     0    367 
  22   32     0    264 
  22   33     0    418 
  22   34     0    553 
  22   35     0    301 
  22   36     0    352 
  22   37     0    567 
  22   38     0    581 
  22   39     0    574 
  23    0     0    693 
  23    1     0    788 
  23    2     0    529 
  23    3     0    383 
  23    4     0    226 
  23    5     0    468 
  23    6     0    492 
  23    7     0    733 
  23    8     0    329 
  23    9     0    391 
  23   10     0    267 
  23   11     0    272 
  23   12     0    364 
  23   13     0    730 
  23   14     0    461 
  23   15     0    475 
  23   16     0    390 
  23   17     0    659 
  23   18     0    534 
  23   19     0    761 
  23   20     0    311 
  23   21     0    766 
  23   22     0    502 
  23   23     0    445 
  23   24     0    569 
  23   25     0    519 
  23   26     0    546 
  23   27     0    392 
  23   28     0    623 
  23   29     0    652 
  23   30     0    393 
  23   31     0    241 
  23   32     0    553 
  23   33     0    338 
  23   34     0    437 
  23   35     0    665 
  23   36     0    221 
  23   37     0    508 
  23   38     0    466 
  23   39     0    453 
  24    0     0    784 
  24    1     0    435 
  24    2     0    429 
  24    3     0    490 
  24    4     0    788 
  24    5     0    775 
  24    6     0    409 
  24    7     0    777 
  24    8     0    779 
  24    9     0    289 
  24   10     0    357 
  24   11     0    550 
  24   12     0    220 
  24   13     0    458 
  24   14     0    386 
  24   15     0    282 
  24   16     0    219 
  24   17     0    456 
  24   18     0    453 
  24   19     0    446 
  24   20     0    482 
  24   21     0    761 
  24   22     0    530 
  24   23     0    405 
  24   24     0    387 
  24   25     0    326 
  24   26     0    252 
  24   27     0    261 
  24   28     0    783 
  24   29     0    729 
  24   30     0    633 
  24   31     0    475 
  24   32     0    204 
  24   33     0    738 
  24   34     0    431 
  24   35     0    436 
  24   36     0    694 
  24   37     0    686 
  24   38     0    314 
  24   39     0    532 
  25    0     0    424 
  25    1     0    597 
  25    2     0    300 
  25    3     0    362 
  25    4     0    678 
  25    5     0    588 
  25    6     0    600 
  25    7     0    215 
  25    8     0    383 
  25    9     0    440 
  25   10     0    563 
  25   11     0    466 
  25   12     0    355 
  25   13     0    253 
  25   14     0    550 
  25   15     0    388 
  25   16     0    464 
  25   17     0    377 
  25   18     0    612 
  25   19     0    583 
  25   20     0    725 
  25   21     0    235 
  25   22     0    739 
  25   23     0    399 
  25   24     0    427 
  25   25     0    403 
  25   26     0    415 
  25   27     0    330 
  25   28     0    690 
  25   29     0    269 
  25   30     0    798 
  25   31     0    602 
  25   32     0    415 
  25   33     0    518 
  25   34     0    696 
  25   35     0    521 
  25   36     0    784 
  25   37     0    264 
  25   38     0    619 
  25   39     0    625 
  26    0     0    558 
  26    1     0    219 
  26    2     0    580 
  26    3     0    315 
  26    4     0    382 
  26    5     0    294 
  26    6     0    393 
  26    7     0    212 
  26    8     0    607 
  26    9     0    200 
  26   10     0    316 
  26   11     0    235 
  26   12     0    687 
  26   13     0    201 
  26   14     0    618 
  26   15     0    784 
  26   16     0    464 
  26   17     0    393 
  26   18     0    794 
  26   19     0    590 
  26   20     0    471 
  26   21     0    510 
  26   22     0    484 
  26   23     0    374 
  26   24     0    510 
  26   25     0    272 
  26   26     0    269 
  26   27     0    634 
  26   28     0    289 
  26   29     0    635 
  26   30     0    637 
  26   31     0    448 
  26   32     0    421 
  26   33     0    249 
  26   34     0    398 
  26   35     0    368 
  26   36     0    724 
  26   37     0    201 
  26   38     0    657 
  26   39     0    774 
  27    0     0    767 
  27    1     0    553 
  27    2     0    785 
  27    3     0    744 
  27    4     0    709 
  27    5     0    577 
  27    6     0    509 
  27    7     0    433 
  27    8     0    632 
  27    9     0    346 
  27   10     0    659 
  27   11     0    350 
  27   12     0    641 
  27   13     0    257 
  27   14     0    203 
  27   15     0    535 
  27   16     0    595 
  27   17     0    531 
  27   18     0    446 
  27   19     0    509 
  27   20     0    434 
  27   21     0    454 
  27   22     0    597 
  27   23     0    755 
  27   24     0    722 
  27   25     0    496 
  27   26     0    422 
  27   27     0    316 
  27   28     0    628 
  27   29     0    471 
  27   30     0    232 
  27   31     0    381 
  27   32     0    475 
  27   33     0    215 
  27   34     0    366 
  27   35     0    202 
  27   36     0    538 
  27   37     0    379 
  27   38     0    714 
  27   39     0    621 
  28    0     0    568 
  28    1     0    609 
  28    2     0    264 
  28    3     0    717 
  28    4     0    316 
  28    5     0    766 
  28    6     0    218 
  28    7     0    276 
  28    8     0    761 
  28    9     0    268 
  28   10     0    417 
  28   11     0    759 
  28   12     0    391 
  28   13     0    514 
  28   14     0    587 
  28   15     0    281 
  28   16     0    218 
  28   17     0    486 
  28   18     0    468 
  28   19     0    598 
  28   20     0    279 
  28   21     0    350 
  28   22     0    526 
  28   23     0    362 
  28   24     0    362 
  28   25     0    477 
  28   26     0    348 
  28   27     0    536 
  28   28     0    236 
  28   29     0    431 
  28   30     0    711 
  28   31     0    524 
  28   32     0    638 
  28   33     0    435 
  28   34     0    395 
  28   35     0    626 
  28   36     0    725 
  28   37     0    505 
  28   38     0    313 
  28   39     0    659 
  29    0     0    291 
  29    1     0    715 
  29    2     0    248 
  29    3     0    392 
  29    4     0    508 
  29    5     0    701 
  29    6     0    702 
  29    7     0    213 
  29    8     0    596 
  29    9     0    717 
  29   10     0    489 
  29   11     0    704 
  29   12     0    751 
  29   13     0    294 
  29   14     0    293 
  29   15     0    571 
  29   16     0    241 
  29   17     0    648 
  29   18     0    461 
  29   19     0    214 
  29   20     0    463 
  29   21     0    566 
  29   22     0    380 
  29   23     0    304 
  29   24     0    475 
  29   25     0    704 
  29   26     0    597 
  29   27     0    672 
  29   28     0    380 
  29   29     0    661 
  29   30     0    643 
  29   31     0    360 
  29   32     0    503 
  29   33     0    462 
  29   34     0    250 
  29   35     0    394 
  29   36     0    555 
  29   37     0    277 
  29   38     0    581 
  29   39     0    262 
  30    0     0    638 
  30    1     0    360 
  30    2     0    770 
  30    3     0    585 
  30    4     0    421 
  30    5     0    709 
  30    6     0    495 
  30    7     0    336 
  30    8     0    451 
  30    9     0    489 
  30   10     0    370 
  30   11     0    363 
  30   12     0    414 
  30   13     0    338 
  30   14     0    294 
  30   15     0    768 
  30   16     0    754 
  30   17     0    627 
  30   18     0    295 
  30   19     0    476 
  30   20     0    559 
  30   21     0    572 
  30   22     0    570 
  30   23     0    243 
  30   24     0    726 
  30   25     0    699 
  30   26     0    327 
  30   27     0    777 
  30   28     0    330 
  30   29     0    261 
  30   30     0    214 
  30   31     0    788 
  30   32     0    223 
  30   33     0    470 
  30   34     0    243 
  30   35     0    396 
  30   36     0    413 
  30   37     0    466 
  30   38     0    352 
  30   39     0    227 
  31    0     0    543 
  31    1     0    442 
  31    2     0    559 
  31    3     0    481 
  31    4     0    774 
  31    5     0    453 
  31    6     0    486 
  31    7     0    336 
  31    8     0    531 
  31    9     0    441 
  31   10     0    387 
  31   11     0    437 
  31   12     0    684 
  31   13     0    759 
  31   14     0    691 
  31   15     0    274 
  31   16     0    760 
  31   17     0    262 
  31   18     0    343 
  31   19     0    211 
  31   20     0    226 
  31   21     0    448 
  31   22     0    594 
  31   23     0    729 
  31   24     0    273 
  31   25     0    723 
  31   26     0    233 
  31   27     0    490 
  31   28     0    616 
  31   29     0    216 
  31   30     0    691 
  31   31     0    261 
  31   32     0    563 
  31   33     0    486 
  31   34     0    271 
  31   35     0    527 
  31   36     0    733 
  31   37     0    396 
  31   38     0    479 
  31   39     0    504 
  32    0     0    218 
  32    1     0    490 
  32    2     0    794 
  32    3     0    578 
  32    4     0    542 
  32    5     0    515 
  32    6     0    546 
  32    7     0    230 
  32    8     0    272 
  32    9     0    269 
  32   10     0    697 
  32   11     0    312 
  32   12     0    637 
  32   13     0    297 
  32   14     0    688 
  32   15     0    219 
  32   16     0    689 
  32   17     0    358 
  32   18     0    794 
  32   19     0    247 
  32   20     0    346 
  32   21     0    591 
  32   22     0    313 
  32   23     0    495 
  32   24     0    688 
  32   25     0    734 
  32   26     0    745 
  32   27     0    428 
  32   28     0    711 
  32   29     0    230 
  32   30     0    200 
  32   31     0    408 
  32   32     0    382 
  32   33     0    341 
  32   34     0    790 
  32   35     0    469 
  32   36     0    492 
  32   37     0    579 
  32   38     0    313 
  32   39     0    767 
  33    0     0    259 
  33    1     0    433 
  33    2     0    517 
  33    3     0    466 
  33    4     0    779 
  33    5     0    764 
  33    6     0    469 
  33    7     0    689 
  33    8     0    615 
  33    9     0    498 
  33   10     0    371 
  33   11     0    683 
  33   12     0    745 
  33   13     0    371 
  33   14     0    510 
  33   15     0    747 
  33   16     0    672 
  33   17     0    208 
  33   18     0    777 
  33   19     0    258 
  33   20     0    210 
  33   21     0    259 
  33   22     0    241 
  33   23     0    431 
  33   24     0    543 
  33   25     0    297 
  33   26     0    448 
  33   27     0    536 
  33   28     0    316 
  33   29     0    205 
  33   30     0    285 
  33   31     0    519 
  33   32     0    438 
  33   33     0    571 
  33   34     0    668 
  33   35     0    233 
  33   36     0    467 
  33   37     0    638 
  33   38     0    544 
  33   39     0    296 
  34    0     0    548 
  34    1     0    285 
  34    2     0    401 
  34    3     0    351 
  34    4     0    525 
  34    5     0    745 
  34    6     0    552 
  34    7     0    562 
  34    8     0    741 
  34    9     0    468 
  34   10     0    323 
  34   11     0    292 
  34   12     0    560 
  34   13     0    791 
  34   14     0    681 
  34   15     0    710 
  34   16     0    402 
  34   17     0    482 
  34   18     0    713 
  34   19     0    464 
  34   20     0    712 
  34   21     0    689 
  34   22     0    219 
  34   23     0    571 
  34   24     0    312 
  34   25     0    669 
  34   26     0    747 
  34   27     0    631 
  34   28     0    743 
  34   29     0    232 
  34   30     0    467 
  34   31     0    218 
  34   32     0    568 
  34   33     0    511 
  34   34     0    712 
  34   35     0    409 
  34   36     0    563 
  34   37     0    739 
  34   38     0    394 
  34   39     0    445 
  35    0     0    333 
  35    1     0    467 
  35    2     0    735 
  35    3     0    406 
  35    4     0    684 
  35    5     0    312 
  35    6     0    488 
  35    7     0    228 
  35    8     0    678 
  35    9     0    503 
  35   10     0    321 
  35   11     0    740 
  35   12     0    569 
  35   13     0    300 
  35   14     0    273 
  35   15     0    249 
  35   16     0    797 
  35   17     0    789 
  35   18     0    596 
  35   19     0    705 
  35   20     0    529 
  35   21     0    383 
  35   22     0    737 
  35   23     0    245 
  35   24     0    284 
  35   25     0    566 
  35   26     0    489 
  35   27     0    386 
  35   28     0    481 
  35   29     0    271 
  35   30     0    400 
  35   31     0    344 
  35   32     0    610 
  35   33     0    208 
  35   34     0    294 
  35   35     0    701 
  35   36     0    761 
  35   37     0    237 
  35   38     0    210 
  35   39     0    672 
  36    0     0    209 
  36    1     0    756 
  36    2     0    396 
  36    3     0    563 
  36    4     0    607 
  36    5     0    292 
  36    6     0    385 
  36    7     0    723 
  36    8     0    245 
  36    9     0    534 
  36   10     0    252 
  36   11     0    360 
  36   12     0    290 
  36   13     0    420 
  36   14     0    746 
  36   15     0    728 
  36   16     0    399 
  36   17     0    572 
  36   18     0    341 
  36   19     0    326 
  36   20     0    266 
  36   21     0    702 
  36   22     0    366 
  36   23     0    251 
  36   24     0    434 
  36   25     0    717 
  36   26     0    271 
  36   27     0    227 
  36   28     0    312 
  36   29     0    497 
  36   30     0    797 
  36   31     0    252 
  36   32     0    648 
  36   33     0    492 
  36   34     0    743 
  36   35     0    508 
  36   36     0    341 
  36   37     0    383 
  36   38     0    554 
  36   39     0    520 
  37    0     0    482 
  37    1     0    239 
  37    2     0    651 
  37    3     0    532 
  37    4     0    488 
  37    5     0    250 
  37    6     0    260 
  37    7     0    655 
  37    8     0    228 
  37    9     0    476 
  37   10     0    207 
  37   11     0    761 
  37   12     0    477 
  37   13     0    419 
  37   14     0    521 
  37   15     0    229 
  37   16     0    648 
  37   17     0    700 
  37   18     0    301 
  37   19     0    662 
  37   20     0    713 
  37   21     0    663 
  37   22     0    545 
  37   23     0    770 
  37   24     0    203 
  37   25     0    639 
  37   26     0    237 
  37   27     0    464 
  37   28     0    485 
  37   29     0    556 
  37   30     0    293 
  37   31     0    297 
  37   32     0    771 
  37   33     0    350 
  37   34     0    208 
  37   35     0    326 
  37   36     0    381 
  37   37     0    335 
  37   38     0    653 
  37   39     0    781 
  38    0     0    212 
  38    1     0    646 
  38    2     0    588 
  38    3     0    308 
  38    4     0    208 
  38    5     0    427 
  38    6     0    553 
  38    7     0    645 
  38    8     0    477 
  38    9     0    226 
  38   10     0    608 
  38   11     0    283 
  38   12     0    647 
  38   13     0    310 
  38   14     0    272 
  38   15     0    784 
  38   16     0    265 
  38   17     0    406 
  38   18     0    690 
  38   19     0    204 
  38   20     0    606 
  38   21     0    485 
  38   22     0    698 
  38   23     0    472 
  38   24     0    556 
  38   25     0    221 
  38   26     0    588 
  38   27     0    793 
  38   28     0    741 
  38   29     0    227 
  38   30     0    668 
  38   31     0    467 
  38   32     0    291 
  38   33     0    358 
  38   34     0    689 
  38   35     0    213 
  38   36     0    644 
  38   37     0    533 
  38   38     0    559 
  38   39     0    448 
  39    0     0    475 
  39    1     0    677 
  39    2     0    405 
  39    3     0    228 
  39    4     0    571 
  39    5     0    456 
  39    6     0    570 
  39    7     0    409 
  39    8     0    290 
  39    9     0    653 
  39   10     0    215 
  39   11     0    620 
  39   12     0    525 
  39   13     0    399 
  39   14     0    235 
  39   15     0    302 
  39   16     0    641 
  39   17     0    570 
  39   18     0    409 
  39   19     0    785 
  39   20     0    561 
  39   21     0    631 
  39   22     0    631 
  39   23     0    583 
  39   24     0    587 
  39   25     0    228 
  39   26     0    564 
  39   27     0    698 
  39   28     0    587 
  39   29     0    211 
  39   30     0    666 
  39   31     0    408 
  39   32     0    777 
  39   33     0    564 
  39   34     0    382 
  39   35     0    692 
  39   36     0    392 
  39   37     0    293 
  39   38     0    292 
  39   39     0    692 
