 40
 40

   49
   23
   15
    1
    1
   22
   34
   25
   44
   37
    9
   14
   30
   46
   33
   12
   44
   35
   48
   41
   31
   15
   32
   29
   39
   20
   33
   24
   39
   40
   12
   43
   17
   26
   43
   36
   19
   44
    7
    1

   16
   50
   14
   42
    9
   24
   10
   24
   33
   20
   16
   27
    3
   19
   23
   25
   15
   36
   37
   22
   14
   11
   35
   20
   41
    3
   35
   50
   48
   41
   17
   24
   50
   32
   50
   47
   29
   43
   25
   33

   0    0     0    370 
   0    1     0    774 
   0    2     0    325 
   0    3     0    334 
   0    4     0    686 
   0    5     0    771 
   0    6     0    315 
   0    7     0    727 
   0    8     0    731 
   0    9     0    391 
   0   10     0    379 
   0   11     0    585 
   0   12     0    721 
   0   13     0    358 
   0   14     0    683 
   0   15     0    565 
   0   16     0    376 
   0   17     0    231 
   0   18     0    363 
   0   19     0    438 
   0   20     0    693 
   0   21     0    290 
   0   22     0    748 
   0   23     0    359 
   0   24     0    216 
   0   25     0    636 
   0   26     0    748 
   0   27     0    489 
   0   28     0    653 
   0   29     0    219 
   0   30     0    455 
   0   31     0    513 
   0   32     0    415 
   0   33     0    512 
   0   34     0    234 
   0   35     0    382 
   0   36     0    667 
   0   37     0    615 
   0   38     0    719 
   0   39     0    262 
   1    0     0    449 
   1    1     0    222 
   1    2     0    467 
   1    3     0    576 
   1    4     0    538 
   1    5     0    787 
   1    6     0    405 
   1    7     0    545 
   1    8     0    723 
   1    9     0    604 
   1   10     0    562 
   1   11     0    221 
   1   12     0    628 
   1   13     0    386 
   1   14     0    540 
   1   15     0    328 
   1   16     0    444 
   1   17     0    438 
   1   18     0    600 
   1   19     0    272 
   1   20     0    780 
   1   21     0    213 
   1   22     0    498 
   1   23     0    398 
   1   24     0    585 
   1   25     0    418 
   1   26     0    794 
   1   27     0    281 
   1   28     0    601 
   1   29     0    725 
   1   30     0    704 
   1   31     0    334 
   1   32     0    329 
   1   33     0    685 
   1   34     0    556 
   1   35     0    586 
   1   36     0    573 
   1   37     0    269 
   1   38     0    457 
   1   39     0    326 
   2    0     0    390 
   2    1     0    341 
   2    2     0    707 
   2    3     0    471 
   2    4     0    310 
   2    5     0    267 
   2    6     0    698 
   2    7     0    613 
   2    8     0    465 
   2    9     0    509 
   2   10     0    256 
   2   11     0    711 
   2   12     0    645 
   2   13     0    482 
   2   14     0    382 
   2   15     0    392 
   2   16     0    501 
   2   17     0    258 
   2   18     0    455 
   2   19     0    540 
   2   20     0    751 
   2   21     0    457 
   2   22     0    541 
   2   23     0    559 
   2   24     0    643 
   2   25     0    376 
   2   26     0    750 
   2   27     0    315 
   2   28     0    609 
   2   29     0    773 
   2   30     0    432 
   2   31     0    357 
   2   32     0    417 
   2   33     0    278 
   2   34     0    584 
   2   35     0    435 
   2   36     0    309 
   2   37     0    685 
   2   38     0    202 
   2   39     0    212 
   3    0     0    351 
   3    1     0    332 
   3    2     0    712 
   3    3     0    349 
   3    4     0    785 
   3    5     0    397 
   3    6     0    344 
   3    7     0    481 
   3    8     0    275 
   3    9     0    680 
   3   10     0    623 
   3   11     0    294 
   3   12     0    796 
   3   13     0    212 
   3   14     0    585 
   3   15     0    201 
   3   16     0    689 
   3   17     0    262 
   3   18     0    270 
   3   19     0    472 
   3   20     0    446 
   3   21     0    242 
   3   22     0    320 
   3   23     0    761 
   3   24     0    299 
   3   25     0    593 
   3   26     0    244 
   3   27     0    599 
   3   28     0    615 
   3   29     0    487 
   3   30     0    233 
   3   31     0    744 
   3   32     0    716 
   3   33     0    613 
   3   34     0    561 
   3   35     0    201 
   3   36     0    265 
   3   37     0    341 
   3   38     0    755 
   3   39     0    583 
   4    0     0    217 
   4    1     0    243 
   4    2     0    280 
   4    3     0    573 
   4    4     0    773 
   4    5     0    545 
   4    6     0    752 
   4    7     0    571 
   4    8     0    567 
   4    9     0    477 
   4   10     0    378 
   4   11     0    598 
   4   12     0    245 
   4   13     0    356 
   4   14     0    221 
   4   15     0    677 
   4   16     0    249 
   4   17     0    601 
   4   18     0    317 
   4   19     0    706 
   4   20     0    712 
   4   21     0    761 
   4   22     0    276 
   4   23     0    471 
   4   24     0    232 
   4   25     0    543 
   4   26     0    444 
   4   27     0    792 
   4   28     0    652 
   4   29     0    307 
   4   30     0    267 
   4   31     0    574 
   4   32     0    211 
   4   33     0    220 
   4   34     0    506 
   4   35     0    350 
   4   36     0    763 
   4   37     0    677 
   4   38     0    438 
   4   39     0    774 
   5    0     0    551 
   5    1     0    210 
   5    2     0    800 
   5    3     0    663 
   5    4     0    235 
   5    5     0    542 
   5    6     0    370 
   5    7     0    667 
   5    8     0    449 
   5    9     0    557 
   5   10     0    785 
   5   11     0    219 
   5   12     0    389 
   5   13     0    664 
   5   14     0    295 
   5   15     0    303 
   5   16     0    200 
   5   17     0    539 
   5   18     0    716 
   5   19     0    625 
   5   20     0    212 
   5   21     0    705 
   5   22     0    672 
   5   23     0    240 
   5   24     0    369 
   5   25     0    396 
   5   26     0    526 
   5   27     0    522 
   5   28     0    317 
   5   29     0    297 
   5   30     0    379 
   5   31     0    784 
   5   32     0    542 
   5   33     0    792 
   5   34     0    355 
   5   35     0    704 
   5   36     0    348 
   5   37     0    439 
   5   38     0    223 
   5   39     0    365 
   6    0     0    313 
   6    1     0    659 
   6    2     0    722 
   6    3     0    522 
   6    4     0    734 
   6    5     0    392 
   6    6     0    595 
   6    7     0    459 
   6    8     0    582 
   6    9     0    442 
   6   10     0    430 
   6   11     0    667 
   6   12     0    571 
   6   13     0    321 
   6   14     0    605 
   6   15     0    499 
   6   16     0    376 
   6   17     0    263 
   6   18     0    434 
   6   19     0    558 
   6   20     0    493 
   6   21     0    427 
   6   22     0    243 
   6   23     0    513 
   6   24     0    301 
   6   25     0    260 
   6   26     0    213 
   6   27     0    244 
   6   28     0    617 
   6   29     0    701 
   6   30     0    572 
   6   31     0    487 
   6   32     0    712 
   6   33     0    586 
   6   34     0    382 
   6   35     0    371 
   6   36     0    711 
   6   37     0    612 
   6   38     0    782 
   6   39     0    201 
   7    0     0    679 
   7    1     0    377 
   7    2     0    503 
   7    3     0    200 
   7    4     0    424 
   7    5     0    500 
   7    6     0    588 
   7    7     0    428 
   7    8     0    432 
   7    9     0    517 
   7   10     0    304 
   7   11     0    590 
   7   12     0    614 
   7   13     0    778 
   7   14     0    724 
   7   15     0    664 
   7   16     0    733 
   7   17     0    227 
   7   18     0    668 
   7   19     0    701 
   7   20     0    461 
   7   21     0    647 
   7   22     0    493 
   7   23     0    532 
   7   24     0    574 
   7   25     0    271 
   7   26     0    544 
   7   27     0    703 
   7   28     0    294 
   7   29     0    659 
   7   30     0    518 
   7   31     0    238 
   7   32     0    254 
   7   33     0    496 
   7   34     0    233 
   7   35     0    660 
   7   36     0    573 
   7   37     0    654 
   7   38     0    389 
   7   39     0    496 
   8    0     0    624 
   8    1     0    673 
   8    2     0    501 
   8    3     0    267 
   8    4     0    679 
   8    5     0    304 
   8    6     0    793 
   8    7     0    726 
   8    8     0    483 
   8    9     0    270 
   8   10     0    705 
   8   11     0    262 
   8   12     0    286 
   8   13     0    355 
   8   14     0    422 
   8   15     0    508 
   8   16     0    544 
   8   17     0    303 
   8   18     0    219 
   8   19     0    453 
   8   20     0    363 
   8   21     0    620 
   8   22     0    545 
   8   23     0    301 
   8   24     0    497 
   8   25     0    635 
   8   26     0    466 
   8   27     0    279 
   8   28     0    399 
   8   29     0    349 
   8   30     0    488 
   8   31     0    562 
   8   32     0    325 
   8   33     0    533 
   8   34     0    429 
   8   35     0    790 
   8   36     0    386 
   8   37     0    517 
   8   38     0    501 
   8   39     0    382 
   9    0     0    258 
   9    1     0    537 
   9    2     0    259 
   9    3     0    497 
   9    4     0    542 
   9    5     0    395 
   9    6     0    593 
   9    7     0    353 
   9    8     0    240 
   9    9     0    325 
   9   10     0    745 
   9   11     0    738 
   9   12     0    380 
   9   13     0    741 
   9   14     0    480 
   9   15     0    653 
   9   16     0    659 
   9   17     0    678 
   9   18     0    773 
   9   19     0    699 
   9   20     0    219 
   9   21     0    507 
   9   22     0    584 
   9   23     0    676 
   9   24     0    339 
   9   25     0    240 
   9   26     0    672 
   9   27     0    787 
   9   28     0    710 
   9   29     0    707 
   9   30     0    581 
   9   31     0    789 
   9   32     0    594 
   9   33     0    600 
   9   34     0    366 
   9   35     0    662 
   9   36     0    521 
   9   37     0    553 
   9   38     0    773 
   9   39     0    257 
  10    0     0    420 
  10    1     0    636 
  10    2     0    463 
  10    3     0    619 
  10    4     0    713 
  10    5     0    531 
  10    6     0    683 
  10    7     0    600 
  10    8     0    215 
  10    9     0    486 
  10   10     0    415 
  10   11     0    307 
  10   12     0    391 
  10   13     0    405 
  10   14     0    200 
  10   15     0    533 
  10   16     0    726 
  10   17     0    532 
  10   18     0    303 
  10   19     0    435 
  10   20     0    550 
  10   21     0    291 
  10   22     0    412 
  10   23     0    293 
  10   24     0    770 
  10   25     0    630 
  10   26     0    605 
  10   27     0    732 
  10   28     0    762 
  10   29     0    482 
  10   30     0    552 
  10   31     0    337 
  10   32     0    476 
  10   33     0    614 
  10   34     0    356 
  10   35     0    217 
  10   36     0    309 
  10   37     0    545 
  10   38     0    729 
  10   39     0    587 
  11    0     0    648 
  11    1     0    542 
  11    2     0    724 
  11    3     0    583 
  11    4     0    429 
  11    5     0    700 
  11    6     0    797 
  11    7     0    677 
  11    8     0    576 
  11    9     0    346 
  11   10     0    466 
  11   11     0    293 
  11   12     0    679 
  11   13     0    673 
  11   14     0    371 
  11   15     0    520 
  11   16     0    550 
  11   17     0    221 
  11   18     0    452 
  11   19     0    402 
  11   20     0    329 
  11   21     0    331 
  11   22     0    232 
  11   23     0    648 
  11   24     0    656 
  11   25     0    580 
  11   26     0    210 
  11   27     0    577 
  11   28     0    566 
  11   29     0    316 
  11   30     0    335 
  11   31     0    676 
  11   32     0    580 
  11   33     0    439 
  11   34     0    291 
  11   35     0    721 
  11   36     0    208 
  11   37     0    665 
  11   38     0    338 
  11   39     0    670 
  12    0     0    351 
  12    1     0    757 
  12    2     0    452 
  12    3     0    430 
  12    4     0    715 
  12    5     0    407 
  12    6     0    372 
  12    7     0    309 
  12    8     0    500 
  12    9     0    456 
  12   10     0    332 
  12   11     0    715 
  12   12     0    477 
  12   13     0    664 
  12   14     0    246 
  12   15     0    260 
  12   16     0    778 
  12   17     0    538 
  12   18     0    652 
  12   19     0    431 
  12   20     0    781 
  12   21     0    423 
  12   22     0    210 
  12   23     0    573 
  12   24     0    404 
  12   25     0    371 
  12   26     0    693 
  12   27     0    265 
  12   28     0    505 
  12   29     0    692 
  12   30     0    502 
  12   31     0    609 
  12   32     0    718 
  12   33     0    410 
  12   34     0    735 
  12   35     0    382 
  12   36     0    290 
  12   37     0    602 
  12   38     0    460 
  12   39     0    209 
  13    0     0    762 
  13    1     0    667 
  13    2     0    283 
  13    3     0    657 
  13    4     0    675 
  13    5     0    423 
  13    6     0    254 
  13    7     0    294 
  13    8     0    551 
  13    9     0    517 
  13   10     0    800 
  13   11     0    743 
  13   12     0    664 
  13   13     0    708 
  13   14     0    313 
  13   15     0    208 
  13   16     0    663 
  13   17     0    269 
  13   18     0    767 
  13   19     0    653 
  13   20     0    680 
  13   21     0    392 
  13   22     0    414 
  13   23     0    235 
  13   24     0    765 
  13   25     0    377 
  13   26     0    278 
  13   27     0    687 
  13   28     0    310 
  13   29     0    438 
  13   30     0    795 
  13   31     0    442 
  13   32     0    501 
  13   33     0    727 
  13   34     0    631 
  13   35     0    510 
  13   36     0    747 
  13   37     0    510 
  13   38     0    621 
  13   39     0    316 
  14    0     0    509 
  14    1     0    230 
  14    2     0    351 
  14    3     0    711 
  14    4     0    226 
  14    5     0    283 
  14    6     0    686 
  14    7     0    383 
  14    8     0    295 
  14    9     0    636 
  14   10     0    243 
  14   11     0    720 
  14   12     0    738 
  14   13     0    442 
  14   14     0    509 
  14   15     0    425 
  14   16     0    332 
  14   17     0    269 
  14   18     0    399 
  14   19     0    432 
  14   20     0    523 
  14   21     0    448 
  14   22     0    439 
  14   23     0    249 
  14   24     0    573 
  14   25     0    307 
  14   26     0    485 
  14   27     0    357 
  14   28     0    251 
  14   29     0    779 
  14   30     0    648 
  14   31     0    396 
  14   32     0    449 
  14   33     0    616 
  14   34     0    756 
  14   35     0    539 
  14   36     0    728 
  14   37     0    504 
  14   38     0    645 
  14   39     0    579 
  15    0     0    270 
  15    1     0    798 
  15    2     0    608 
  15    3     0    568 
  15    4     0    728 
  15    5     0    472 
  15    6     0    442 
  15    7     0    760 
  15    8     0    399 
  15    9     0    552 
  15   10     0    306 
  15   11     0    622 
  15   12     0    434 
  15   13     0    719 
  15   14     0    395 
  15   15     0    605 
  15   16     0    492 
  15   17     0    507 
  15   18     0    731 
  15   19     0    629 
  15   20     0    642 
  15   21     0    665 
  15   22     0    347 
  15   23     0    569 
  15   24     0    680 
  15   25     0    237 
  15   26     0    442 
  15   27     0    519 
  15   28     0    206 
  15   29     0    792 
  15   30     0    789 
  15   31     0    262 
  15   32     0    530 
  15   33     0    706 
  15   34     0    321 
  15   35     0    701 
  15   36     0    716 
  15   37     0    296 
  15   38     0    293 
  15   39     0    208 
  16    0     0    604 
  16    1     0    545 
  16    2     0    335 
  16    3     0    236 
  16    4     0    767 
  16    5     0    607 
  16    6     0    287 
  16    7     0    330 
  16    8     0    341 
  16    9     0    676 
  16   10     0    693 
  16   11     0    362 
  16   12     0    651 
  16   13     0    332 
  16   14     0    753 
  16   15     0    483 
  16   16     0    511 
  16   17     0    343 
  16   18     0    218 
  16   19     0    720 
  16   20     0    610 
  16   21     0    436 
  16   22     0    653 
  16   23     0    294 
  16   24     0    617 
  16   25     0    284 
  16   26     0    513 
  16   27     0    485 
  16   28     0    579 
  16   29     0    483 
  16   30     0    564 
  16   31     0    333 
  16   32     0    215 
  16   33     0    766 
  16   34     0    540 
  16   35     0    433 
  16   36     0    227 
  16   37     0    223 
  16   38     0    762 
  16   39     0    552 
  17    0     0    350 
  17    1     0    477 
  17    2     0    303 
  17    3     0    797 
  17    4     0    305 
  17    5     0    412 
  17    6     0    632 
  17    7     0    639 
  17    8     0    340 
  17    9     0    693 
  17   10     0    243 
  17   11     0    387 
  17   12     0    666 
  17   13     0    368 
  17   14     0    480 
  17   15     0    582 
  17   16     0    247 
  17   17     0    422 
  17   18     0    776 
  17   19     0    605 
  17   20     0    471 
  17   21     0    214 
  17   22     0    663 
  17   23     0    540 
  17   24     0    474 
  17   25     0    215 
  17   26     0    639 
  17   27     0    373 
  17   28     0    541 
  17   29     0    721 
  17   30     0    772 
  17   31     0    557 
  17   32     0    636 
  17   33     0    458 
  17   34     0    359 
  17   35     0    231 
  17   36     0    253 
  17   37     0    232 
  17   38     0    377 
  17   39     0    266 
  18    0     0    479 
  18    1     0    784 
  18    2     0    369 
  18    3     0    369 
  18    4     0    319 
  18    5     0    475 
  18    6     0    364 
  18    7     0    393 
  18    8     0    594 
  18    9     0    465 
  18   10     0    396 
  18   11     0    581 
  18   12     0    645 
  18   13     0    395 
  18   14     0    763 
  18   15     0    772 
  18   16     0    448 
  18   17     0    348 
  18   18     0    591 
  18   19     0    766 
  18   20     0    790 
  18   21     0    746 
  18   22     0    321 
  18   23     0    766 
  18   24     0    370 
  18   25     0    304 
  18   26     0    408 
  18   27     0    634 
  18   28     0    611 
  18   29     0    421 
  18   30     0    488 
  18   31     0    304 
  18   32     0    212 
  18   33     0    684 
  18   34     0    428 
  18   35     0    377 
  18   36     0    476 
  18   37     0    538 
  18   38     0    794 
  18   39     0    387 
  19    0     0    258 
  19    1     0    384 
  19    2     0    439 
  19    3     0    649 
  19    4     0    767 
  19    5     0    256 
  19    6     0    492 
  19    7     0    301 
  19    8     0    553 
  19    9     0    474 
  19   10     0    673 
  19   11     0    323 
  19   12     0    410 
  19   13     0    586 
  19   14     0    412 
  19   15     0    619 
  19   16     0    643 
  19   17     0    298 
  19   18     0    579 
  19   19     0    511 
  19   20     0    338 
  19   21     0    301 
  19   22     0    688 
  19   23     0    763 
  19   24     0    540 
  19   25     0    202 
  19   26     0    490 
  19   27     0    239 
  19   28     0    596 
  19   29     0    780 
  19   30     0    277 
  19   31     0    584 
  19   32     0    788 
  19   33     0    488 
  19   34     0    382 
  19   35     0    248 
  19   36     0    577 
  19   37     0    387 
  19   38     0    268 
  19   39     0    451 
  20    0     0    545 
  20    1     0    584 
  20    2     0    488 
  20    3     0    277 
  20    4     0    660 
  20    5     0    686 
  20    6     0    377 
  20    7     0    689 
  20    8     0    714 
  20    9     0    410 
  20   10     0    691 
  20   11     0    208 
  20   12     0    527 
  20   13     0    551 
  20   14     0    521 
  20   15     0    358 
  20   16     0    548 
  20   17     0    630 
  20   18     0    316 
  20   19     0    421 
  20   20     0    470 
  20   21     0    350 
  20   22     0    490 
  20   23     0    651 
  20   24     0    615 
  20   25     0    746 
  20   26     0    362 
  20   27     0    657 
  20   28     0    433 
  20   29     0    641 
  20   30     0    590 
  20   31     0    646 
  20   32     0    668 
  20   33     0    298 
  20   34     0    245 
  20   35     0    379 
  20   36     0    780 
  20   37     0    443 
  20   38     0    260 
  20   39     0    308 
  21    0     0    303 
  21    1     0    658 
  21    2     0    517 
  21    3     0    760 
  21    4     0    512 
  21    5     0    201 
  21    6     0    267 
  21    7     0    769 
  21    8     0    724 
  21    9     0    597 
  21   10     0    563 
  21   11     0    330 
  21   12     0    561 
  21   13     0    408 
  21   14     0    759 
  21   15     0    446 
  21   16     0    745 
  21   17     0    287 
  21   18     0    413 
  21   19     0    265 
  21   20     0    761 
  21   21     0    455 
  21   22     0    292 
  21   23     0    588 
  21   24     0    453 
  21   25     0    203 
  21   26     0    418 
  21   27     0    525 
  21   28     0    339 
  21   29     0    351 
  21   30     0    242 
  21   31     0    231 
  21   32     0    216 
  21   33     0    433 
  21   34     0    409 
  21   35     0    602 
  21   36     0    613 
  21   37     0    556 
  21   38     0    316 
  21   39     0    578 
  22    0     0    241 
  22    1     0    504 
  22    2     0    609 
  22    3     0    295 
  22    4     0    434 
  22    5     0    441 
  22    6     0    287 
  22    7     0    704 
  22    8     0    613 
  22    9     0    304 
  22   10     0    577 
  22   11     0    557 
  22   12     0    232 
  22   13     0    567 
  22   14     0    433 
  22   15     0    484 
  22   16     0    230 
  22   17     0    283 
  22   18     0    547 
  22   19     0    334 
  22   20     0    439 
  22   21     0    404 
  22   22     0    638 
  22   23     0    229 
  22   24     0    289 
  22   25     0    666 
  22   26     0    383 
  22   27     0    349 
  22   28     0    539 
  22   29     0    668 
  22   30     0    595 
  22   31     0    729 
  22   32     0    304 
  22   33     0    206 
  22   34     0    441 
  22   35     0    479 
  22   36     0    353 
  22   37     0    404 
  22   38     0    478 
  22   39     0    574 
  23    0     0    425 
  23    1     0    210 
  23    2     0    272 
  23    3     0    364 
  23    4     0    563 
  23    5     0    438 
  23    6     0    376 
  23    7     0    473 
  23    8     0    219 
  23    9     0    519 
  23   10     0    723 
  23   11     0    482 
  23   12     0    453 
  23   13     0    517 
  23   14     0    331 
  23   15     0    321 
  23   16     0    528 
  23   17     0    483 
  23   18     0    435 
  23   19     0    393 
  23   20     0    411 
  23   21     0    635 
  23   22     0    507 
  23   23     0    270 
  23   24     0    486 
  23   25     0    727 
  23   26     0    598 
  23   27     0    217 
  23   28     0    600 
  23   29     0    721 
  23   30     0    778 
  23   31     0    344 
  23   32     0    305 
  23   33     0    675 
  23   34     0    359 
  23   35     0    435 
  23   36     0    797 
  23   37     0    254 
  23   38     0    513 
  23   39     0    655 
  24    0     0    267 
  24    1     0    605 
  24    2     0    757 
  24    3     0    767 
  24    4     0    683 
  24    5     0    709 
  24    6     0    483 
  24    7     0    774 
  24    8     0    256 
  24    9     0    523 
  24   10     0    227 
  24   11     0    299 
  24   12     0    340 
  24   13     0    735 
  24   14     0    539 
  24   15     0    614 
  24   16     0    537 
  24   17     0    742 
  24   18     0    422 
  24   19     0    397 
  24   20     0    296 
  24   21     0    455 
  24   22     0    717 
  24   23     0    232 
  24   24     0    261 
  24   25     0    506 
  24   26     0    501 
  24   27     0    381 
  24   28     0    365 
  24   29     0    359 
  24   30     0    793 
  24   31     0    435 
  24   32     0    392 
  24   33     0    259 
  24   34     0    701 
  24   35     0    791 
  24   36     0    300 
  24   37     0    603 
  24   38     0    247 
  24   39     0    557 
  25    0     0    770 
  25    1     0    223 
  25    2     0    314 
  25    3     0    351 
  25    4     0    509 
  25    5     0    202 
  25    6     0    366 
  25    7     0    701 
  25    8     0    749 
  25    9     0    385 
  25   10     0    383 
  25   11     0    249 
  25   12     0    439 
  25   13     0    340 
  25   14     0    563 
  25   15     0    391 
  25   16     0    789 
  25   17     0    369 
  25   18     0    315 
  25   19     0    532 
  25   20     0    201 
  25   21     0    677 
  25   22     0    335 
  25   23     0    668 
  25   24     0    503 
  25   25     0    372 
  25   26     0    268 
  25   27     0    558 
  25   28     0    298 
  25   29     0    554 
  25   30     0    717 
  25   31     0    717 
  25   32     0    591 
  25   33     0    246 
  25   34     0    574 
  25   35     0    296 
  25   36     0    254 
  25   37     0    538 
  25   38     0    693 
  25   39     0    580 
  26    0     0    698 
  26    1     0    443 
  26    2     0    357 
  26    3     0    239 
  26    4     0    241 
  26    5     0    690 
  26    6     0    431 
  26    7     0    618 
  26    8     0    212 
  26    9     0    323 
  26   10     0    598 
  26   11     0    364 
  26   12     0    423 
  26   13     0    372 
  26   14     0    796 
  26   15     0    336 
  26   16     0    419 
  26   17     0    398 
  26   18     0    668 
  26   19     0    737 
  26   20     0    223 
  26   21     0    783 
  26   22     0    403 
  26   23     0    692 
  26   24     0    503 
  26   25     0    652 
  26   26     0    606 
  26   27     0    570 
  26   28     0    448 
  26   29     0    372 
  26   30     0    526 
  26   31     0    575 
  26   32     0    421 
  26   33     0    786 
  26   34     0    485 
  26   35     0    637 
  26   36     0    785 
  26   37     0    433 
  26   38     0    234 
  26   39     0    330 
  27    0     0    630 
  27    1     0    741 
  27    2     0    322 
  27    3     0    359 
  27    4     0    278 
  27    5     0    566 
  27    6     0    679 
  27    7     0    476 
  27    8     0    765 
  27    9     0    649 
  27   10     0    373 
  27   11     0    598 
  27   12     0    294 
  27   13     0    781 
  27   14     0    617 
  27   15     0    792 
  27   16     0    319 
  27   17     0    324 
  27   18     0    247 
  27   19     0    471 
  27   20     0    201 
  27   21     0    341 
  27   22     0    525 
  27   23     0    313 
  27   24     0    213 
  27   25     0    420 
  27   26     0    258 
  27   27     0    288 
  27   28     0    483 
  27   29     0    795 
  27   30     0    303 
  27   31     0    681 
  27   32     0    739 
  27   33     0    480 
  27   34     0    216 
  27   35     0    461 
  27   36     0    546 
  27   37     0    759 
  27   38     0    370 
  27   39     0    509 
  28    0     0    534 
  28    1     0    577 
  28    2     0    524 
  28    3     0    363 
  28    4     0    433 
  28    5     0    791 
  28    6     0    716 
  28    7     0    323 
  28    8     0    337 
  28    9     0    232 
  28   10     0    541 
  28   11     0    330 
  28   12     0    501 
  28   13     0    584 
  28   14     0    572 
  28   15     0    270 
  28   16     0    800 
  28   17     0    414 
  28   18     0    377 
  28   19     0    529 
  28   20     0    509 
  28   21     0    753 
  28   22     0    509 
  28   23     0    692 
  28   24     0    324 
  28   25     0    562 
  28   26     0    385 
  28   27     0    732 
  28   28     0    589 
  28   29     0    294 
  28   30     0    420 
  28   31     0    763 
  28   32     0    437 
  28   33     0    543 
  28   34     0    437 
  28   35     0    369 
  28   36     0    633 
  28   37     0    299 
  28   38     0    766 
  28   39     0    348 
  29    0     0    456 
  29    1     0    773 
  29    2     0    682 
  29    3     0    512 
  29    4     0    259 
  29    5     0    249 
  29    6     0    316 
  29    7     0    255 
  29    8     0    759 
  29    9     0    713 
  29   10     0    579 
  29   11     0    698 
  29   12     0    590 
  29   13     0    613 
  29   14     0    516 
  29   15     0    756 
  29   16     0    286 
  29   17     0    755 
  29   18     0    628 
  29   19     0    694 
  29   20     0    674 
  29   21     0    498 
  29   22     0    572 
  29   23     0    240 
  29   24     0    497 
  29   25     0    595 
  29   26     0    296 
  29   27     0    444 
  29   28     0    644 
  29   29     0    775 
  29   30     0    369 
  29   31     0    379 
  29   32     0    750 
  29   33     0    562 
  29   34     0    732 
  29   35     0    585 
  29   36     0    524 
  29   37     0    411 
  29   38     0    510 
  29   39     0    295 
  30    0     0    333 
  30    1     0    605 
  30    2     0    578 
  30    3     0    771 
  30    4     0    757 
  30    5     0    292 
  30    6     0    438 
  30    7     0    363 
  30    8     0    525 
  30    9     0    588 
  30   10     0    694 
  30   11     0    562 
  30   12     0    251 
  30   13     0    709 
  30   14     0    393 
  30   15     0    308 
  30   16     0    286 
  30   17     0    518 
  30   18     0    580 
  30   19     0    764 
  30   20     0    548 
  30   21     0    238 
  30   22     0    439 
  30   23     0    432 
  30   24     0    630 
  30   25     0    592 
  30   26     0    731 
  30   27     0    522 
  30   28     0    323 
  30   29     0    241 
  30   30     0    762 
  30   31     0    378 
  30   32     0    591 
  30   33     0    632 
  30   34     0    386 
  30   35     0    265 
  30   36     0    254 
  30   37     0    719 
  30   38     0    209 
  30   39     0    684 
  31    0     0    515 
  31    1     0    766 
  31    2     0    313 
  31    3     0    638 
  31    4     0    304 
  31    5     0    761 
  31    6     0    473 
  31    7     0    750 
  31    8     0    229 
  31    9     0    381 
  31   10     0    200 
  31   11     0    421 
  31   12     0    468 
  31   13     0    468 
  31   14     0    509 
  31   15     0    771 
  31   16     0    545 
  31   17     0    391 
  31   18     0    383 
  31   19     0    357 
  31   20     0    791 
  31   21     0    209 
  31   22     0    240 
  31   23     0    712 
  31   24     0    346 
  31   25     0    418 
  31   26     0    276 
  31   27     0    537 
  31   28     0    402 
  31   29     0    317 
  31   30     0    478 
  31   31     0    761 
  31   32     0    529 
  31   33     0    214 
  31   34     0    368 
  31   35     0    690 
  31   36     0    656 
  31   37     0    355 
  31   38     0    335 
  31   39     0    395 
  32    0     0    612 
  32    1     0    280 
  32    2     0    766 
  32    3     0    373 
  32    4     0    287 
  32    5     0    708 
  32    6     0    534 
  32    7     0    392 
  32    8     0    310 
  32    9     0    399 
  32   10     0    288 
  32   11     0    502 
  32   12     0    442 
  32   13     0    710 
  32   14     0    313 
  32   15     0    237 
  32   16     0    469 
  32   17     0    216 
  32   18     0    476 
  32   19     0    631 
  32   20     0    531 
  32   21     0    641 
  32   22     0    509 
  32   23     0    771 
  32   24     0    470 
  32   25     0    262 
  32   26     0    231 
  32   27     0    601 
  32   28     0    289 
  32   29     0    238 
  32   30     0    527 
  32   31     0    696 
  32   32     0    720 
  32   33     0    623 
  32   34     0    549 
  32   35     0    467 
  32   36     0    246 
  32   37     0    645 
  32   38     0    607 
  32   39     0    339 
  33    0     0    202 
  33    1     0    456 
  33    2     0    682 
  33    3     0    285 
  33    4     0    241 
  33    5     0    462 
  33    6     0    682 
  33    7     0    542 
  33    8     0    489 
  33    9     0    273 
  33   10     0    590 
  33   11     0    620 
  33   12     0    275 
  33   13     0    736 
  33   14     0    279 
  33   15     0    798 
  33   16     0    702 
  33   17     0    772 
  33   18     0    456 
  33   19     0    602 
  33   20     0    319 
  33   21     0    393 
  33   22     0    793 
  33   23     0    376 
  33   24     0    641 
  33   25     0    611 
  33   26     0    201 
  33   27     0    351 
  33   28     0    286 
  33   29     0    748 
  33   30     0    327 
  33   31     0    361 
  33   32     0    669 
  33   33     0    683 
  33   34     0    607 
  33   35     0    583 
  33   36     0    566 
  33   37     0    458 
  33   38     0    268 
  33   39     0    720 
  34    0     0    451 
  34    1     0    263 
  34    2     0    203 
  34    3     0    618 
  34    4     0    541 
  34    5     0    379 
  34    6     0    527 
  34    7     0    283 
  34    8     0    298 
  34    9     0    692 
  34   10     0    348 
  34   11     0    444 
  34   12     0    728 
  34   13     0    701 
  34   14     0    721 
  34   15     0    439 
  34   16     0    374 
  34   17     0    360 
  34   18     0    328 
  34   19     0    338 
  34   20     0    450 
  34   21     0    726 
  34   22     0    606 
  34   23     0    482 
  34   24     0    615 
  34   25     0    368 
  34   26     0    571 
  34   27     0    278 
  34   28     0    351 
  34   29     0    613 
  34   30     0    219 
  34   31     0    736 
  34   32     0    571 
  34   33     0    457 
  34   34     0    393 
  34   35     0    222 
  34   36     0    764 
  34   37     0    727 
  34   38     0    272 
  34   39     0    691 
  35    0     0    626 
  35    1     0    770 
  35    2     0    392 
  35    3     0    540 
  35    4     0    317 
  35    5     0    281 
  35    6     0    301 
  35    7     0    649 
  35    8     0    382 
  35    9     0    300 
  35   10     0    653 
  35   11     0    231 
  35   12     0    507 
  35   13     0    757 
  35   14     0    715 
  35   15     0    316 
  35   16     0    289 
  35   17     0    572 
  35   18     0    722 
  35   19     0    426 
  35   20     0    719 
  35   21     0    767 
  35   22     0    591 
  35   23     0    465 
  35   24     0    695 
  35   25     0    239 
  35   26     0    362 
  35   27     0    353 
  35   28     0    423 
  35   29     0    664 
  35   30     0    788 
  35   31     0    416 
  35   32     0    560 
  35   33     0    290 
  35   34     0    737 
  35   35     0    790 
  35   36     0    359 
  35   37     0    213 
  35   38     0    282 
  35   39     0    727 
  36    0     0    754 
  36    1     0    282 
  36    2     0    796 
  36    3     0    208 
  36    4     0    561 
  36    5     0    572 
  36    6     0    607 
  36    7     0    326 
  36    8     0    459 
  36    9     0    577 
  36   10     0    612 
  36   11     0    689 
  36   12     0    376 
  36   13     0    259 
  36   14     0    373 
  36   15     0    628 
  36   16     0    556 
  36   17     0    503 
  36   18     0    518 
  36   19     0    763 
  36   20     0    584 
  36   21     0    771 
  36   22     0    736 
  36   23     0    214 
  36   24     0    668 
  36   25     0    336 
  36   26     0    338 
  36   27     0    300 
  36   28     0    368 
  36   29     0    553 
  36   30     0    609 
  36   31     0    277 
  36   32     0    579 
  36   33     0    729 
  36   34     0    726 
  36   35     0    251 
  36   36     0    470 
  36   37     0    374 
  36   38     0    373 
  36   39     0    649 
  37    0     0    287 
  37    1     0    554 
  37    2     0    372 
  37    3     0    789 
  37    4     0    533 
  37    5     0    413 
  37    6     0    779 
  37    7     0    361 
  37    8     0    659 
  37    9     0    341 
  37   10     0    623 
  37   11     0    434 
  37   12     0    501 
  37   13     0    268 
  37   14     0    718 
  37   15     0    434 
  37   16     0    200 
  37   17     0    504 
  37   18     0    478 
  37   19     0    613 
  37   20     0    506 
  37   21     0    286 
  37   22     0    736 
  37   23     0    691 
  37   24     0    606 
  37   25     0    315 
  37   26     0    335 
  37   27     0    719 
  37   28     0    738 
  37   29     0    517 
  37   30     0    211 
  37   31     0    698 
  37   32     0    342 
  37   33     0    408 
  37   34     0    661 
  37   35     0    225 
  37   36     0    300 
  37   37     0    617 
  37   38     0    730 
  37   39     0    253 
  38    0     0    539 
  38    1     0    672 
  38    2     0    727 
  38    3     0    502 
  38    4     0    411 
  38    5     0    332 
  38    6     0    271 
  38    7     0    211 
  38    8     0    724 
  38    9     0    384 
  38   10     0    615 
  38   11     0    413 
  38   12     0    662 
  38   13     0    381 
  38   14     0    566 
  38   15     0    260 
  38   16     0    614 
  38   17     0    689 
  38   18     0    698 
  38   19     0    546 
  38   20     0    423 
  38   21     0    311 
  38   22     0    484 
  38   23     0    448 
  38   24     0    476 
  38   25     0    646 
  38   26     0    653 
  38   27     0    417 
  38   28     0    662 
  38   29     0    417 
  38   30     0    484 
  38   31     0    537 
  38   32     0    502 
  38   33     0    610 
  38   34     0    550 
  38   35     0    415 
  38   36     0    311 
  38   37     0    234 
  38   38     0    529 
  38   39     0    360 
  39    0     0    379 
  39    1     0    796 
  39    2     0    528 
  39    3     0    221 
  39    4     0    483 
  39    5     0    760 
  39    6     0    397 
  39    7     0    217 
  39    8     0    579 
  39    9     0    546 
  39   10     0    778 
  39   11     0    557 
  39   12     0    433 
  39   13     0    735 
  39   14     0    433 
  39   15     0    409 
  39   16     0    743 
  39   17     0    283 
  39   18     0    678 
  39   19     0    442 
  39   20     0    241 
  39   21     0    712 
  39   22     0    721 
  39   23     0    749 
  39   24     0    485 
  39   25     0    783 
  39   26     0    363 
  39   27     0    286 
  39   28     0    502 
  39   29     0    548 
  39   30     0    671 
  39   31     0    455 
  39   32     0    247 
  39   33     0    754 
  39   34     0    209 
  39   35     0    676 
  39   36     0    602 
  39   37     0    298 
  39   38     0    378 
  39   39     0    551 
