 40
 40

   41
   18
   34
    1
   20
   25
   29
    9
   13
   15
    6
   46
   32
   28
   12
   42
   45
   43
   26
   37
   42
    4
    3
    3
   43
   33
   22
   17
   18
   46
   48
   27
   22
   39
   19
   12
   18
   50
   36
   44

    4
   12
   23
   34
   25
   15
   43
   12
    4
   20
   48
   46
   13
    8
   38
   10
   24
   43
   30
   29
   17
   36
   41
   43
   41
    7
   42
   43
   15
   50
   47
    6
   41
   31
   21
    1
    8
    2
   45
   50

   0    0    19    514 
   0    1    13    354 
   0    2    26    703 
   0    3    22    621 
   0    4    12    349 
   0    5    15    413 
   0    6    25    698 
   0    7    25    680 
   0    8    23    641 
   0    9    17    460 
   0   10    22    620 
   0   11    19    533 
   0   12    27    748 
   0   13    18    489 
   0   14    17    485 
   0   15    27    747 
   0   16     9    268 
   0   17    12    346 
   0   18     7    205 
   0   19    11    318 
   0   20    12    326 
   0   21    15    416 
   0   22    27    749 
   0   23    23    625 
   0   24     8    232 
   0   25    18    505 
   0   26    27    749 
   0   27    11    313 
   0   28    10    288 
   0   29    12    343 
   0   30    23    625 
   0   31    24    656 
   0   32    12    341 
   0   33    28    778 
   0   34    26    719 
   0   35    23    632 
   0   36    17    467 
   0   37    11    307 
   0   38    13    366 
   0   39    26    721 
   1    0    25    695 
   1    1    20    556 
   1    2    12    342 
   1    3    14    381 
   1    4    28    758 
   1    5    22    612 
   1    6    18    505 
   1    7    24    661 
   1    8    22    609 
   1    9    14    386 
   1   10    19    520 
   1   11    18    499 
   1   12    12    337 
   1   13    12    331 
   1   14    24    653 
   1   15    28    782 
   1   16    20    549 
   1   17    28    779 
   1   18    11    303 
   1   19    26    713 
   1   20    24    673 
   1   21    27    750 
   1   22    23    635 
   1   23    29    797 
   1   24    18    510 
   1   25    10    274 
   1   26    14    385 
   1   27    20    559 
   1   28    14    402 
   1   29    21    589 
   1   30    28    782 
   1   31    18    503 
   1   32    20    561 
   1   33    23    636 
   1   34    23    644 
   1   35    24    668 
   1   36    26    727 
   1   37     9    253 
   1   38    14    396 
   1   39    28    775 
   2    0    18    492 
   2    1    18    489 
   2    2    14    382 
   2    3    10    297 
   2    4    24    667 
   2    5    11    322 
   2    6    24    669 
   2    7     7    207 
   2    8    16    446 
   2    9    21    578 
   2   10     8    217 
   2   11    25    687 
   2   12     7    206 
   2   13    28    776 
   2   14    25    699 
   2   15    25    686 
   2   16    22    604 
   2   17    18    504 
   2   18     8    222 
   2   19    13    366 
   2   20    23    641 
   2   21    18    492 
   2   22    18    504 
   2   23    28    761 
   2   24    16    453 
   2   25    15    414 
   2   26    14    390 
   2   27    23    635 
   2   28    13    355 
   2   29    28    765 
   2   30    16    448 
   2   31    14    390 
   2   32     9    251 
   2   33    10    288 
   2   34    26    720 
   2   35    24    673 
   2   36    21    585 
   2   37    24    666 
   2   38    25    688 
   2   39    16    436 
   3    0    28    759 
   3    1    16    436 
   3    2     7    207 
   3    3    12    346 
   3    4    28    764 
   3    5    21    574 
   3    6    16    456 
   3    7    20    557 
   3    8    20    564 
   3    9    20    563 
   3   10    11    312 
   3   11     8    238 
   3   12    14    383 
   3   13    26    708 
   3   14    17    472 
   3   15     8    228 
   3   16    12    339 
   3   17    13    360 
   3   18    15    408 
   3   19    12    345 
   3   20    14    381 
   3   21    28    783 
   3   22     9    250 
   3   23    26    725 
   3   24    10    292 
   3   25    28    776 
   3   26    15    430 
   3   27    15    432 
   3   28    15    422 
   3   29    25    695 
   3   30    22    609 
   3   31    26    719 
   3   32    10    278 
   3   33    16    444 
   3   34    14    386 
   3   35    22    620 
   3   36    18    509 
   3   37    22    605 
   3   38    15    414 
   3   39    16    445 
   4    0    12    345 
   4    1    11    305 
   4    2     8    220 
   4    3    22    605 
   4    4    18    490 
   4    5    27    752 
   4    6    15    429 
   4    7    16    446 
   4    8    20    549 
   4    9    17    467 
   4   10    25    695 
   4   11    14    396 
   4   12    11    306 
   4   13    28    769 
   4   14    23    625 
   4   15    23    632 
   4   16    17    464 
   4   17    14    379 
   4   18    13    373 
   4   19    15    430 
   4   20    14    396 
   4   21    14    394 
   4   22    21    568 
   4   23    12    342 
   4   24     9    268 
   4   25     8    243 
   4   26    13    374 
   4   27    21    570 
   4   28    19    518 
   4   29    15    416 
   4   30    17    481 
   4   31    28    763 
   4   32    20    551 
   4   33    25    679 
   4   34    20    561 
   4   35    12    343 
   4   36    10    277 
   4   37    28    765 
   4   38    23    645 
   4   39    21    590 
   5    0    19    538 
   5    1    23    629 
   5    2    19    522 
   5    3    15    429 
   5    4    25    697 
   5    5    10    295 
   5    6     8    230 
   5    7    10    282 
   5    8    12    347 
   5    9    26    713 
   5   10    22    603 
   5   11     9    252 
   5   12    13    353 
   5   13    24    660 
   5   14    26    709 
   5   15    18    512 
   5   16     7    208 
   5   17     8    233 
   5   18    19    528 
   5   19    14    393 
   5   20    20    557 
   5   21    18    492 
   5   22    28    783 
   5   23     8    239 
   5   24    25    679 
   5   25    23    648 
   5   26     9    255 
   5   27    23    635 
   5   28    25    692 
   5   29    10    284 
   5   30    17    482 
   5   31     9    264 
   5   32    16    437 
   5   33    21    577 
   5   34    16    443 
   5   35    11    306 
   5   36    19    515 
   5   37    27    734 
   5   38    15    420 
   5   39    18    511 
   6    0    29    791 
   6    1     8    229 
   6    2    26    711 
   6    3    11    306 
   6    4    11    310 
   6    5    10    274 
   6    6    19    526 
   6    7    15    407 
   6    8    19    536 
   6    9    25    681 
   6   10    27    738 
   6   11    20    558 
   6   12    21    589 
   6   13    26    718 
   6   14    20    558 
   6   15    12    326 
   6   16     7    216 
   6   17    20    555 
   6   18    16    449 
   6   19     8    224 
   6   20     8    223 
   6   21    24    649 
   6   22    29    796 
   6   23    23    625 
   6   24    14    391 
   6   25    18    511 
   6   26     9    261 
   6   27    27    738 
   6   28    15    415 
   6   29    28    765 
   6   30    25    700 
   6   31    17    467 
   6   32    21    576 
   6   33    20    565 
   6   34    14    395 
   6   35    13    356 
   6   36    18    489 
   6   37    26    729 
   6   38    14    379 
   6   39    29    786 
   7    0     8    219 
   7    1     8    233 
   7    2    15    407 
   7    3    18    499 
   7    4    28    782 
   7    5    25    686 
   7    6     8    231 
   7    7    19    532 
   7    8    19    526 
   7    9    22    614 
   7   10    23    624 
   7   11    17    475 
   7   12     9    250 
   7   13    18    506 
   7   14    20    564 
   7   15    20    544 
   7   16    22    617 
   7   17    28    761 
   7   18    17    464 
   7   19    20    564 
   7   20    13    362 
   7   21    10    297 
   7   22     9    266 
   7   23    20    565 
   7   24    22    615 
   7   25    29    795 
   7   26    25    693 
   7   27    25    677 
   7   28    15    421 
   7   29    20    541 
   7   30    11    321 
   7   31    14    405 
   7   32    26    723 
   7   33    23    640 
   7   34    20    558 
   7   35    20    552 
   7   36    21    587 
   7   37    10    276 
   7   38    27    748 
   7   39    25    688 
   8    0    22    610 
   8    1    10    278 
   8    2    12    342 
   8    3    21    594 
   8    4     8    234 
   8    5    23    643 
   8    6    10    287 
   8    7    27    756 
   8    8    27    747 
   8    9    13    376 
   8   10    19    523 
   8   11    23    647 
   8   12    19    522 
   8   13    16    435 
   8   14    14    382 
   8   15    25    679 
   8   16    26    718 
   8   17    17    465 
   8   18    24    660 
   8   19    10    273 
   8   20    26    730 
   8   21    12    340 
   8   22    24    672 
   8   23    18    491 
   8   24    29    789 
   8   25    21    573 
   8   26    19    522 
   8   27    12    332 
   8   28     9    258 
   8   29    22    621 
   8   30    24    659 
   8   31    27    743 
   8   32    15    429 
   8   33    24    671 
   8   34    20    556 
   8   35    22    612 
   8   36    16    442 
   8   37    22    617 
   8   38    15    417 
   8   39    10    284 
   9    0    19    514 
   9    1    22    596 
   9    2     9    257 
   9    3    22    609 
   9    4    11    323 
   9    5    29    796 
   9    6    27    750 
   9    7    19    517 
   9    8    25    682 
   9    9    28    761 
   9   10    13    377 
   9   11     8    223 
   9   12    26    721 
   9   13    27    753 
   9   14    18    501 
   9   15     9    269 
   9   16    16    458 
   9   17    11    316 
   9   18    25    682 
   9   19    12    328 
   9   20     9    250 
   9   21    15    421 
   9   22    21    585 
   9   23    15    420 
   9   24    10    275 
   9   25    14    381 
   9   26    17    473 
   9   27    18    491 
   9   28    27    738 
   9   29    11    323 
   9   30    27    756 
   9   31    12    331 
   9   32     8    239 
   9   33    28    779 
   9   34    10    271 
   9   35     9    262 
   9   36    23    647 
   9   37    14    392 
   9   38    18    503 
   9   39    15    422 
  10    0    25    693 
  10    1    13    363 
  10    2    11    320 
  10    3    22    601 
  10    4    18    505 
  10    5    11    318 
  10    6    25    685 
  10    7    20    541 
  10    8    25    700 
  10    9    12    338 
  10   10    12    327 
  10   11    12    332 
  10   12    22    617 
  10   13     8    231 
  10   14     7    206 
  10   15    16    449 
  10   16    17    484 
  10   17    19    527 
  10   18    12    349 
  10   19    27    752 
  10   20    21    586 
  10   21     9    258 
  10   22    29    799 
  10   23    15    415 
  10   24    23    629 
  10   25    25    700 
  10   26    12    339 
  10   27    12    325 
  10   28    26    721 
  10   29    24    667 
  10   30    18    500 
  10   31    10    278 
  10   32    24    663 
  10   33    28    769 
  10   34     7    212 
  10   35     8    236 
  10   36    14    391 
  10   37    21    572 
  10   38    19    539 
  10   39    13    373 
  11    0    26    730 
  11    1    24    660 
  11    2    24    657 
  11    3    15    414 
  11    4    26    703 
  11    5     9    262 
  11    6    25    702 
  11    7    14    392 
  11    8     9    261 
  11    9    11    322 
  11   10    21    578 
  11   11    23    624 
  11   12    20    542 
  11   13    11    312 
  11   14    12    335 
  11   15    25    689 
  11   16    23    633 
  11   17    23    630 
  11   18    26    713 
  11   19    17    475 
  11   20    22    601 
  11   21    13    368 
  11   22    25    696 
  11   23    10    296 
  11   24     9    265 
  11   25    13    366 
  11   26     7    201 
  11   27    21    583 
  11   28    10    289 
  11   29    14    389 
  11   30    20    558 
  11   31    27    749 
  11   32    26    718 
  11   33     9    259 
  11   34    22    606 
  11   35     8    233 
  11   36    12    334 
  11   37    28    779 
  11   38    17    485 
  11   39     8    243 
  12    0    12    344 
  12    1    23    622 
  12    2    27    746 
  12    3    18    495 
  12    4    28    759 
  12    5    14    403 
  12    6    10    279 
  12    7    18    510 
  12    8    15    416 
  12    9    24    651 
  12   10     7    210 
  12   11    24    668 
  12   12    19    517 
  12   13    22    620 
  12   14    26    706 
  12   15    19    515 
  12   16    25    701 
  12   17    26    704 
  12   18    20    542 
  12   19    23    624 
  12   20    22    596 
  12   21    15    416 
  12   22    23    641 
  12   23    23    624 
  12   24    10    281 
  12   25    14    380 
  12   26    27    731 
  12   27    22    611 
  12   28    28    770 
  12   29     8    242 
  12   30    24    664 
  12   31    13    373 
  12   32    11    313 
  12   33    23    635 
  12   34    10    290 
  12   35    12    347 
  12   36    14    390 
  12   37    28    760 
  12   38    24    663 
  12   39    20    551 
  13    0    19    531 
  13    1    16    455 
  13    2    18    500 
  13    3    29    790 
  13    4    22    614 
  13    5     8    222 
  13    6    15    414 
  13    7    26    721 
  13    8     8    243 
  13    9    28    766 
  13   10    15    426 
  13   11    29    791 
  13   12    15    424 
  13   13    27    750 
  13   14    22    613 
  13   15     9    249 
  13   16     9    252 
  13   17    23    624 
  13   18    18    498 
  13   19    17    474 
  13   20    16    439 
  13   21    14    397 
  13   22     7    209 
  13   23    22    616 
  13   24    26    708 
  13   25    24    666 
  13   26     9    244 
  13   27    27    748 
  13   28    21    592 
  13   29    15    407 
  13   30     9    244 
  13   31    23    638 
  13   32    24    659 
  13   33    17    465 
  13   34    14    385 
  13   35    12    347 
  13   36    11    320 
  13   37    11    321 
  13   38    10    282 
  13   39     8    220 
  14    0    18    496 
  14    1    22    608 
  14    2    23    640 
  14    3    19    535 
  14    4    20    545 
  14    5    21    574 
  14    6    21    593 
  14    7     8    222 
  14    8    13    361 
  14    9    16    456 
  14   10    15    423 
  14   11    19    536 
  14   12    13    374 
  14   13    23    644 
  14   14    29    788 
  14   15    11    320 
  14   16    11    307 
  14   17    19    519 
  14   18    21    575 
  14   19    24    657 
  14   20    10    292 
  14   21    17    486 
  14   22    29    789 
  14   23    13    367 
  14   24    19    526 
  14   25    13    367 
  14   26     9    267 
  14   27    21    582 
  14   28    17    469 
  14   29    22    600 
  14   30    27    753 
  14   31    28    782 
  14   32    14    392 
  14   33    27    754 
  14   34    12    333 
  14   35    17    466 
  14   36    29    785 
  14   37    21    581 
  14   38    25    678 
  14   39    24    659 
  15    0    13    355 
  15    1    24    673 
  15    2    19    529 
  15    3    17    477 
  15    4    22    608 
  15    5    12    350 
  15    6    26    703 
  15    7    14    386 
  15    8    23    626 
  15    9    18    497 
  15   10    28    760 
  15   11    29    796 
  15   12    27    735 
  15   13    23    644 
  15   14    15    410 
  15   15    12    344 
  15   16    18    500 
  15   17    22    607 
  15   18    25    679 
  15   19    21    579 
  15   20    10    293 
  15   21    28    766 
  15   22    15    417 
  15   23    12    349 
  15   24    28    764 
  15   25    13    367 
  15   26    19    537 
  15   27    18    503 
  15   28     7    203 
  15   29     9    263 
  15   30    23    629 
  15   31    20    562 
  15   32    23    626 
  15   33    28    767 
  15   34    23    635 
  15   35    10    275 
  15   36    16    457 
  15   37    26    710 
  15   38    24    665 
  15   39    11    317 
  16    0     9    247 
  16    1    28    767 
  16    2    16    437 
  16    3    11    305 
  16    4    13    362 
  16    5     8    242 
  16    6    19    518 
  16    7    24    661 
  16    8    26    710 
  16    9    22    607 
  16   10    17    466 
  16   11    10    271 
  16   12    15    424 
  16   13    29    786 
  16   14    10    276 
  16   15    10    297 
  16   16    23    632 
  16   17    11    307 
  16   18    23    646 
  16   19    19    523 
  16   20    19    514 
  16   21    24    652 
  16   22    17    475 
  16   23    29    800 
  16   24    26    722 
  16   25    14    381 
  16   26    26    725 
  16   27    14    392 
  16   28    13    356 
  16   29     8    228 
  16   30    26    708 
  16   31    11    305 
  16   32    17    485 
  16   33    27    739 
  16   34     7    216 
  16   35    13    372 
  16   36     8    219 
  16   37    16    441 
  16   38    24    674 
  16   39    21    586 
  17    0    26    724 
  17    1     7    207 
  17    2    15    407 
  17    3    14    386 
  17    4    27    756 
  17    5    26    705 
  17    6    24    654 
  17    7    19    523 
  17    8    10    289 
  17    9    12    336 
  17   10    15    422 
  17   11    22    595 
  17   12    21    578 
  17   13    12    347 
  17   14     8    222 
  17   15    19    529 
  17   16    20    549 
  17   17     7    205 
  17   18    21    573 
  17   19    13    360 
  17   20    23    627 
  17   21    16    437 
  17   22    21    587 
  17   23    22    606 
  17   24    11    322 
  17   25    10    290 
  17   26    20    554 
  17   27    22    604 
  17   28    12    325 
  17   29    12    336 
  17   30    27    731 
  17   31    25    680 
  17   32    17    472 
  17   33    13    369 
  17   34    29    791 
  17   35    26    722 
  17   36    20    550 
  17   37    18    512 
  17   38    25    681 
  17   39    27    754 
  18    0    25    700 
  18    1    27    735 
  18    2    26    704 
  18    3    17    462 
  18    4    25    684 
  18    5    26    716 
  18    6    27    745 
  18    7    18    512 
  18    8    23    631 
  18    9    29    793 
  18   10    14    382 
  18   11    19    530 
  18   12    21    589 
  18   13    27    751 
  18   14    10    294 
  18   15    14    392 
  18   16    20    563 
  18   17    12    343 
  18   18     8    243 
  18   19    19    538 
  18   20    22    610 
  18   21    18    512 
  18   22    18    493 
  18   23    13    363 
  18   24    29    785 
  18   25    23    643 
  18   26     8    241 
  18   27    25    697 
  18   28    14    387 
  18   29     9    248 
  18   30    13    353 
  18   31    28    781 
  18   32    26    730 
  18   33    14    400 
  18   34    22    612 
  18   35    14    401 
  18   36    15    408 
  18   37    14    383 
  18   38    28    780 
  18   39    24    658 
  19    0    23    648 
  19    1    16    453 
  19    2    29    799 
  19    3    10    275 
  19    4    12    336 
  19    5    21    581 
  19    6    15    430 
  19    7    14    385 
  19    8     9    250 
  19    9    29    797 
  19   10     9    245 
  19   11    10    276 
  19   12    22    607 
  19   13    24    660 
  19   14    23    633 
  19   15    12    348 
  19   16    18    506 
  19   17    18    497 
  19   18     7    206 
  19   19     9    264 
  19   20    29    789 
  19   21    20    552 
  19   22     9    245 
  19   23    17    483 
  19   24     8    230 
  19   25     7    210 
  19   26    11    315 
  19   27    11    309 
  19   28    16    439 
  19   29    25    684 
  19   30     9    270 
  19   31    14    394 
  19   32    24    665 
  19   33    25    678 
  19   34    27    756 
  19   35    16    442 
  19   36    18    507 
  19   37    10    280 
  19   38    23    631 
  19   39     8    223 
  20    0    22    617 
  20    1    29    794 
  20    2    18    512 
  20    3    15    425 
  20    4    12    337 
  20    5    17    472 
  20    6    23    626 
  20    7    21    577 
  20    8    21    582 
  20    9    27    732 
  20   10    27    754 
  20   11    18    509 
  20   12    13    365 
  20   13     9    260 
  20   14    21    572 
  20   15    15    431 
  20   16    10    271 
  20   17    10    287 
  20   18    14    380 
  20   19    11    301 
  20   20    26    729 
  20   21    22    606 
  20   22    22    600 
  20   23    15    409 
  20   24    15    424 
  20   25    25    688 
  20   26    20    545 
  20   27    20    553 
  20   28    25    683 
  20   29    18    513 
  20   30     8    227 
  20   31    18    496 
  20   32     8    221 
  20   33     9    258 
  20   34    17    476 
  20   35    12    348 
  20   36    22    621 
  20   37    10    292 
  20   38    29    789 
  20   39    26    715 
  21    0     7    202 
  21    1    18    500 
  21    2     8    234 
  21    3    13    362 
  21    4    23    640 
  21    5    23    636 
  21    6    12    351 
  21    7    24    659 
  21    8    17    476 
  21    9    23    644 
  21   10    12    333 
  21   11    28    767 
  21   12    20    566 
  21   13    11    308 
  21   14    27    731 
  21   15    10    285 
  21   16    25    677 
  21   17    17    482 
  21   18     9    255 
  21   19    16    435 
  21   20    14    387 
  21   21    27    738 
  21   22    11    302 
  21   23    26    707 
  21   24    23    642 
  21   25    17    470 
  21   26    21    592 
  21   27    19    520 
  21   28    13    364 
  21   29    26    721 
  21   30    19    528 
  21   31     8    228 
  21   32    27    743 
  21   33    12    337 
  21   34    29    789 
  21   35    17    463 
  21   36    10    282 
  21   37    19    538 
  21   38    24    670 
  21   39    26    715 
  22    0     8    229 
  22    1    18    510 
  22    2    24    672 
  22    3    19    515 
  22    4    21    591 
  22    5     9    260 
  22    6     7    203 
  22    7    22    603 
  22    8    14    394 
  22    9    18    504 
  22   10    25    686 
  22   11    25    679 
  22   12     8    230 
  22   13    25    700 
  22   14    15    429 
  22   15    15    423 
  22   16    19    526 
  22   17    16    435 
  22   18     9    251 
  22   19    28    773 
  22   20    29    792 
  22   21    22    612 
  22   22    14    405 
  22   23    18    504 
  22   24    10    280 
  22   25    22    619 
  22   26    16    439 
  22   27     8    235 
  22   28    12    331 
  22   29    12    338 
  22   30    17    477 
  22   31     7    211 
  22   32    16    443 
  22   33    18    497 
  22   34     9    254 
  22   35    24    661 
  22   36    28    782 
  22   37    24    673 
  22   38    23    624 
  22   39    18    496 
  23    0    25    702 
  23    1    18    491 
  23    2    26    710 
  23    3    13    376 
  23    4    25    686 
  23    5    29    799 
  23    6    16    448 
  23    7    18    503 
  23    8    14    393 
  23    9     9    254 
  23   10    17    467 
  23   11     8    242 
  23   12    22    611 
  23   13    11    301 
  23   14    14    386 
  23   15    10    274 
  23   16    20    565 
  23   17    25    678 
  23   18    11    317 
  23   19    17    470 
  23   20    16    458 
  23   21    27    747 
  23   22    18    504 
  23   23    24    653 
  23   24    11    303 
  23   25    17    484 
  23   26    16    448 
  23   27    17    479 
  23   28    25    690 
  23   29    19    523 
  23   30     9    264 
  23   31    15    412 
  23   32    12    345 
  23   33    10    281 
  23   34    16    455 
  23   35    21    584 
  23   36    24    651 
  23   37     8    227 
  23   38    17    467 
  23   39    15    408 
  24    0    28    780 
  24    1    17    472 
  24    2     9    248 
  24    3    15    430 
  24    4     9    244 
  24    5    16    439 
  24    6    13    361 
  24    7    16    450 
  24    8    14    389 
  24    9    12    338 
  24   10     7    202 
  24   11    27    745 
  24   12    20    562 
  24   13    22    616 
  24   14    19    519 
  24   15    23    630 
  24   16     7    209 
  24   17    29    792 
  24   18    13    356 
  24   19    25    692 
  24   20    14    384 
  24   21    23    644 
  24   22    13    376 
  24   23     9    266 
  24   24    20    565 
  24   25    19    522 
  24   26     7    214 
  24   27     9    259 
  24   28    27    740 
  24   29     9    268 
  24   30    21    568 
  24   31    20    548 
  24   32    27    752 
  24   33    11    299 
  24   34    20    567 
  24   35    13    366 
  24   36     9    264 
  24   37    29    786 
  24   38     8    228 
  24   39    21    572 
  25    0    14    390 
  25    1    16    442 
  25    2    10    297 
  25    3     9    257 
  25    4    15    429 
  25    5    25    680 
  25    6    11    322 
  25    7    11    311 
  25    8    11    322 
  25    9    26    721 
  25   10    24    653 
  25   11    16    441 
  25   12    14    391 
  25   13    11    324 
  25   14    25    702 
  25   15    13    371 
  25   16    18    508 
  25   17    18    500 
  25   18    25    702 
  25   19    13    353 
  25   20    19    537 
  25   21    15    424 
  25   22     8    217 
  25   23     9    250 
  25   24    24    675 
  25   25    11    302 
  25   26    24    675 
  25   27    29    790 
  25   28    10    294 
  25   29     7    212 
  25   30    27    750 
  25   31    18    504 
  25   32    24    649 
  25   33    19    525 
  25   34    11    314 
  25   35    19    538 
  25   36    24    674 
  25   37    26    729 
  25   38     8    240 
  25   39    19    530 
  26    0     9    270 
  26    1    11    303 
  26    2    26    710 
  26    3    10    287 
  26    4    10    292 
  26    5    26    705 
  26    6    11    309 
  26    7    18    507 
  26    8    10    276 
  26    9    21    573 
  26   10    23    624 
  26   11     9    263 
  26   12    26    718 
  26   13    19    539 
  26   14    11    316 
  26   15    26    704 
  26   16    11    301 
  26   17    11    315 
  26   18    21    588 
  26   19    11    310 
  26   20    15    419 
  26   21    22    617 
  26   22    20    554 
  26   23    20    566 
  26   24    26    718 
  26   25     9    249 
  26   26    24    674 
  26   27    12    337 
  26   28    20    543 
  26   29    22    605 
  26   30    21    581 
  26   31    17    460 
  26   32    21    587 
  26   33    12    349 
  26   34    20    560 
  26   35    16    439 
  26   36    15    416 
  26   37    19    526 
  26   38    14    388 
  26   39    20    542 
  27    0    13    357 
  27    1    12    338 
  27    2    24    656 
  27    3     7    205 
  27    4    13    356 
  27    5    14    399 
  27    6    21    573 
  27    7    29    790 
  27    8    14    398 
  27    9    22    613 
  27   10    14    405 
  27   11    16    446 
  27   12    12    351 
  27   13     9    265 
  27   14    23    648 
  27   15    18    487 
  27   16    16    450 
  27   17    24    663 
  27   18    28    758 
  27   19    28    764 
  27   20    27    740 
  27   21    26    721 
  27   22    27    739 
  27   23    18    513 
  27   24    14    388 
  27   25    23    625 
  27   26    14    394 
  27   27    17    463 
  27   28    14    405 
  27   29    11    323 
  27   30    20    565 
  27   31    16    459 
  27   32    11    313 
  27   33    28    776 
  27   34    12    349 
  27   35    24    670 
  27   36    20    555 
  27   37    17    473 
  27   38    13    362 
  27   39    25    678 
  28    0     7    208 
  28    1    16    453 
  28    2    24    674 
  28    3    20    561 
  28    4    21    577 
  28    5    17    479 
  28    6    18    505 
  28    7    27    742 
  28    8    13    373 
  28    9    20    563 
  28   10    12    345 
  28   11    27    749 
  28   12    12    337 
  28   13    11    316 
  28   14    13    353 
  28   15    10    277 
  28   16    22    611 
  28   17    16    453 
  28   18     7    200 
  28   19    15    406 
  28   20    26    703 
  28   21    12    346 
  28   22    28    758 
  28   23    21    568 
  28   24    15    408 
  28   25    11    305 
  28   26    22    595 
  28   27    19    540 
  28   28    29    791 
  28   29    22    596 
  28   30     8    237 
  28   31    11    312 
  28   32    20    557 
  28   33    27    736 
  28   34    20    562 
  28   35    20    553 
  28   36     9    269 
  28   37    27    749 
  28   38    17    463 
  28   39    12    351 
  29    0    17    485 
  29    1    26    706 
  29    2    19    523 
  29    3    23    642 
  29    4    15    413 
  29    5    16    453 
  29    6    21    579 
  29    7    25    683 
  29    8    28    773 
  29    9    19    536 
  29   10    26    704 
  29   11    11    302 
  29   12    27    753 
  29   13    21    582 
  29   14    20    552 
  29   15    14    405 
  29   16    24    660 
  29   17    19    529 
  29   18    22    617 
  29   19    16    458 
  29   20    26    711 
  29   21    11    317 
  29   22    25    676 
  29   23    23    645 
  29   24    20    543 
  29   25    15    424 
  29   26    19    522 
  29   27     9    251 
  29   28    23    631 
  29   29    22    617 
  29   30    20    555 
  29   31    20    543 
  29   32    28    771 
  29   33     7    200 
  29   34    26    715 
  29   35    28    778 
  29   36    16    445 
  29   37    25    680 
  29   38    14    383 
  29   39    10    272 
  30    0    15    409 
  30    1    29    790 
  30    2    12    336 
  30    3    25    693 
  30    4    28    774 
  30    5    14    388 
  30    6    14    397 
  30    7    29    800 
  30    8    17    478 
  30    9    17    464 
  30   10    23    636 
  30   11    25    687 
  30   12    18    508 
  30   13    15    411 
  30   14    26    703 
  30   15    21    574 
  30   16    16    452 
  30   17    16    443 
  30   18    10    280 
  30   19    22    620 
  30   20    23    634 
  30   21    17    484 
  30   22    28    761 
  30   23     7    203 
  30   24    15    430 
  30   25    27    738 
  30   26    29    793 
  30   27    17    460 
  30   28    14    395 
  30   29    21    569 
  30   30     9    254 
  30   31    26    728 
  30   32    11    301 
  30   33    27    741 
  30   34    14    379 
  30   35    20    563 
  30   36    22    609 
  30   37    23    634 
  30   38    15    410 
  30   39    19    526 
  31    0    21    568 
  31    1    19    536 
  31    2    26    724 
  31    3     8    222 
  31    4     9    258 
  31    5    27    736 
  31    6    16    440 
  31    7    11    313 
  31    8    24    672 
  31    9    24    668 
  31   10    10    274 
  31   11    16    442 
  31   12    24    655 
  31   13     7    201 
  31   14    16    444 
  31   15    27    741 
  31   16    16    451 
  31   17    19    538 
  31   18    14    396 
  31   19    17    465 
  31   20    26    717 
  31   21    22    604 
  31   22    23    632 
  31   23    17    484 
  31   24    25    698 
  31   25    23    643 
  31   26    15    424 
  31   27    11    320 
  31   28    10    278 
  31   29    16    442 
  31   30    26    713 
  31   31    20    567 
  31   32    28    768 
  31   33    15    411 
  31   34    16    457 
  31   35    15    420 
  31   36    18    502 
  31   37    21    573 
  31   38    23    645 
  31   39    16    457 
  32    0    14    403 
  32    1    20    555 
  32    2    15    422 
  32    3    21    574 
  32    4    14    384 
  32    5     8    220 
  32    6    27    747 
  32    7    11    308 
  32    8    14    405 
  32    9    26    714 
  32   10     8    243 
  32   11    22    613 
  32   12    22    601 
  32   13    13    355 
  32   14    27    733 
  32   15    28    778 
  32   16    14    380 
  32   17    22    618 
  32   18    16    456 
  32   19    12    329 
  32   20    11    316 
  32   21    26    704 
  32   22    27    751 
  32   23    29    793 
  32   24    13    358 
  32   25    29    798 
  32   26    16    437 
  32   27    15    428 
  32   28     7    203 
  32   29    26    720 
  32   30    29    797 
  32   31    16    459 
  32   32    25    692 
  32   33    22    605 
  32   34     7    203 
  32   35    21    579 
  32   36    22    597 
  32   37    14    389 
  32   38    24    674 
  32   39    28    780 
  33    0    29    798 
  33    1    26    708 
  33    2     8    218 
  33    3    23    634 
  33    4    21    586 
  33    5    23    642 
  33    6    13    355 
  33    7     8    221 
  33    8    21    574 
  33    9    24    655 
  33   10    11    311 
  33   11    20    551 
  33   12    20    541 
  33   13    18    510 
  33   14    10    290 
  33   15    19    535 
  33   16    17    465 
  33   17    18    498 
  33   18    18    488 
  33   19     9    269 
  33   20    12    329 
  33   21    17    480 
  33   22    14    383 
  33   23     7    205 
  33   24    21    570 
  33   25    20    558 
  33   26    15    408 
  33   27     8    237 
  33   28    16    445 
  33   29    21    581 
  33   30    25    699 
  33   31    18    488 
  33   32    13    374 
  33   33    27    744 
  33   34    13    370 
  33   35    29    789 
  33   36    19    527 
  33   37    27    743 
  33   38    27    735 
  33   39    19    520 
  34    0    17    462 
  34    1    10    273 
  34    2    20    560 
  34    3    22    618 
  34    4    24    662 
  34    5     7    203 
  34    6     8    224 
  34    7    28    758 
  34    8    28    772 
  34    9    20    556 
  34   10    20    541 
  34   11    29    785 
  34   12     9    245 
  34   13    13    359 
  34   14    23    644 
  34   15    18    503 
  34   16     9    257 
  34   17    13    363 
  34   18    28    764 
  34   19    19    521 
  34   20    29    792 
  34   21    24    667 
  34   22    24    673 
  34   23    20    545 
  34   24    13    353 
  34   25    21    573 
  34   26     9    254 
  34   27    25    700 
  34   28    29    791 
  34   29    21    588 
  34   30    26    714 
  34   31    16    438 
  34   32    17    469 
  34   33    26    712 
  34   34    24    656 
  34   35    25    694 
  34   36    11    299 
  34   37    15    410 
  34   38    19    537 
  34   39    12    346 
  35    0    14    402 
  35    1    24    658 
  35    2    14    379 
  35    3    23    635 
  35    4    14    381 
  35    5    10    286 
  35    6    14    395 
  35    7    18    503 
  35    8    24    673 
  35    9    14    383 
  35   10    29    788 
  35   11    28    764 
  35   12    12    330 
  35   13     8    228 
  35   14    26    712 
  35   15    13    378 
  35   16    16    456 
  35   17    16    441 
  35   18    16    451 
  35   19     7    207 
  35   20    26    718 
  35   21    26    706 
  35   22    10    285 
  35   23    13    372 
  35   24    17    467 
  35   25    10    284 
  35   26    18    500 
  35   27     9    252 
  35   28    28    762 
  35   29    20    557 
  35   30    22    617 
  35   31    27    732 
  35   32    12    329 
  35   33    14    384 
  35   34    18    490 
  35   35     8    241 
  35   36    29    791 
  35   37    17    474 
  35   38     8    235 
  35   39    11    307 
  36    0    24    665 
  36    1    20    565 
  36    2    27    740 
  36    3    10    288 
  36    4    21    586 
  36    5    13    362 
  36    6    23    625 
  36    7    25    680 
  36    8    18    502 
  36    9    27    752 
  36   10    16    447 
  36   11    21    573 
  36   12    28    764 
  36   13    26    708 
  36   14    12    337 
  36   15    16    442 
  36   16    13    368 
  36   17    20    541 
  36   18    15    419 
  36   19    19    525 
  36   20    10    273 
  36   21    14    405 
  36   22    24    667 
  36   23    24    665 
  36   24    13    365 
  36   25    23    644 
  36   26    10    274 
  36   27    19    533 
  36   28     8    242 
  36   29    10    276 
  36   30    14    399 
  36   31    26    705 
  36   32    22    613 
  36   33    15    406 
  36   34    15    409 
  36   35    16    436 
  36   36    12    337 
  36   37    24    672 
  36   38    28    775 
  36   39    26    716 
  37    0    12    327 
  37    1    20    545 
  37    2    28    781 
  37    3    12    330 
  37    4    24    671 
  37    5     9    260 
  37    6     8    220 
  37    7    11    309 
  37    8    16    446 
  37    9    28    758 
  37   10     8    243 
  37   11     9    250 
  37   12    19    517 
  37   13    22    604 
  37   14    10    294 
  37   15     8    241 
  37   16    13    370 
  37   17    26    726 
  37   18    17    467 
  37   19    11    309 
  37   20    12    339 
  37   21    19    528 
  37   22     8    242 
  37   23    28    778 
  37   24    24    654 
  37   25    28    763 
  37   26    21    587 
  37   27    25    682 
  37   28    12    340 
  37   29    17    475 
  37   30    10    274 
  37   31    28    758 
  37   32    15    412 
  37   33     8    219 
  37   34    21    584 
  37   35    10    294 
  37   36    24    669 
  37   37    18    511 
  37   38    26    728 
  37   39    11    299 
  38    0    15    415 
  38    1    13    368 
  38    2     8    230 
  38    3     8    239 
  38    4    26    717 
  38    5    12    339 
  38    6    21    572 
  38    7     8    220 
  38    8    10    272 
  38    9    24    650 
  38   10    15    425 
  38   11    13    365 
  38   12     9    252 
  38   13    22    605 
  38   14    20    558 
  38   15    10    296 
  38   16    25    683 
  38   17     8    243 
  38   18    14    394 
  38   19    16    434 
  38   20    23    635 
  38   21    21    574 
  38   22    24    670 
  38   23    19    538 
  38   24    14    395 
  38   25    24    668 
  38   26    23    638 
  38   27    13    378 
  38   28    22    615 
  38   29    19    521 
  38   30    10    279 
  38   31    18    488 
  38   32    11    320 
  38   33    28    758 
  38   34    28    772 
  38   35    22    610 
  38   36    20    557 
  38   37     9    254 
  38   38    16    438 
  38   39    18    511 
  39    0    22    618 
  39    1    23    641 
  39    2     8    240 
  39    3    19    540 
  39    4     7    210 
  39    5    27    740 
  39    6    23    633 
  39    7    10    293 
  39    8    23    636 
  39    9    23    640 
  39   10    21    577 
  39   11    19    520 
  39   12    21    576 
  39   13    22    621 
  39   14    26    720 
  39   15    18    507 
  39   16    20    556 
  39   17    18    509 
  39   18    22    607 
  39   19    24    663 
  39   20     8    227 
  39   21    20    548 
  39   22    18    513 
  39   23    28    780 
  39   24    10    280 
  39   25    18    495 
  39   26    10    280 
  39   27     7    212 
  39   28     8    236 
  39   29    28    761 
  39   30    12    325 
  39   31    20    565 
  39   32    18    509 
  39   33    16    454 
  39   34    13    374 
  39   35    23    634 
  39   36    23    646 
  39   37    23    644 
  39   38    21    591 
  39   39    26    719 
