 40
 40

   33
    4
   21
   10
   12
   34
   27
    9
   43
   31
   25
   12
    6
   38
   45
   28
   19
   35
   24
   47
   18
   10
   50
   25
   35
    6
    3
   29
   18
   37
   35
    6
   12
   38
   27
   41
   33
    7
   18
    7

   25
   46
   11
   18
   19
   18
    6
   29
   17
   35
   37
    3
   14
   10
    5
   24
   11
   38
   48
   37
   11
    8
   21
   32
   17
    4
   29
   45
   36
   40
   36
   20
   30
   12
   24
   45
   18
    8
   36
   35

   0    0    21    511 
   0    1    27    658 
   0    2    13    330 
   0    3    29    714 
   0    4    28    682 
   0    5    19    483 
   0    6    15    383 
   0    7    25    626 
   0    8    21    513 
   0    9    21    514 
   0   10    23    581 
   0   11    26    633 
   0   12    27    672 
   0   13    27    671 
   0   14    31    775 
   0   15    14    361 
   0   16    22    549 
   0   17    20    494 
   0   18    18    440 
   0   19    27    657 
   0   20    15    387 
   0   21    15    364 
   0   22    12    307 
   0   23    26    643 
   0   24    29    705 
   0   25    29    719 
   0   26    10    249 
   0   27    14    341 
   0   28    17    414 
   0   29    29    704 
   0   30    29    723 
   0   31    30    742 
   0   32    16    392 
   0   33    24    587 
   0   34    30    733 
   0   35    26    642 
   0   36    32    800 
   0   37    12    292 
   0   38    18    454 
   0   39    10    250 
   1    0    32    791 
   1    1    19    485 
   1    2    14    350 
   1    3    30    742 
   1    4    24    600 
   1    5    13    328 
   1    6    10    257 
   1    7    25    614 
   1    8    21    515 
   1    9    32    780 
   1   10    15    387 
   1   11    27    679 
   1   12    13    329 
   1   13    21    529 
   1   14    16    401 
   1   15    27    672 
   1   16    22    554 
   1   17    10    245 
   1   18    20    496 
   1   19    13    329 
   1   20    27    663 
   1   21    15    388 
   1   22    18    445 
   1   23    30    741 
   1   24    16    398 
   1   25    26    633 
   1   26    11    273 
   1   27    25    609 
   1   28    15    375 
   1   29    27    676 
   1   30    30    732 
   1   31    22    538 
   1   32    25    609 
   1   33    14    362 
   1   34    26    634 
   1   35    20    490 
   1   36    11    282 
   1   37    18    450 
   1   38    25    622 
   1   39    13    325 
   2    0    20    507 
   2    1    24    588 
   2    2    10    259 
   2    3    12    304 
   2    4    16    408 
   2    5    32    791 
   2    6    18    453 
   2    7     9    239 
   2    8    31    775 
   2    9    21    525 
   2   10    17    433 
   2   11    13    333 
   2   12    25    626 
   2   13    17    415 
   2   14    32    784 
   2   15    31    760 
   2   16    29    719 
   2   17    10    265 
   2   18    28    691 
   2   19    16    396 
   2   20    10    263 
   2   21    25    625 
   2   22    14    356 
   2   23    27    672 
   2   24    12    307 
   2   25    30    736 
   2   26    13    327 
   2   27    32    777 
   2   28    30    742 
   2   29    19    464 
   2   30    29    722 
   2   31    15    370 
   2   32    18    448 
   2   33    21    521 
   2   34    18    454 
   2   35    29    726 
   2   36    27    679 
   2   37    31    767 
   2   38    10    264 
   2   39    28    692 
   3    0    28    683 
   3    1    28    698 
   3    2    10    250 
   3    3    19    474 
   3    4    15    369 
   3    5    13    317 
   3    6    28    695 
   3    7    14    362 
   3    8    28    700 
   3    9    24    595 
   3   10     8    206 
   3   11     9    238 
   3   12    14    343 
   3   13    14    359 
   3   14    25    621 
   3   15    24    584 
   3   16     9    242 
   3   17     9    235 
   3   18    12    314 
   3   19    12    293 
   3   20    32    797 
   3   21    27    662 
   3   22    10    247 
   3   23    31    771 
   3   24    12    308 
   3   25    29    712 
   3   26    14    357 
   3   27    28    700 
   3   28    32    794 
   3   29    26    649 
   3   30    18    447 
   3   31    20    489 
   3   32     8    212 
   3   33    16    399 
   3   34    10    248 
   3   35    31    756 
   3   36    19    469 
   3   37    24    593 
   3   38    14    343 
   3   39    27    659 
   4    0    14    361 
   4    1    31    773 
   4    2    32    777 
   4    3    14    357 
   4    4    27    669 
   4    5    27    669 
   4    6    26    651 
   4    7     9    239 
   4    8    22    552 
   4    9    14    362 
   4   10    26    649 
   4   11    29    721 
   4   12    14    357 
   4   13     8    209 
   4   14    16    410 
   4   15    29    726 
   4   16    30    729 
   4   17    22    557 
   4   18    12    295 
   4   19    16    400 
   4   20    25    607 
   4   21    28    680 
   4   22    18    445 
   4   23    21    529 
   4   24    11    282 
   4   25    24    593 
   4   26    23    572 
   4   27    11    279 
   4   28    19    479 
   4   29    21    510 
   4   30    18    447 
   4   31    31    765 
   4   32    26    651 
   4   33    19    471 
   4   34    23    581 
   4   35    12    308 
   4   36    11    267 
   4   37    24    595 
   4   38    30    730 
   4   39    25    608 
   5    0    20    508 
   5    1    15    370 
   5    2    26    633 
   5    3    26    643 
   5    4    18    444 
   5    5    25    618 
   5    6    22    548 
   5    7    19    466 
   5    8    11    277 
   5    9     9    238 
   5   10    32    787 
   5   11     9    222 
   5   12    18    460 
   5   13    31    759 
   5   14     9    228 
   5   15    13    339 
   5   16    12    314 
   5   17    13    336 
   5   18    11    280 
   5   19    17    428 
   5   20    32    778 
   5   21    11    277 
   5   22     8    215 
   5   23    19    482 
   5   24    18    447 
   5   25    26    640 
   5   26    25    621 
   5   27    31    752 
   5   28    32    795 
   5   29    27    663 
   5   30    10    255 
   5   31    14    349 
   5   32    13    336 
   5   33    25    609 
   5   34    11    276 
   5   35    27    665 
   5   36    31    769 
   5   37    30    738 
   5   38    24    601 
   5   39    10    256 
   6    0    23    571 
   6    1    14    351 
   6    2    25    629 
   6    3     8    206 
   6    4    25    609 
   6    5    22    553 
   6    6    27    662 
   6    7    17    425 
   6    8    29    715 
   6    9    13    330 
   6   10    13    336 
   6   11    18    456 
   6   12    16    404 
   6   13    15    388 
   6   14    12    295 
   6   15    23    568 
   6   16    20    500 
   6   17    27    660 
   6   18     8    205 
   6   19    32    796 
   6   20    20    506 
   6   21    21    512 
   6   22    27    667 
   6   23    12    298 
   6   24    11    283 
   6   25    25    615 
   6   26    26    640 
   6   27    19    466 
   6   28    13    326 
   6   29    26    645 
   6   30    32    777 
   6   31    31    766 
   6   32    10    265 
   6   33    20    498 
   6   34    23    558 
   6   35    14    353 
   6   36    24    596 
   6   37    12    297 
   6   38    19    470 
   6   39    18    439 
   7    0    17    420 
   7    1    21    516 
   7    2    27    671 
   7    3    29    725 
   7    4    29    712 
   7    5    31    757 
   7    6    17    427 
   7    7    16    403 
   7    8    28    691 
   7    9    13    329 
   7   10    12    294 
   7   11    16    393 
   7   12     9    231 
   7   13    29    717 
   7   14    27    669 
   7   15    31    754 
   7   16    15    376 
   7   17    31    760 
   7   18    19    466 
   7   19    21    517 
   7   20    29    715 
   7   21    28    696 
   7   22    26    636 
   7   23    27    667 
   7   24    32    779 
   7   25    16    411 
   7   26    21    530 
   7   27    10    256 
   7   28    18    451 
   7   29    10    254 
   7   30    19    477 
   7   31    19    466 
   7   32    21    525 
   7   33    17    416 
   7   34    15    378 
   7   35    26    643 
   7   36    23    570 
   7   37    28    701 
   7   38    13    332 
   7   39    13    323 
   8    0    15    368 
   8    1    21    513 
   8    2    18    443 
   8    3    13    318 
   8    4    16    401 
   8    5    25    625 
   8    6    31    772 
   8    7    14    357 
   8    8    27    663 
   8    9    26    631 
   8   10    30    747 
   8   11    26    649 
   8   12    18    445 
   8   13    26    651 
   8   14    13    316 
   8   15    32    781 
   8   16    10    255 
   8   17    11    291 
   8   18    25    612 
   8   19    27    671 
   8   20    29    719 
   8   21    28    684 
   8   22    22    540 
   8   23    13    337 
   8   24    14    341 
   8   25    12    308 
   8   26     8    204 
   8   27    19    463 
   8   28    20    506 
   8   29    19    473 
   8   30    11    279 
   8   31    32    778 
   8   32    28    702 
   8   33    18    460 
   8   34    14    342 
   8   35    16    391 
   8   36    19    473 
   8   37    20    495 
   8   38    21    523 
   8   39    19    475 
   9    0    15    372 
   9    1    23    570 
   9    2    32    782 
   9    3    25    626 
   9    4    13    316 
   9    5    26    631 
   9    6    23    565 
   9    7    21    532 
   9    8     9    226 
   9    9     8    204 
   9   10    29    719 
   9   11    31    769 
   9   12    26    631 
   9   13    14    356 
   9   14    21    524 
   9   15    11    291 
   9   16    31    763 
   9   17    13    337 
   9   18    17    433 
   9   19    14    349 
   9   20    16    389 
   9   21    24    584 
   9   22    21    522 
   9   23    18    452 
   9   24    21    531 
   9   25    17    430 
   9   26    29    704 
   9   27    26    653 
   9   28    15    366 
   9   29    13    323 
   9   30    15    365 
   9   31    32    789 
   9   32    21    525 
   9   33     8    213 
   9   34    11    291 
   9   35    17    433 
   9   36    17    414 
   9   37    29    705 
   9   38    10    248 
   9   39    14    349 
  10    0    18    439 
  10    1    14    346 
  10    2    10    246 
  10    3    23    571 
  10    4    20    504 
  10    5    19    467 
  10    6    22    534 
  10    7    27    655 
  10    8    25    616 
  10    9    20    492 
  10   10    22    538 
  10   11    30    733 
  10   12     9    236 
  10   13    16    397 
  10   14    28    688 
  10   15    10    264 
  10   16    21    510 
  10   17    25    609 
  10   18    22    550 
  10   19    32    789 
  10   20    21    511 
  10   21    29    707 
  10   22    28    691 
  10   23    31    754 
  10   24    31    753 
  10   25    21    526 
  10   26    26    651 
  10   27    25    614 
  10   28    17    425 
  10   29    27    676 
  10   30    13    331 
  10   31    28    698 
  10   32    15    371 
  10   33    21    523 
  10   34    22    555 
  10   35    12    315 
  10   36    11    285 
  10   37    16    411 
  10   38    26    653 
  10   39    25    615 
  11    0    23    572 
  11    1    25    626 
  11    2    30    734 
  11    3    30    729 
  11    4    11    289 
  11    5    31    761 
  11    6    15    385 
  11    7    12    306 
  11    8    32    794 
  11    9    15    365 
  11   10    22    552 
  11   11    29    705 
  11   12    12    314 
  11   13    29    723 
  11   14    28    700 
  11   15     8    206 
  11   16    27    677 
  11   17    22    539 
  11   18    24    598 
  11   19    17    419 
  11   20    22    550 
  11   21    15    375 
  11   22    22    555 
  11   23    27    671 
  11   24    19    485 
  11   25    14    352 
  11   26    16    400 
  11   27     8    203 
  11   28    28    696 
  11   29    32    782 
  11   30    15    368 
  11   31    26    653 
  11   32    18    456 
  11   33    19    463 
  11   34    30    742 
  11   35    14    350 
  11   36    16    393 
  11   37    31    774 
  11   38    27    663 
  11   39    30    734 
  12    0    13    326 
  12    1    32    794 
  12    2    10    260 
  12    3    11    268 
  12    4    13    324 
  12    5    16    390 
  12    6    29    717 
  12    7    24    584 
  12    8    12    303 
  12    9    14    355 
  12   10    22    550 
  12   11    10    258 
  12   12    23    564 
  12   13    21    517 
  12   14    25    613 
  12   15    12    313 
  12   16    15    373 
  12   17     9    233 
  12   18    32    787 
  12   19    27    655 
  12   20    10    253 
  12   21    29    706 
  12   22    25    609 
  12   23    18    451 
  12   24    17    428 
  12   25    18    454 
  12   26    18    446 
  12   27    15    377 
  12   28    24    593 
  12   29    28    680 
  12   30    31    774 
  12   31    24    593 
  12   32     9    235 
  12   33    16    400 
  12   34    11    280 
  12   35    31    765 
  12   36    27    660 
  12   37    13    325 
  12   38    19    471 
  12   39    28    700 
  13    0    23    569 
  13    1     9    228 
  13    2    29    718 
  13    3    30    735 
  13    4    18    440 
  13    5    13    329 
  13    6    20    489 
  13    7    15    385 
  13    8    11    272 
  13    9    29    723 
  13   10    28    686 
  13   11    20    506 
  13   12    15    368 
  13   13     8    201 
  13   14    31    767 
  13   15    27    667 
  13   16    28    689 
  13   17    27    661 
  13   18    15    385 
  13   19    28    691 
  13   20    19    481 
  13   21     8    200 
  13   22     9    235 
  13   23    10    245 
  13   24    32    779 
  13   25    24    590 
  13   26    17    434 
  13   27    28    699 
  13   28    17    417 
  13   29    10    254 
  13   30    23    559 
  13   31    26    632 
  13   32    15    367 
  13   33    23    570 
  13   34     9    221 
  13   35    14    351 
  13   36    27    669 
  13   37    10    261 
  13   38    18    438 
  13   39    21    510 
  14    0    19    463 
  14    1    18    443 
  14    2    19    461 
  14    3    26    645 
  14    4    10    247 
  14    5    32    795 
  14    6     9    241 
  14    7    21    510 
  14    8    13    336 
  14    9    14    355 
  14   10    15    374 
  14   11    18    449 
  14   12     8    215 
  14   13    20    490 
  14   14    13    320 
  14   15    28    690 
  14   16    18    460 
  14   17    20    491 
  14   18    15    369 
  14   19    13    337 
  14   20    29    718 
  14   21    21    532 
  14   22    26    643 
  14   23    11    286 
  14   24    29    723 
  14   25    30    744 
  14   26    17    433 
  14   27    32    779 
  14   28    29    714 
  14   29    31    765 
  14   30    27    662 
  14   31    29    715 
  14   32    28    697 
  14   33    10    258 
  14   34    10    243 
  14   35    16    402 
  14   36    21    526 
  14   37    17    435 
  14   38    31    757 
  14   39    21    533 
  15    0     9    235 
  15    1    20    508 
  15    2    13    338 
  15    3    11    285 
  15    4    29    704 
  15    5    28    695 
  15    6    32    791 
  15    7    26    642 
  15    8    10    252 
  15    9    25    617 
  15   10    29    727 
  15   11    31    765 
  15   12    31    771 
  15   13    11    279 
  15   14    27    677 
  15   15    21    521 
  15   16    13    331 
  15   17    24    585 
  15   18    17    428 
  15   19    27    672 
  15   20    22    550 
  15   21    32    797 
  15   22    18    457 
  15   23    32    777 
  15   24    30    743 
  15   25    25    617 
  15   26    25    612 
  15   27    21    531 
  15   28    20    502 
  15   29    14    360 
  15   30    19    470 
  15   31    17    435 
  15   32    31    773 
  15   33    28    703 
  15   34    24    597 
  15   35    18    453 
  15   36    15    367 
  15   37     8    214 
  15   38    31    763 
  15   39    27    679 
  16    0    10    259 
  16    1    29    721 
  16    2    21    512 
  16    3    24    599 
  16    4    24    585 
  16    5    31    760 
  16    6    22    539 
  16    7    31    767 
  16    8    12    303 
  16    9    16    393 
  16   10    12    310 
  16   11    28    680 
  16   12    14    357 
  16   13     9    232 
  16   14    12    298 
  16   15    24    588 
  16   16    29    725 
  16   17    11    290 
  16   18    31    769 
  16   19     9    228 
  16   20    11    271 
  16   21    14    344 
  16   22    30    751 
  16   23    12    296 
  16   24     9    238 
  16   25    30    732 
  16   26    30    745 
  16   27     9    223 
  16   28    22    540 
  16   29    23    567 
  16   30    22    557 
  16   31    25    609 
  16   32    12    315 
  16   33    30    738 
  16   34    13    324 
  16   35    20    506 
  16   36    15    373 
  16   37    22    546 
  16   38    17    429 
  16   39    23    575 
  17    0    25    624 
  17    1    12    313 
  17    2    12    314 
  17    3    21    526 
  17    4    19    485 
  17    5    30    742 
  17    6    25    613 
  17    7    29    705 
  17    8     8    213 
  17    9    14    349 
  17   10    25    626 
  17   11    16    399 
  17   12    18    445 
  17   13    31    760 
  17   14    23    572 
  17   15    12    310 
  17   16    11    281 
  17   17     9    228 
  17   18    17    433 
  17   19    25    629 
  17   20    12    302 
  17   21    11    290 
  17   22    30    735 
  17   23    10    249 
  17   24    26    639 
  17   25    31    757 
  17   26    24    587 
  17   27    31    769 
  17   28    21    519 
  17   29    25    610 
  17   30    20    497 
  17   31    18    445 
  17   32    29    718 
  17   33    14    354 
  17   34    31    759 
  17   35    29    724 
  17   36    12    314 
  17   37    17    418 
  17   38    13    322 
  17   39    24    601 
  18    0    13    337 
  18    1    20    504 
  18    2    21    517 
  18    3    17    422 
  18    4    25    608 
  18    5    32    777 
  18    6    27    662 
  18    7    17    422 
  18    8    32    794 
  18    9    19    467 
  18   10    15    388 
  18   11     8    208 
  18   12    32    793 
  18   13    26    635 
  18   14    14    348 
  18   15    19    476 
  18   16    22    552 
  18   17    16    397 
  18   18    14    343 
  18   19    17    434 
  18   20    29    721 
  18   21    29    720 
  18   22    23    560 
  18   23    29    705 
  18   24    14    344 
  18   25    28    682 
  18   26    26    639 
  18   27    23    578 
  18   28    11    283 
  18   29    27    670 
  18   30    28    697 
  18   31    28    698 
  18   32    19    466 
  18   33    25    620 
  18   34    24    597 
  18   35    32    780 
  18   36    11    285 
  18   37    19    476 
  18   38    22    552 
  18   39    15    377 
  19    0     9    224 
  19    1    20    505 
  19    2    10    246 
  19    3    31    774 
  19    4    13    319 
  19    5    18    450 
  19    6     8    201 
  19    7    29    712 
  19    8    26    648 
  19    9    28    684 
  19   10    11    288 
  19   11     9    223 
  19   12    24    591 
  19   13    28    698 
  19   14    29    727 
  19   15    21    521 
  19   16    21    530 
  19   17    30    732 
  19   18     9    231 
  19   19    19    467 
  19   20    30    746 
  19   21    20    502 
  19   22    11    273 
  19   23    12    307 
  19   24    25    614 
  19   25    17    430 
  19   26    11    271 
  19   27    28    692 
  19   28    26    637 
  19   29    23    566 
  19   30    25    615 
  19   31    12    301 
  19   32    14    354 
  19   33    18    440 
  19   34    26    638 
  19   35    18    442 
  19   36    26    653 
  19   37    28    697 
  19   38    19    479 
  19   39    18    444 
  20    0    16    390 
  20    1    27    658 
  20    2    11    284 
  20    3    23    563 
  20    4    20    489 
  20    5    12    310 
  20    6    18    457 
  20    7    15    376 
  20    8    21    522 
  20    9    28    691 
  20   10    22    548 
  20   11    18    448 
  20   12    19    482 
  20   13    29    715 
  20   14    24    597 
  20   15    27    660 
  20   16     9    241 
  20   17    30    736 
  20   18     9    226 
  20   19    10    246 
  20   20    27    676 
  20   21    22    551 
  20   22    24    600 
  20   23    29    722 
  20   24    13    320 
  20   25    22    552 
  20   26    10    243 
  20   27    22    553 
  20   28    21    531 
  20   29    10    246 
  20   30    18    456 
  20   31    20    502 
  20   32    17    433 
  20   33    30    742 
  20   34    15    382 
  20   35    11    268 
  20   36    30    743 
  20   37    24    600 
  20   38    16    392 
  20   39     8    213 
  21    0     9    235 
  21    1    12    304 
  21    2    25    624 
  21    3    19    481 
  21    4    20    507 
  21    5    26    652 
  21    6    31    762 
  21    7    25    619 
  21    8    26    651 
  21    9    27    667 
  21   10    28    686 
  21   11    25    616 
  21   12    19    476 
  21   13    10    247 
  21   14     9    237 
  21   15    17    427 
  21   16    20    505 
  21   17    27    675 
  21   18    10    252 
  21   19    25    629 
  21   20    26    639 
  21   21    28    682 
  21   22    10    248 
  21   23     9    240 
  21   24    13    328 
  21   25    25    625 
  21   26    28    690 
  21   27    21    517 
  21   28    24    600 
  21   29    19    468 
  21   30     9    236 
  21   31    28    697 
  21   32     9    230 
  21   33    27    669 
  21   34    21    515 
  21   35    20    488 
  21   36    11    289 
  21   37    10    250 
  21   38    17    417 
  21   39    15    366 
  22    0    20    502 
  22    1    30    735 
  22    2     8    207 
  22    3    21    529 
  22    4    25    627 
  22    5    15    383 
  22    6    17    435 
  22    7    28    698 
  22    8    18    445 
  22    9    31    770 
  22   10    20    502 
  22   11    14    363 
  22   12    15    375 
  22   13    12    299 
  22   14    10    262 
  22   15    26    643 
  22   16    10    245 
  22   17    18    441 
  22   18    11    275 
  22   19    24    593 
  22   20    31    761 
  22   21    14    357 
  22   22    24    589 
  22   23    16    409 
  22   24     9    223 
  22   25    27    665 
  22   26    15    388 
  22   27    25    609 
  22   28    27    672 
  22   29    26    650 
  22   30    30    728 
  22   31    18    460 
  22   32    12    298 
  22   33    17    432 
  22   34    18    458 
  22   35    19    476 
  22   36    16    401 
  22   37    19    483 
  22   38    22    541 
  22   39    20    503 
  23    0    25    612 
  23    1    16    409 
  23    2    24    600 
  23    3    14    344 
  23    4    21    513 
  23    5    16    390 
  23    6    11    285 
  23    7    14    354 
  23    8    17    422 
  23    9    32    789 
  23   10    29    719 
  23   11    25    625 
  23   12    12    301 
  23   13    29    704 
  23   14    32    799 
  23   15    32    794 
  23   16     9    237 
  23   17     8    212 
  23   18    10    258 
  23   19    26    631 
  23   20    24    584 
  23   21    12    296 
  23   22    15    387 
  23   23    14    349 
  23   24    24    590 
  23   25    22    553 
  23   26     9    240 
  23   27     9    227 
  23   28    19    476 
  23   29    17    413 
  23   30    20    508 
  23   31    29    704 
  23   32    25    630 
  23   33    32    777 
  23   34    25    628 
  23   35    31    758 
  23   36    23    566 
  23   37    19    473 
  23   38    27    656 
  23   39    21    511 
  24    0    21    517 
  24    1    25    623 
  24    2    30    733 
  24    3    16    390 
  24    4    12    299 
  24    5    18    458 
  24    6    19    482 
  24    7    26    640 
  24    8    27    677 
  24    9    12    303 
  24   10    10    248 
  24   11    10    247 
  24   12    27    670 
  24   13    27    665 
  24   14    32    781 
  24   15    18    457 
  24   16    31    768 
  24   17    12    298 
  24   18     9    240 
  24   19    30    739 
  24   20     9    242 
  24   21    25    607 
  24   22     9    240 
  24   23    29    708 
  24   24    31    772 
  24   25     9    239 
  24   26    31    752 
  24   27     9    232 
  24   28    20    508 
  24   29    14    350 
  24   30    20    490 
  24   31    21    512 
  24   32    22    542 
  24   33    10    253 
  24   34    25    628 
  24   35    32    797 
  24   36    21    516 
  24   37    15    369 
  24   38    30    747 
  24   39    24    602 
  25    0    32    791 
  25    1    11    279 
  25    2    11    277 
  25    3    12    313 
  25    4    23    574 
  25    5    21    512 
  25    6    23    558 
  25    7    15    385 
  25    8    23    581 
  25    9     9    226 
  25   10    17    419 
  25   11    19    472 
  25   12    30    749 
  25   13    26    639 
  25   14    22    537 
  25   15    14    354 
  25   16    30    750 
  25   17    14    345 
  25   18    28    698 
  25   19    13    332 
  25   20    21    514 
  25   21    31    762 
  25   22    28    685 
  25   23    32    787 
  25   24    12    297 
  25   25    31    771 
  25   26    23    563 
  25   27    10    261 
  25   28    26    631 
  25   29    25    607 
  25   30    11    280 
  25   31    23    564 
  25   32    32    787 
  25   33    21    527 
  25   34    17    429 
  25   35    30    728 
  25   36    16    402 
  25   37    18    450 
  25   38    18    460 
  25   39    17    423 
  26    0    17    424 
  26    1    30    737 
  26    2    21    532 
  26    3     9    224 
  26    4    11    274 
  26    5    15    366 
  26    6    27    660 
  26    7    30    747 
  26    8    13    324 
  26    9    14    345 
  26   10    23    563 
  26   11    31    755 
  26   12    27    674 
  26   13    26    648 
  26   14    11    290 
  26   15    12    314 
  26   16    18    457 
  26   17    29    709 
  26   18    20    491 
  26   19    31    760 
  26   20     8    206 
  26   21    31    772 
  26   22    28    696 
  26   23    31    761 
  26   24    10    259 
  26   25    29    727 
  26   26    11    291 
  26   27    15    383 
  26   28    32    799 
  26   29    18    458 
  26   30    11    271 
  26   31    15    378 
  26   32    17    419 
  26   33    23    579 
  26   34    18    445 
  26   35    18    437 
  26   36    11    270 
  26   37    12    301 
  26   38    17    425 
  26   39    27    676 
  27    0    21    523 
  27    1    12    295 
  27    2    13    318 
  27    3    21    528 
  27    4    14    361 
  27    5    18    457 
  27    6    31    759 
  27    7    23    564 
  27    8    12    306 
  27    9    10    266 
  27   10     8    215 
  27   11    24    601 
  27   12     8    210 
  27   13    29    717 
  27   14    13    323 
  27   15    25    628 
  27   16    30    732 
  27   17    28    687 
  27   18    31    767 
  27   19    22    534 
  27   20    19    470 
  27   21     9    230 
  27   22    15    377 
  27   23    28    694 
  27   24    18    448 
  27   25     8    204 
  27   26    19    473 
  27   27    23    572 
  27   28    25    615 
  27   29    12    296 
  27   30     9    227 
  27   31    32    797 
  27   32    11    280 
  27   33    16    409 
  27   34    25    619 
  27   35    18    442 
  27   36    14    355 
  27   37    13    325 
  27   38    32    786 
  27   39    15    378 
  28    0    14    350 
  28    1    15    373 
  28    2    10    249 
  28    3    17    426 
  28    4    12    294 
  28    5    14    351 
  28    6    31    762 
  28    7    23    580 
  28    8    29    715 
  28    9    29    710 
  28   10    31    774 
  28   11    11    278 
  28   12    19    465 
  28   13    28    682 
  28   14     8    203 
  28   15    17    417 
  28   16    19    463 
  28   17    19    475 
  28   18    29    725 
  28   19    26    652 
  28   20    31    763 
  28   21    11    286 
  28   22    31    753 
  28   23    28    681 
  28   24    29    713 
  28   25    17    427 
  28   26    18    454 
  28   27    11    280 
  28   28    29    718 
  28   29    18    439 
  28   30    22    555 
  28   31    21    521 
  28   32     9    221 
  28   33    15    366 
  28   34    13    327 
  28   35    20    497 
  28   36    12    311 
  28   37    20    492 
  28   38    10    245 
  28   39    21    518 
  29    0    12    305 
  29    1    25    629 
  29    2    23    573 
  29    3    17    422 
  29    4    20    489 
  29    5    13    330 
  29    6    27    671 
  29    7    19    484 
  29    8    29    721 
  29    9    26    634 
  29   10    23    559 
  29   11    11    290 
  29   12    26    653 
  29   13    18    459 
  29   14     9    239 
  29   15    23    564 
  29   16    23    581 
  29   17    24    585 
  29   18    30    749 
  29   19    27    671 
  29   20    21    515 
  29   21    27    670 
  29   22     8    204 
  29   23    12    302 
  29   24    10    251 
  29   25    12    310 
  29   26    12    292 
  29   27    29    723 
  29   28    25    629 
  29   29    18    443 
  29   30    25    618 
  29   31    29    724 
  29   32    20    501 
  29   33    17    428 
  29   34    22    556 
  29   35     8    218 
  29   36    18    452 
  29   37    29    716 
  29   38    11    273 
  29   39    29    721 
  30    0    27    659 
  30    1    29    708 
  30    2    13    331 
  30    3    24    603 
  30    4    18    453 
  30    5    18    460 
  30    6    20    507 
  30    7    19    483 
  30    8    19    463 
  30    9    14    359 
  30   10    30    738 
  30   11    16    402 
  30   12     8    210 
  30   13    24    599 
  30   14    19    479 
  30   15    26    638 
  30   16    31    762 
  30   17    30    738 
  30   18    17    435 
  30   19    27    657 
  30   20    24    588 
  30   21    30    732 
  30   22    15    385 
  30   23    26    653 
  30   24    11    287 
  30   25    11    276 
  30   26    24    598 
  30   27    15    365 
  30   28    31    776 
  30   29    27    662 
  30   30    19    464 
  30   31    17    417 
  30   32    13    336 
  30   33     9    223 
  30   34    21    532 
  30   35    31    757 
  30   36     8    218 
  30   37    19    475 
  30   38    26    639 
  30   39     9    226 
  31    0    29    722 
  31    1    23    581 
  31    2    14    363 
  31    3    23    571 
  31    4    31    759 
  31    5    29    722 
  31    6    10    246 
  31    7    30    731 
  31    8    27    658 
  31    9    10    251 
  31   10    10    246 
  31   11    14    360 
  31   12    26    644 
  31   13    16    399 
  31   14    16    408 
  31   15    31    763 
  31   16    20    490 
  31   17     8    209 
  31   18    29    711 
  31   19    23    581 
  31   20    23    569 
  31   21    21    533 
  31   22    22    555 
  31   23    31    752 
  31   24    31    766 
  31   25    17    430 
  31   26    24    586 
  31   27     9    220 
  31   28    32    778 
  31   29    19    482 
  31   30    25    610 
  31   31    12    297 
  31   32    10    249 
  31   33    19    464 
  31   34    25    619 
  31   35    29    718 
  31   36    13    338 
  31   37    13    331 
  31   38    32    784 
  31   39    30    735 
  32    0    28    690 
  32    1    12    292 
  32    2    22    548 
  32    3    18    454 
  32    4     9    225 
  32    5    23    568 
  32    6    14    352 
  32    7    16    404 
  32    8    19    469 
  32    9    16    390 
  32   10    31    755 
  32   11     8    204 
  32   12    12    314 
  32   13    15    378 
  32   14    32    784 
  32   15    25    620 
  32   16    26    634 
  32   17    12    303 
  32   18    12    315 
  32   19    31    768 
  32   20    19    473 
  32   21    29    720 
  32   22    26    636 
  32   23    28    690 
  32   24    27    670 
  32   25    22    550 
  32   26     8    205 
  32   27    13    317 
  32   28    11    276 
  32   29    10    255 
  32   30    25    628 
  32   31    13    320 
  32   32    30    738 
  32   33    27    659 
  32   34    32    786 
  32   35    23    580 
  32   36    32    790 
  32   37    12    301 
  32   38    29    721 
  32   39    32    789 
  33    0    22    539 
  33    1    10    252 
  33    2    15    384 
  33    3    14    360 
  33    4    31    752 
  33    5    22    554 
  33    6    28    681 
  33    7    31    755 
  33    8    18    442 
  33    9    32    777 
  33   10    11    276 
  33   11    32    793 
  33   12    23    562 
  33   13    22    534 
  33   14    25    623 
  33   15    22    547 
  33   16    27    678 
  33   17    27    675 
  33   18    13    332 
  33   19    23    579 
  33   20    14    354 
  33   21    28    699 
  33   22    15    388 
  33   23    18    449 
  33   24    29    726 
  33   25    18    443 
  33   26     9    229 
  33   27    12    310 
  33   28    26    653 
  33   29    18    460 
  33   30    21    510 
  33   31     8    218 
  33   32    18    458 
  33   33    12    294 
  33   34    11    278 
  33   35    22    539 
  33   36    26    651 
  33   37    23    561 
  33   38    29    726 
  33   39     8    203 
  34    0    18    449 
  34    1    23    561 
  34    2    22    536 
  34    3    19    474 
  34    4    14    361 
  34    5    32    785 
  34    6    30    745 
  34    7    13    330 
  34    8    20    496 
  34    9     8    202 
  34   10    22    545 
  34   11    21    528 
  34   12    32    787 
  34   13    29    714 
  34   14    14    360 
  34   15    25    630 
  34   16    26    650 
  34   17    27    665 
  34   18    15    367 
  34   19    15    380 
  34   20    32    787 
  34   21    30    730 
  34   22    19    471 
  34   23    28    685 
  34   24    13    318 
  34   25    11    285 
  34   26    13    336 
  34   27     8    218 
  34   28    21    524 
  34   29    19    466 
  34   30    18    437 
  34   31    32    792 
  34   32    26    647 
  34   33    12    298 
  34   34    28    696 
  34   35    31    762 
  34   36    25    617 
  34   37    11    271 
  34   38    10    266 
  34   39    23    562 
  35    0    17    421 
  35    1    31    765 
  35    2     8    212 
  35    3    27    669 
  35    4     9    242 
  35    5    21    524 
  35    6    31    771 
  35    7     8    202 
  35    8     9    233 
  35    9    28    701 
  35   10    16    401 
  35   11     8    200 
  35   12    19    482 
  35   13    31    767 
  35   14    31    756 
  35   15    27    669 
  35   16    24    593 
  35   17    17    435 
  35   18    12    308 
  35   19    12    297 
  35   20    18    457 
  35   21    27    679 
  35   22    31    772 
  35   23    21    520 
  35   24     8    208 
  35   25     8    211 
  35   26    20    492 
  35   27    32    786 
  35   28    31    759 
  35   29    19    476 
  35   30    20    491 
  35   31    27    655 
  35   32    19    480 
  35   33    23    576 
  35   34    26    639 
  35   35    20    492 
  35   36    10    251 
  35   37    15    380 
  35   38    14    360 
  35   39    14    344 
  36    0    18    448 
  36    1    17    419 
  36    2    10    263 
  36    3    28    687 
  36    4    20    486 
  36    5    23    565 
  36    6    10    246 
  36    7    21    516 
  36    8    23    573 
  36    9     9    221 
  36   10    12    312 
  36   11    28    692 
  36   12    30    737 
  36   13    28    689 
  36   14    13    317 
  36   15    19    481 
  36   16    29    726 
  36   17    16    390 
  36   18    14    344 
  36   19    32    788 
  36   20    29    707 
  36   21    19    478 
  36   22    25    615 
  36   23    17    426 
  36   24    17    427 
  36   25    27    665 
  36   26     8    208 
  36   27    26    654 
  36   28    31    771 
  36   29    22    557 
  36   30     9    224 
  36   31    10    260 
  36   32    21    532 
  36   33    17    419 
  36   34    12    314 
  36   35    22    545 
  36   36     9    229 
  36   37    30    746 
  36   38    22    541 
  36   39    15    373 
  37    0    20    507 
  37    1    19    476 
  37    2    14    341 
  37    3    15    366 
  37    4    15    364 
  37    5    13    327 
  37    6    12    303 
  37    7    15    368 
  37    8    22    547 
  37    9    18    455 
  37   10     9    236 
  37   11    26    653 
  37   12    23    582 
  37   13    24    584 
  37   14    28    701 
  37   15    26    641 
  37   16    28    692 
  37   17    19    468 
  37   18    19    471 
  37   19     9    226 
  37   20    29    704 
  37   21    17    413 
  37   22     9    238 
  37   23    16    393 
  37   24    26    631 
  37   25    23    567 
  37   26    17    418 
  37   27    21    526 
  37   28     9    234 
  37   29    28    700 
  37   30    32    791 
  37   31    19    478 
  37   32    15    374 
  37   33    15    387 
  37   34    32    785 
  37   35    13    329 
  37   36    24    599 
  37   37    24    595 
  37   38    17    422 
  37   39    21    513 
  38    0    31    752 
  38    1    21    518 
  38    2    22    543 
  38    3    21    514 
  38    4    17    416 
  38    5     8    210 
  38    6    32    790 
  38    7    28    695 
  38    8    22    543 
  38    9    19    464 
  38   10    15    369 
  38   11    13    330 
  38   12    16    410 
  38   13     9    219 
  38   14     9    228 
  38   15    17    416 
  38   16    15    384 
  38   17    24    597 
  38   18    23    577 
  38   19    16    404 
  38   20    12    306 
  38   21    18    443 
  38   22    28    700 
  38   23    21    531 
  38   24    22    538 
  38   25     8    211 
  38   26    14    341 
  38   27    12    299 
  38   28    22    557 
  38   29    30    747 
  38   30    15    374 
  38   31    19    475 
  38   32    28    690 
  38   33    22    535 
  38   34    10    266 
  38   35    16    411 
  38   36    29    706 
  38   37    11    286 
  38   38    11    274 
  38   39    12    307 
  39    0    20    498 
  39    1    27    659 
  39    2    32    784 
  39    3     9    219 
  39    4    29    707 
  39    5    11    270 
  39    6    12    312 
  39    7    27    664 
  39    8    26    653 
  39    9    15    370 
  39   10    12    302 
  39   11    21    512 
  39   12    31    769 
  39   13    12    303 
  39   14    10    264 
  39   15    26    637 
  39   16    32    779 
  39   17    14    356 
  39   18    11    272 
  39   19     9    239 
  39   20    15    388 
  39   21    13    318 
  39   22    15    384 
  39   23    32    792 
  39   24    14    356 
  39   25    12    302 
  39   26    13    339 
  39   27    25    629 
  39   28    16    397 
  39   29    22    537 
  39   30    14    352 
  39   31    22    540 
  39   32    21    515 
  39   33    27    666 
  39   34    25    616 
  39   35    23    566 
  39   36     8    213 
  39   37    23    574 
  39   38    11    275 
  39   39    14    361 
