 40
 40

   12
   20
   39
    1
   32
   46
   39
   46
    2
   48
    9
   16
   39
   21
   37
   12
   12
   50
    3
   23
   24
    3
   33
   21
    8
   38
    4
   49
   37
   13
    2
   21
   12
   34
   25
   38
   14
   11
   22
   40

    1
   17
   28
   26
    7
    1
   50
    1
   11
   14
    5
   46
   20
   25
   45
   29
   10
   13
   37
   32
   12
   19
   31
   47
   28
   43
   23
   46
   30
   27
   17
    6
   26
    7
   23
   50
   22
   20
   50
   11

   0    0    22    539 
   0    1    19    466 
   0    2    28    686 
   0    3    15    367 
   0    4    14    359 
   0    5    22    540 
   0    6    15    364 
   0    7    11    286 
   0    8    11    288 
   0    9    30    745 
   0   10    21    517 
   0   11    26    653 
   0   12    18    457 
   0   13    21    515 
   0   14    19    473 
   0   15    26    639 
   0   16    12    309 
   0   17    11    276 
   0   18    25    615 
   0   19    11    267 
   0   20    21    511 
   0   21    14    339 
   0   22    25    619 
   0   23    28    696 
   0   24    10    258 
   0   25    20    491 
   0   26    30    739 
   0   27    28    687 
   0   28     8    206 
   0   29    20    502 
   0   30    21    509 
   0   31    13    326 
   0   32     8    210 
   0   33    14    343 
   0   34    17    430 
   0   35    11    284 
   0   36    21    509 
   0   37    29    707 
   0   38    25    617 
   0   39     9    223 
   1    0    32    792 
   1    1    12    298 
   1    2    12    295 
   1    3    16    404 
   1    4    31    763 
   1    5     9    225 
   1    6    19    481 
   1    7    27    673 
   1    8    26    633 
   1    9    18    446 
   1   10    19    474 
   1   11    16    408 
   1   12    23    575 
   1   13    13    317 
   1   14    23    566 
   1   15    26    636 
   1   16    19    482 
   1   17    26    641 
   1   18    20    496 
   1   19     8    210 
   1   20     8    217 
   1   21    15    370 
   1   22    28    679 
   1   23    22    550 
   1   24    30    747 
   1   25     9    219 
   1   26    18    450 
   1   27    11    274 
   1   28    14    341 
   1   29    30    747 
   1   30    30    744 
   1   31     9    221 
   1   32    11    272 
   1   33    24    581 
   1   34    26    649 
   1   35    11    270 
   1   36    23    557 
   1   37     9    223 
   1   38    29    723 
   1   39     9    235 
   2    0    23    579 
   2    1    20    506 
   2    2    22    538 
   2    3    13    334 
   2    4    18    445 
   2    5    26    646 
   2    6    13    333 
   2    7    22    538 
   2    8     8    212 
   2    9    13    318 
   2   10    19    460 
   2   11    17    424 
   2   12    12    309 
   2   13    11    284 
   2   14    20    494 
   2   15    16    395 
   2   16     9    226 
   2   17    22    555 
   2   18    14    344 
   2   19    19    463 
   2   20    30    742 
   2   21    28    695 
   2   22    18    448 
   2   23    14    357 
   2   24    17    420 
   2   25     9    219 
   2   26    27    674 
   2   27    15    365 
   2   28    20    500 
   2   29    15    373 
   2   30    32    784 
   2   31    31    769 
   2   32    29    710 
   2   33    25    629 
   2   34    27    668 
   2   35    20    503 
   2   36    25    615 
   2   37    22    538 
   2   38    11    288 
   2   39    24    588 
   3    0    19    469 
   3    1    16    392 
   3    2    30    748 
   3    3    17    417 
   3    4    23    562 
   3    5    27    671 
   3    6    12    310 
   3    7    15    372 
   3    8    20    499 
   3    9    26    635 
   3   10    23    575 
   3   11    18    440 
   3   12    24    584 
   3   13    17    426 
   3   14    18    451 
   3   15    25    615 
   3   16    16    408 
   3   17    10    265 
   3   18    26    645 
   3   19     9    242 
   3   20    16    406 
   3   21    29    720 
   3   22    24    592 
   3   23    26    648 
   3   24    24    592 
   3   25    15    384 
   3   26    29    703 
   3   27    10    262 
   3   28    30    735 
   3   29    23    558 
   3   30    12    309 
   3   31    11    278 
   3   32    15    382 
   3   33    11    272 
   3   34    11    280 
   3   35    22    543 
   3   36     8    212 
   3   37    23    569 
   3   38    24    594 
   3   39    12    295 
   4    0    14    358 
   4    1    25    628 
   4    2    14    358 
   4    3    32    797 
   4    4    24    583 
   4    5    24    601 
   4    6    28    698 
   4    7    13    336 
   4    8    20    500 
   4    9    22    543 
   4   10    19    477 
   4   11    21    511 
   4   12    30    735 
   4   13    10    265 
   4   14    23    578 
   4   15    22    556 
   4   16    24    589 
   4   17    10    256 
   4   18    31    774 
   4   19    10    248 
   4   20    32    786 
   4   21     9    230 
   4   22    16    408 
   4   23    10    263 
   4   24    31    774 
   4   25    22    536 
   4   26    12    304 
   4   27    28    699 
   4   28    14    342 
   4   29    29    714 
   4   30    30    745 
   4   31    23    567 
   4   32    22    541 
   4   33    17    417 
   4   34    29    715 
   4   35    17    414 
   4   36    24    584 
   4   37    20    489 
   4   38    14    356 
   4   39    11    284 
   5    0    12    300 
   5    1    26    641 
   5    2    28    690 
   5    3    12    300 
   5    4    32    788 
   5    5    10    250 
   5    6    25    626 
   5    7    23    561 
   5    8    27    669 
   5    9    19    464 
   5   10    15    364 
   5   11    11    274 
   5   12    32    793 
   5   13    29    718 
   5   14    29    708 
   5   15    22    555 
   5   16    23    575 
   5   17    25    615 
   5   18    24    586 
   5   19     9    218 
   5   20    24    591 
   5   21    32    794 
   5   22    12    300 
   5   23    11    269 
   5   24    21    529 
   5   25    22    534 
   5   26    32    792 
   5   27    14    351 
   5   28    20    506 
   5   29    20    486 
   5   30    21    530 
   5   31    22    556 
   5   32    18    444 
   5   33    28    692 
   5   34    22    556 
   5   35    27    661 
   5   36     9    227 
   5   37    24    586 
   5   38    19    471 
   5   39    25    611 
   6    0    15    370 
   6    1    11    286 
   6    2    29    713 
   6    3    21    531 
   6    4     9    225 
   6    5    16    390 
   6    6    23    578 
   6    7    18    445 
   6    8    15    382 
   6    9     9    224 
   6   10    20    504 
   6   11    26    638 
   6   12    13    325 
   6   13    27    654 
   6   14    16    393 
   6   15    23    557 
   6   16    22    548 
   6   17    10    256 
   6   18    27    655 
   6   19    21    530 
   6   20    24    596 
   6   21    20    486 
   6   22    13    316 
   6   23    25    606 
   6   24    25    625 
   6   25    24    594 
   6   26    21    527 
   6   27    25    616 
   6   28    10    244 
   6   29    31    763 
   6   30    24    583 
   6   31    13    328 
   6   32    27    661 
   6   33    10    253 
   6   34    15    372 
   6   35    16    410 
   6   36    17    422 
   6   37    29    722 
   6   38    27    673 
   6   39    15    387 
   7    0    30    729 
   7    1    24    591 
   7    2    15    383 
   7    3    11    269 
   7    4    32    787 
   7    5    24    581 
   7    6     8    203 
   7    7    28    691 
   7    8    31    766 
   7    9    17    427 
   7   10    13    321 
   7   11    28    701 
   7   12    10    258 
   7   13    11    281 
   7   14    19    464 
   7   15    28    683 
   7   16    29    707 
   7   17     8    216 
   7   18    17    432 
   7   19    19    481 
   7   20    12    300 
   7   21    16    402 
   7   22    14    341 
   7   23    31    754 
   7   24    11    281 
   7   25    23    580 
   7   26    22    537 
   7   27    23    569 
   7   28    27    655 
   7   29    16    393 
   7   30    25    608 
   7   31    19    479 
   7   32    21    525 
   7   33    10    254 
   7   34    31    759 
   7   35     9    230 
   7   36    21    519 
   7   37    31    753 
   7   38    32    796 
   7   39    20    492 
   8    0    26    637 
   8    1    27    659 
   8    2    14    362 
   8    3    26    652 
   8    4    29    716 
   8    5    29    702 
   8    6    13    315 
   8    7    29    710 
   8    8    30    728 
   8    9    26    653 
   8   10    14    340 
   8   11    14    346 
   8   12    32    788 
   8   13    32    791 
   8   14    29    721 
   8   15    30    748 
   8   16    23    574 
   8   17    12    304 
   8   18    24    581 
   8   19    10    264 
   8   20     9    235 
   8   21    25    614 
   8   22    16    393 
   8   23    31    753 
   8   24    15    366 
   8   25    19    463 
   8   26    27    660 
   8   27    32    786 
   8   28    23    563 
   8   29    11    280 
   8   30    29    708 
   8   31    24    603 
   8   32    16    390 
   8   33    24    592 
   8   34    31    753 
   8   35    11    286 
   8   36    11    287 
   8   37    14    362 
   8   38    10    263 
   8   39     8    200 
   9    0    14    356 
   9    1    25    623 
   9    2    14    354 
   9    3    16    392 
   9    4    25    629 
   9    5    28    685 
   9    6    31    771 
   9    7    13    331 
   9    8    29    708 
   9    9    23    580 
   9   10    30    742 
   9   11    13    334 
   9   12    13    324 
   9   13    14    347 
   9   14    30    750 
   9   15     9    233 
   9   16    19    476 
   9   17    27    666 
   9   18    25    608 
   9   19     8    203 
   9   20    32    776 
   9   21    10    253 
   9   22    14    362 
   9   23    28    683 
   9   24    19    482 
   9   25    20    488 
   9   26    20    508 
   9   27    20    485 
   9   28    24    597 
   9   29    16    402 
   9   30    20    495 
   9   31    18    457 
   9   32    14    345 
   9   33    13    330 
   9   34    19    474 
   9   35    23    576 
   9   36    26    645 
   9   37    32    796 
   9   38     9    223 
   9   39    27    660 
  10    0    24    599 
  10    1    18    440 
  10    2    27    665 
  10    3    20    503 
  10    4    14    349 
  10    5    23    565 
  10    6    19    472 
  10    7    26    646 
  10    8    26    651 
  10    9    26    649 
  10   10    18    448 
  10   11    31    758 
  10   12    19    461 
  10   13    16    402 
  10   14    13    315 
  10   15    27    667 
  10   16    14    342 
  10   17    12    296 
  10   18    18    448 
  10   19    29    705 
  10   20    14    339 
  10   21    27    658 
  10   22    18    448 
  10   23    11    287 
  10   24    18    449 
  10   25    11    290 
  10   26    30    732 
  10   27    26    632 
  10   28    30    734 
  10   29    32    789 
  10   30    30    749 
  10   31    16    392 
  10   32    16    391 
  10   33    19    460 
  10   34     8    206 
  10   35    24    587 
  10   36    27    669 
  10   37    22    541 
  10   38     8    212 
  10   39    24    594 
  11    0    23    577 
  11    1    19    482 
  11    2    14    346 
  11    3    11    268 
  11    4    32    792 
  11    5    13    327 
  11    6    26    634 
  11    7    16    393 
  11    8    21    515 
  11    9    11    276 
  11   10    30    747 
  11   11     8    206 
  11   12    13    337 
  11   13    20    495 
  11   14     9    241 
  11   15     8    206 
  11   16    25    623 
  11   17    30    729 
  11   18    21    513 
  11   19    29    723 
  11   20    24    602 
  11   21    32    798 
  11   22    21    523 
  11   23    22    550 
  11   24    17    429 
  11   25    12    298 
  11   26    18    455 
  11   27    30    750 
  11   28    32    775 
  11   29    13    330 
  11   30    20    497 
  11   31    18    442 
  11   32    19    479 
  11   33     9    236 
  11   34    17    421 
  11   35    11    274 
  11   36    23    557 
  11   37    28    697 
  11   38    13    318 
  11   39     9    237 
  12    0     9    232 
  12    1    16    399 
  12    2    14    354 
  12    3    29    713 
  12    4    23    574 
  12    5    27    659 
  12    6    19    469 
  12    7    29    715 
  12    8    16    395 
  12    9    17    412 
  12   10    14    354 
  12   11    30    735 
  12   12    10    262 
  12   13     9    223 
  12   14    10    258 
  12   15    24    598 
  12   16    14    345 
  12   17    22    551 
  12   18    25    626 
  12   19    27    673 
  12   20     9    226 
  12   21    18    456 
  12   22    18    449 
  12   23    20    489 
  12   24    30    730 
  12   25    26    631 
  12   26    30    743 
  12   27    23    577 
  12   28    17    417 
  12   29    22    533 
  12   30    12    307 
  12   31     9    219 
  12   32    16    411 
  12   33    15    373 
  12   34    23    576 
  12   35    18    436 
  12   36    19    476 
  12   37    22    535 
  12   38    25    609 
  12   39    29    707 
  13    0    29    723 
  13    1    19    475 
  13    2    20    486 
  13    3    27    672 
  13    4    29    713 
  13    5    28    684 
  13    6    20    491 
  13    7    19    484 
  13    8    22    543 
  13    9    12    300 
  13   10     9    224 
  13   11    30    729 
  13   12    17    429 
  13   13    16    396 
  13   14    20    499 
  13   15    26    651 
  13   16    17    416 
  13   17    10    244 
  13   18    32    786 
  13   19    19    468 
  13   20    19    479 
  13   21    20    500 
  13   22    17    420 
  13   23    12    291 
  13   24    16    398 
  13   25    19    480 
  13   26    13    321 
  13   27    28    681 
  13   28    29    712 
  13   29    23    580 
  13   30    11    272 
  13   31    22    549 
  13   32    13    335 
  13   33    23    566 
  13   34     8    203 
  13   35    14    339 
  13   36    10    250 
  13   37    29    717 
  13   38    15    377 
  13   39    18    455 
  14    0    31    770 
  14    1    30    741 
  14    2    10    251 
  14    3    18    436 
  14    4    17    431 
  14    5    15    383 
  14    6    14    355 
  14    7     8    205 
  14    8    13    337 
  14    9    17    421 
  14   10    12    292 
  14   11    21    528 
  14   12    23    577 
  14   13     9    242 
  14   14    13    324 
  14   15    25    626 
  14   16    12    314 
  14   17    29    712 
  14   18    22    538 
  14   19    29    725 
  14   20    21    510 
  14   21     8    203 
  14   22    15    382 
  14   23     8    201 
  14   24    23    564 
  14   25    27    671 
  14   26    23    580 
  14   27    32    780 
  14   28    11    275 
  14   29    19    475 
  14   30    15    384 
  14   31    14    348 
  14   32    14    346 
  14   33    28    688 
  14   34    17    431 
  14   35    14    349 
  14   36     8    211 
  14   37     8    203 
  14   38    27    667 
  14   39    18    448 
  15    0    11    268 
  15    1    14    362 
  15    2    18    442 
  15    3    21    515 
  15    4    25    617 
  15    5    18    449 
  15    6    29    712 
  15    7    31    756 
  15    8    31    765 
  15    9    21    512 
  15   10    27    668 
  15   11    10    250 
  15   12    14    340 
  15   13    32    798 
  15   14    32    795 
  15   15    32    785 
  15   16    22    541 
  15   17    18    459 
  15   18    11    269 
  15   19    19    466 
  15   20    27    660 
  15   21    23    580 
  15   22    21    514 
  15   23    10    251 
  15   24    24    592 
  15   25    31    759 
  15   26    20    493 
  15   27    31    766 
  15   28    17    420 
  15   29    17    427 
  15   30    32    785 
  15   31    20    497 
  15   32    32    785 
  15   33    20    493 
  15   34    13    335 
  15   35    23    562 
  15   36    21    523 
  15   37    32    787 
  15   38    24    581 
  15   39    29    721 
  16    0    19    472 
  16    1    19    469 
  16    2    17    416 
  16    3    21    518 
  16    4    16    406 
  16    5    11    280 
  16    6    24    590 
  16    7    14    352 
  16    8    21    510 
  16    9    21    515 
  16   10    10    249 
  16   11    25    620 
  16   12    21    518 
  16   13    26    633 
  16   14    11    276 
  16   15    32    784 
  16   16    24    603 
  16   17    15    366 
  16   18    17    433 
  16   19    11    277 
  16   20     9    237 
  16   21    22    551 
  16   22    29    717 
  16   23    25    629 
  16   24    11    289 
  16   25    15    380 
  16   26    21    510 
  16   27    13    319 
  16   28    11    287 
  16   29    31    765 
  16   30    24    582 
  16   31     8    204 
  16   32    31    758 
  16   33    13    336 
  16   34    27    670 
  16   35    30    735 
  16   36    15    379 
  16   37    26    641 
  16   38    19    469 
  16   39    32    777 
  17    0    12    291 
  17    1    23    557 
  17    2    26    645 
  17    3    32    780 
  17    4    16    411 
  17    5    26    653 
  17    6    21    519 
  17    7    28    695 
  17    8    13    327 
  17    9    32    779 
  17   10    21    514 
  17   11    11    277 
  17   12    29    716 
  17   13    10    253 
  17   14    14    345 
  17   15    18    451 
  17   16    13    330 
  17   17    19    471 
  17   18    11    282 
  17   19    27    674 
  17   20    22    549 
  17   21    26    650 
  17   22    10    244 
  17   23    14    342 
  17   24    17    429 
  17   25    18    437 
  17   26    19    465 
  17   27    10    252 
  17   28    10    261 
  17   29    18    449 
  17   30    26    645 
  17   31    11    290 
  17   32    20    506 
  17   33    23    564 
  17   34    11    280 
  17   35     9    234 
  17   36    30    740 
  17   37    23    577 
  17   38    29    710 
  17   39    32    786 
  18    0    17    434 
  18    1     8    203 
  18    2    15    376 
  18    3    29    709 
  18    4    21    521 
  18    5    23    567 
  18    6     9    236 
  18    7    28    682 
  18    8    24    600 
  18    9    25    614 
  18   10    30    749 
  18   11    10    256 
  18   12    32    790 
  18   13    11    287 
  18   14    30    750 
  18   15    16    396 
  18   16    12    298 
  18   17    22    549 
  18   18    26    647 
  18   19    10    260 
  18   20    29    702 
  18   21     8    200 
  18   22    22    547 
  18   23    26    634 
  18   24    19    460 
  18   25    10    252 
  18   26    28    697 
  18   27    32    789 
  18   28    15    379 
  18   29    18    446 
  18   30    29    714 
  18   31    23    560 
  18   32    14    359 
  18   33    21    531 
  18   34     8    211 
  18   35    30    746 
  18   36    19    480 
  18   37    11    281 
  18   38    20    490 
  18   39    19    483 
  19    0    26    647 
  19    1    28    681 
  19    2    11    271 
  19    3    30    733 
  19    4     9    222 
  19    5    11    277 
  19    6    15    386 
  19    7    17    426 
  19    8    32    775 
  19    9    29    706 
  19   10    32    784 
  19   11    10    261 
  19   12    12    303 
  19   13    23    574 
  19   14    27    660 
  19   15    20    505 
  19   16    24    601 
  19   17    11    277 
  19   18    29    702 
  19   19    29    710 
  19   20    28    680 
  19   21    19    481 
  19   22    23    557 
  19   23    16    397 
  19   24    24    602 
  19   25    12    307 
  19   26    22    533 
  19   27    21    510 
  19   28    23    577 
  19   29    18    451 
  19   30    30    744 
  19   31    20    489 
  19   32    22    538 
  19   33    10    254 
  19   34    32    792 
  19   35    10    258 
  19   36    21    529 
  19   37    30    750 
  19   38    12    291 
  19   39    32    790 
  20    0    26    642 
  20    1    29    707 
  20    2    31    763 
  20    3    17    426 
  20    4    17    428 
  20    5    12    291 
  20    6    15    374 
  20    7    12    309 
  20    8    25    612 
  20    9    26    637 
  20   10    10    256 
  20   11    31    756 
  20   12    27    659 
  20   13    20    487 
  20   14    14    349 
  20   15    24    581 
  20   16    27    659 
  20   17     8    217 
  20   18    22    551 
  20   19     8    214 
  20   20    21    523 
  20   21    32    775 
  20   22    17    429 
  20   23    25    617 
  20   24    10    251 
  20   25    17    432 
  20   26    12    314 
  20   27    29    708 
  20   28    18    438 
  20   29    21    528 
  20   30    20    486 
  20   31    21    525 
  20   32    29    712 
  20   33    12    295 
  20   34    29    712 
  20   35    16    409 
  20   36    27    655 
  20   37    26    653 
  20   38    14    362 
  20   39    28    700 
  21    0    29    715 
  21    1    20    496 
  21    2    20    500 
  21    3    10    261 
  21    4     9    238 
  21    5    28    680 
  21    6    14    361 
  21    7    30    729 
  21    8     9    228 
  21    9    26    630 
  21   10    30    735 
  21   11    19    476 
  21   12    29    705 
  21   13    21    531 
  21   14    12    313 
  21   15    30    742 
  21   16    22    539 
  21   17    20    505 
  21   18    17    426 
  21   19    29    702 
  21   20     8    205 
  21   21    16    391 
  21   22    21    525 
  21   23    17    429 
  21   24    31    770 
  21   25    32    780 
  21   26    30    736 
  21   27    23    560 
  21   28    26    633 
  21   29    28    689 
  21   30    23    574 
  21   31    31    774 
  21   32    17    418 
  21   33     8    217 
  21   34    19    463 
  21   35    19    477 
  21   36    13    326 
  21   37    23    574 
  21   38    26    634 
  21   39    29    705 
  22    0    28    697 
  22    1    30    740 
  22    2    22    539 
  22    3    18    459 
  22    4    25    609 
  22    5    26    640 
  22    6    28    700 
  22    7    14    356 
  22    8    22    556 
  22    9    15    365 
  22   10    10    264 
  22   11    19    466 
  22   12    31    762 
  22   13    27    672 
  22   14    28    701 
  22   15    26    633 
  22   16     9    228 
  22   17    31    754 
  22   18    26    634 
  22   19    16    401 
  22   20    27    657 
  22   21     9    238 
  22   22    19    467 
  22   23    31    763 
  22   24    26    635 
  22   25    30    735 
  22   26    13    329 
  22   27    24    604 
  22   28    14    357 
  22   29    29    722 
  22   30    32    797 
  22   31    24    594 
  22   32    14    363 
  22   33    15    367 
  22   34    15    366 
  22   35    26    646 
  22   36    30    734 
  22   37    16    405 
  22   38     8    202 
  22   39    17    431 
  23    0    22    542 
  23    1    22    556 
  23    2    31    772 
  23    3    24    604 
  23    4    26    651 
  23    5    14    346 
  23    6    21    526 
  23    7    24    600 
  23    8    31    762 
  23    9    26    636 
  23   10    18    442 
  23   11    19    461 
  23   12    30    749 
  23   13    18    438 
  23   14     8    207 
  23   15    21    518 
  23   16    26    648 
  23   17    26    633 
  23   18    22    550 
  23   19    21    530 
  23   20    17    413 
  23   21    27    659 
  23   22    10    246 
  23   23    31    753 
  23   24    29    702 
  23   25    20    501 
  23   26     9    229 
  23   27    16    409 
  23   28    27    657 
  23   29    31    769 
  23   30     9    226 
  23   31    13    326 
  23   32    15    365 
  23   33    29    704 
  23   34    30    730 
  23   35    25    606 
  23   36    11    288 
  23   37    27    656 
  23   38    21    511 
  23   39    25    615 
  24    0    26    643 
  24    1     8    215 
  24    2     8    204 
  24    3    30    728 
  24    4    16    404 
  24    5    21    525 
  24    6    15    384 
  24    7    17    425 
  24    8    23    569 
  24    9    12    295 
  24   10    14    351 
  24   11    22    552 
  24   12    13    332 
  24   13    26    651 
  24   14    13    318 
  24   15    21    532 
  24   16    30    728 
  24   17    27    670 
  24   18    19    460 
  24   19    14    356 
  24   20    26    651 
  24   21    29    716 
  24   22    10    258 
  24   23    22    537 
  24   24    27    668 
  24   25    29    723 
  24   26    28    701 
  24   27    14    340 
  24   28    17    423 
  24   29    14    339 
  24   30    17    414 
  24   31    13    320 
  24   32    20    488 
  24   33    10    247 
  24   34     8    202 
  24   35    28    683 
  24   36    26    649 
  24   37    33    800 
  24   38     8    209 
  24   39     9    227 
  25    0    16    397 
  25    1    17    416 
  25    2    18    454 
  25    3    17    423 
  25    4    11    284 
  25    5    22    541 
  25    6    15    367 
  25    7    17    413 
  25    8    20    487 
  25    9    29    716 
  25   10    17    430 
  25   11    26    639 
  25   12    16    406 
  25   13    26    640 
  25   14    30    749 
  25   15    25    629 
  25   16    32    779 
  25   17    10    261 
  25   18    25    625 
  25   19    28    679 
  25   20    27    672 
  25   21    14    349 
  25   22    29    702 
  25   23    32    781 
  25   24    18    457 
  25   25    10    256 
  25   26    16    409 
  25   27    20    496 
  25   28    31    753 
  25   29    20    494 
  25   30     9    230 
  25   31    19    463 
  25   32    12    305 
  25   33    20    489 
  25   34    13    332 
  25   35    12    305 
  25   36    32    794 
  25   37    13    331 
  25   38    20    486 
  25   39    22    556 
  26    0    11    283 
  26    1    19    475 
  26    2    16    402 
  26    3    10    244 
  26    4    24    598 
  26    5    19    461 
  26    6     9    225 
  26    7    28    679 
  26    8    10    254 
  26    9    32    797 
  26   10    30    734 
  26   11    18    443 
  26   12    15    382 
  26   13    12    305 
  26   14    19    463 
  26   15    24    590 
  26   16    25    627 
  26   17    28    682 
  26   18    32    778 
  26   19    29    712 
  26   20    14    340 
  26   21    20    505 
  26   22    20    502 
  26   23    30    742 
  26   24    15    380 
  26   25    13    318 
  26   26    13    323 
  26   27    17    420 
  26   28    14    345 
  26   29    32    775 
  26   30    24    588 
  26   31    16    393 
  26   32    11    280 
  26   33    15    385 
  26   34    24    593 
  26   35    28    679 
  26   36    28    691 
  26   37    10    257 
  26   38    11    273 
  26   39    15    377 
  27    0    14    339 
  27    1    32    775 
  27    2    24    586 
  27    3    27    657 
  27    4    17    433 
  27    5    25    612 
  27    6    16    411 
  27    7    28    680 
  27    8    27    675 
  27    9    19    470 
  27   10    25    614 
  27   11    31    768 
  27   12    24    598 
  27   13    29    714 
  27   14    25    617 
  27   15    12    293 
  27   16    13    337 
  27   17    26    647 
  27   18    17    432 
  27   19    19    480 
  27   20    31    752 
  27   21    15    380 
  27   22    27    670 
  27   23    10    263 
  27   24    22    553 
  27   25    12    307 
  27   26    25    623 
  27   27     9    221 
  27   28    23    561 
  27   29    10    257 
  27   30    23    579 
  27   31    12    293 
  27   32    13    338 
  27   33    19    467 
  27   34    27    658 
  27   35    27    662 
  27   36    11    287 
  27   37    24    597 
  27   38    32    794 
  27   39    17    426 
  28    0    31    763 
  28    1    29    710 
  28    2    16    402 
  28    3    19    476 
  28    4    25    611 
  28    5     9    240 
  28    6    23    561 
  28    7    28    682 
  28    8    26    636 
  28    9    27    675 
  28   10    15    382 
  28   11    13    315 
  28   12    11    272 
  28   13    21    528 
  28   14    11    289 
  28   15    15    381 
  28   16    19    467 
  28   17    30    728 
  28   18    26    640 
  28   19     8    217 
  28   20    14    361 
  28   21    12    301 
  28   22    23    569 
  28   23    12    299 
  28   24    16    408 
  28   25    31    770 
  28   26    31    753 
  28   27    29    721 
  28   28    12    311 
  28   29    28    687 
  28   30    18    452 
  28   31    13    336 
  28   32    15    370 
  28   33    14    344 
  28   34    12    291 
  28   35    26    651 
  28   36    19    480 
  28   37    31    764 
  28   38    31    772 
  28   39    28    691 
  29    0    18    452 
  29    1    22    540 
  29    2    17    421 
  29    3    16    390 
  29    4    21    521 
  29    5    27    663 
  29    6    13    316 
  29    7    25    609 
  29    8    32    787 
  29    9    12    303 
  29   10    32    797 
  29   11    13    326 
  29   12    15    369 
  29   13    13    329 
  29   14    17    435 
  29   15     9    228 
  29   16    10    255 
  29   17    19    465 
  29   18    16    392 
  29   19    13    327 
  29   20    15    370 
  29   21     9    234 
  29   22    19    480 
  29   23     9    227 
  29   24    27    662 
  29   25    31    773 
  29   26    29    725 
  29   27    28    686 
  29   28    12    293 
  29   29     9    225 
  29   30    24    594 
  29   31    23    576 
  29   32    27    677 
  29   33    29    721 
  29   34    32    778 
  29   35    28    687 
  29   36    19    472 
  29   37    15    384 
  29   38    22    551 
  29   39    31    769 
  30    0    16    389 
  30    1    29    716 
  30    2    12    310 
  30    3    11    271 
  30    4    22    539 
  30    5    19    463 
  30    6    20    503 
  30    7    16    394 
  30    8    30    728 
  30    9    31    758 
  30   10     9    222 
  30   11    22    552 
  30   12    13    316 
  30   13    10    261 
  30   14    11    278 
  30   15    32    788 
  30   16    11    288 
  30   17    15    387 
  30   18    12    296 
  30   19    26    635 
  30   20     8    210 
  30   21    13    326 
  30   22    16    394 
  30   23    20    500 
  30   24    23    571 
  30   25    18    438 
  30   26    18    457 
  30   27    26    650 
  30   28    25    628 
  30   29    25    622 
  30   30    11    280 
  30   31    11    276 
  30   32    17    416 
  30   33    15    387 
  30   34    31    753 
  30   35    32    780 
  30   36    25    610 
  30   37    15    379 
  30   38    12    295 
  30   39    21    522 
  31    0    30    730 
  31    1    18    452 
  31    2    25    610 
  31    3    30    729 
  31    4    17    416 
  31    5    30    743 
  31    6    22    556 
  31    7     8    212 
  31    8     9    218 
  31    9    12    295 
  31   10    10    265 
  31   11    27    671 
  31   12    17    434 
  31   13     9    233 
  31   14    27    676 
  31   15    23    560 
  31   16    21    514 
  31   17    31    766 
  31   18    23    560 
  31   19    30    729 
  31   20    13    335 
  31   21    29    713 
  31   22    19    466 
  31   23    13    334 
  31   24    30    747 
  31   25    29    708 
  31   26    17    412 
  31   27     9    241 
  31   28    14    362 
  31   29    22    535 
  31   30    27    669 
  31   31    20    504 
  31   32    23    571 
  31   33    32    778 
  31   34    14    360 
  31   35    12    306 
  31   36    25    613 
  31   37    14    351 
  31   38    14    358 
  31   39    10    256 
  32    0    29    705 
  32    1    28    688 
  32    2    16    411 
  32    3    17    427 
  32    4    13    327 
  32    5    19    469 
  32    6    22    539 
  32    7    32    784 
  32    8    31    769 
  32    9    16    401 
  32   10    24    597 
  32   11    22    547 
  32   12    20    499 
  32   13    16    408 
  32   14    14    350 
  32   15    22    535 
  32   16     8    207 
  32   17    15    381 
  32   18    32    792 
  32   19    17    422 
  32   20     9    223 
  32   21    26    631 
  32   22    32    791 
  32   23    32    794 
  32   24    20    499 
  32   25    23    560 
  32   26    14    344 
  32   27    11    284 
  32   28    27    658 
  32   29    23    571 
  32   30    27    668 
  32   31    32    781 
  32   32    28    688 
  32   33    12    293 
  32   34    17    412 
  32   35     9    228 
  32   36    20    494 
  32   37    21    510 
  32   38    17    415 
  32   39    10    246 
  33    0    11    288 
  33    1    28    701 
  33    2    17    424 
  33    3    17    420 
  33    4    22    554 
  33    5    11    267 
  33    6    21    513 
  33    7    16    408 
  33    8    10    253 
  33    9    10    248 
  33   10    29    711 
  33   11     9    231 
  33   12    27    665 
  33   13     8    207 
  33   14    10    249 
  33   15    11    288 
  33   16    24    595 
  33   17    30    740 
  33   18     9    237 
  33   19    10    266 
  33   20    12    296 
  33   21    27    670 
  33   22    19    461 
  33   23    28    694 
  33   24    22    536 
  33   25     9    239 
  33   26    12    292 
  33   27    20    489 
  33   28    14    356 
  33   29    24    587 
  33   30    23    564 
  33   31    27    672 
  33   32    26    652 
  33   33    27    671 
  33   34    17    424 
  33   35    29    725 
  33   36    13    319 
  33   37    27    667 
  33   38    31    756 
  33   39    14    354 
  34    0    18    453 
  34    1     9    237 
  34    2    17    430 
  34    3    27    676 
  34    4    16    398 
  34    5    20    501 
  34    6    23    569 
  34    7     9    220 
  34    8    24    597 
  34    9    31    765 
  34   10    11    269 
  34   11    10    257 
  34   12    23    568 
  34   13    14    355 
  34   14    14    363 
  34   15    26    635 
  34   16    19    478 
  34   17    31    764 
  34   18    11    286 
  34   19     8    200 
  34   20    25    607 
  34   21    21    514 
  34   22    32    776 
  34   23    15    373 
  34   24    25    611 
  34   25    21    518 
  34   26    27    673 
  34   27    31    755 
  34   28    21    518 
  34   29    26    647 
  34   30    15    387 
  34   31    15    368 
  34   32     9    235 
  34   33    12    297 
  34   34    20    502 
  34   35    21    530 
  34   36    12    297 
  34   37    19    475 
  34   38    28    696 
  34   39     8    215 
  35    0    27    674 
  35    1    16    397 
  35    2    13    334 
  35    3    12    299 
  35    4    17    419 
  35    5    29    720 
  35    6    19    483 
  35    7    25    608 
  35    8    27    657 
  35    9    25    618 
  35   10    13    323 
  35   11     9    242 
  35   12     8    210 
  35   13    22    546 
  35   14    26    638 
  35   15    25    626 
  35   16    25    608 
  35   17    18    446 
  35   18    11    283 
  35   19    19    467 
  35   20    30    744 
  35   21    14    346 
  35   22    15    367 
  35   23    28    689 
  35   24    30    744 
  35   25    27    665 
  35   26    10    256 
  35   27    28    693 
  35   28    27    677 
  35   29    32    788 
  35   30    11    287 
  35   31    32    797 
  35   32    14    363 
  35   33    11    283 
  35   34    12    304 
  35   35    10    265 
  35   36    15    377 
  35   37    25    606 
  35   38     8    203 
  35   39    20    490 
  36    0    21    529 
  36    1    27    662 
  36    2    13    336 
  36    3    15    386 
  36    4     9    232 
  36    5    20    492 
  36    6    32    789 
  36    7    22    551 
  36    8    16    396 
  36    9    28    684 
  36   10    32    775 
  36   11    21    510 
  36   12    26    634 
  36   13    24    603 
  36   14    23    565 
  36   15    25    606 
  36   16    25    608 
  36   17    17    427 
  36   18    19    464 
  36   19    27    667 
  36   20    15    382 
  36   21    29    713 
  36   22    25    619 
  36   23    23    571 
  36   24     9    236 
  36   25     9    233 
  36   26    26    632 
  36   27    28    690 
  36   28    16    390 
  36   29     8    215 
  36   30    31    765 
  36   31    31    751 
  36   32    25    612 
  36   33     9    241 
  36   34    19    472 
  36   35    19    464 
  36   36    25    612 
  36   37    26    630 
  36   38    30    747 
  36   39    28    691 
  37    0    10    244 
  37    1    10    256 
  37    2    26    646 
  37    3    29    706 
  37    4    31    758 
  37    5    27    666 
  37    6    26    644 
  37    7    22    537 
  37    8    31    773 
  37    9    30    730 
  37   10    28    700 
  37   11    14    356 
  37   12    30    730 
  37   13    13    332 
  37   14    29    707 
  37   15    20    500 
  37   16     8    205 
  37   17    24    605 
  37   18    21    522 
  37   19    16    397 
  37   20    19    474 
  37   21    20    501 
  37   22    12    308 
  37   23    23    562 
  37   24    18    451 
  37   25    11    270 
  37   26    11    282 
  37   27    29    713 
  37   28    17    417 
  37   29    20    504 
  37   30    32    793 
  37   31    13    318 
  37   32    23    568 
  37   33    25    618 
  37   34    17    433 
  37   35    28    681 
  37   36    10    265 
  37   37     9    221 
  37   38    30    743 
  37   39     8    210 
  38    0    22    556 
  38    1    27    656 
  38    2    20    492 
  38    3    13    329 
  38    4    15    368 
  38    5    30    743 
  38    6    11    271 
  38    7    11    283 
  38    8    27    670 
  38    9    24    603 
  38   10    15    385 
  38   11    29    704 
  38   12    15    376 
  38   13    31    772 
  38   14    13    317 
  38   15    22    544 
  38   16    14    363 
  38   17    28    690 
  38   18    20    497 
  38   19    22    545 
  38   20    24    589 
  38   21    29    704 
  38   22    29    717 
  38   23    18    442 
  38   24     9    236 
  38   25    20    502 
  38   26    27    654 
  38   27    18    439 
  38   28    17    414 
  38   29    25    629 
  38   30    31    771 
  38   31    22    539 
  38   32    17    418 
  38   33    21    513 
  38   34     9    233 
  38   35    26    644 
  38   36    29    702 
  38   37    22    535 
  38   38    15    371 
  38   39    18    437 
  39    0    16    402 
  39    1    26    634 
  39    2    11    269 
  39    3    24    585 
  39    4    20    488 
  39    5    21    520 
  39    6    14    351 
  39    7    13    337 
  39    8    24    582 
  39    9    26    633 
  39   10    12    312 
  39   11    15    378 
  39   12    12    308 
  39   13    19    482 
  39   14    30    734 
  39   15    21    515 
  39   16    27    668 
  39   17    19    471 
  39   18    26    630 
  39   19    26    646 
  39   20    30    732 
  39   21    15    370 
  39   22    20    485 
  39   23     8    201 
  39   24    26    650 
  39   25    12    295 
  39   26    13    324 
  39   27    22    535 
  39   28    32    779 
  39   29     9    227 
  39   30    27    661 
  39   31     9    238 
  39   32    20    490 
  39   33     8    214 
  39   34     8    203 
  39   35    25    625 
  39   36    27    672 
  39   37    11    277 
  39   38    15    366 
  39   39    17    427 
