 40
 40

   34
   13
   10
   17
   35
    4
   49
    5
    2
   17
   41
   18
    4
    9
   20
    4
   45
   41
   31
   32
   44
   49
    7
   43
    1
   44
   49
   17
   44
   18
    6
   41
    7
    2
    2
    6
   42
    7
   45
    6

   15
   24
   29
    9
    3
   11
   34
   49
   28
    9
   50
   21
    9
   41
   31
   17
   42
   27
   14
   43
   13
   36
    4
   11
   24
   34
    6
   15
   29
   36
   32
    8
   14
    3
    2
   28
   13
   13
   41
   43

   0    0    30    700 
   0    1    21    502 
   0    2    12    278 
   0    3    11    255 
   0    4    16    371 
   0    5    11    271 
   0    6    32    750 
   0    7    31    728 
   0    8    19    445 
   0    9    17    406 
   0   10    11    267 
   0   11    20    481 
   0   12    10    232 
   0   13    29    690 
   0   14    26    614 
   0   15    15    352 
   0   16    19    457 
   0   17    31    738 
   0   18    26    607 
   0   19    29    686 
   0   20    10    236 
   0   21     8    202 
   0   22    28    656 
   0   23     9    217 
   0   24    12    282 
   0   25     9    223 
   0   26    14    342 
   0   27    32    749 
   0   28    27    629 
   0   29    22    511 
   0   30    31    721 
   0   31    26    602 
   0   32    24    557 
   0   33    12    286 
   0   34    29    675 
   0   35    28    649 
   0   36    33    771 
   0   37    32    743 
   0   38    25    595 
   0   39    29    681 
   1    0    17    398 
   1    1    31    725 
   1    2    16    386 
   1    3    22    511 
   1    4    25    581 
   1    5    17    407 
   1    6    22    528 
   1    7    22    518 
   1    8    31    726 
   1    9    13    319 
   1   10    25    586 
   1   11    15    346 
   1   12    26    617 
   1   13    22    518 
   1   14    32    739 
   1   15    31    738 
   1   16    27    629 
   1   17    15    347 
   1   18    23    535 
   1   19    32    740 
   1   20    13    312 
   1   21    25    587 
   1   22    11    261 
   1   23    28    667 
   1   24    14    335 
   1   25    19    460 
   1   26    26    600 
   1   27    28    650 
   1   28     9    216 
   1   29    22    515 
   1   30    29    680 
   1   31    32    755 
   1   32    32    743 
   1   33    33    769 
   1   34    27    628 
   1   35    21    505 
   1   36    27    637 
   1   37    12    288 
   1   38    12    295 
   1   39    21    501 
   2    0    21    485 
   2    1    34    791 
   2    2    10    253 
   2    3    29    671 
   2    4    28    652 
   2    5    31    734 
   2    6    14    330 
   2    7    26    621 
   2    8    21    507 
   2    9    18    427 
   2   10    14    334 
   2   11    32    751 
   2   12    16    371 
   2   13    15    356 
   2   14    15    358 
   2   15    22    519 
   2   16    32    757 
   2   17    33    773 
   2   18    25    581 
   2   19    23    543 
   2   20    30    692 
   2   21    13    310 
   2   22    16    370 
   2   23    21    494 
   2   24    24    571 
   2   25    30    699 
   2   26    24    575 
   2   27    25    582 
   2   28    34    794 
   2   29    32    755 
   2   30    20    470 
   2   31    19    454 
   2   32     8    204 
   2   33    30    702 
   2   34    32    739 
   2   35    34    789 
   2   36    30    701 
   2   37    19    460 
   2   38    28    664 
   2   39    32    748 
   3    0    19    449 
   3    1    20    466 
   3    2    15    367 
   3    3    20    471 
   3    4    26    622 
   3    5    19    459 
   3    6    26    617 
   3    7    12    290 
   3    8    13    317 
   3    9    16    373 
   3   10    10    239 
   3   11    15    359 
   3   12    13    309 
   3   13    18    428 
   3   14    29    680 
   3   15    24    575 
   3   16    27    632 
   3   17    30    701 
   3   18    16    388 
   3   19    13    320 
   3   20    11    264 
   3   21    26    605 
   3   22    10    253 
   3   23    21    488 
   3   24    26    607 
   3   25    32    741 
   3   26    18    437 
   3   27    20    463 
   3   28    11    256 
   3   29    16    376 
   3   30    30    707 
   3   31    29    676 
   3   32    24    565 
   3   33     8    205 
   3   34    15    358 
   3   35    11    258 
   3   36    14    325 
   3   37     9    230 
   3   38    31    723 
   3   39    28    646 
   4    0    18    428 
   4    1    10    235 
   4    2    28    658 
   4    3    23    537 
   4    4    24    564 
   4    5    17    412 
   4    6    28    646 
   4    7    29    691 
   4    8    18    419 
   4    9    26    618 
   4   10    22    523 
   4   11    24    563 
   4   12    31    734 
   4   13    25    596 
   4   14    20    472 
   4   15    13    307 
   4   16    34    792 
   4   17    28    653 
   4   18    30    698 
   4   19     8    202 
   4   20    15    366 
   4   21    31    716 
   4   22    18    424 
   4   23    23    551 
   4   24    11    275 
   4   25    11    270 
   4   26    23    552 
   4   27    12    294 
   4   28    10    246 
   4   29    28    646 
   4   30    22    526 
   4   31    15    357 
   4   32    11    272 
   4   33    31    730 
   4   34    20    476 
   4   35    17    402 
   4   36    11    256 
   4   37    11    273 
   4   38    25    587 
   4   39    20    472 
   5    0    19    456 
   5    1    16    371 
   5    2    20    471 
   5    3    33    784 
   5    4    26    613 
   5    5    31    725 
   5    6    24    570 
   5    7    33    777 
   5    8    15    369 
   5    9    22    522 
   5   10    32    761 
   5   11    10    237 
   5   12    13    322 
   5   13    15    352 
   5   14    23    542 
   5   15    30    713 
   5   16    16    375 
   5   17    30    714 
   5   18    13    314 
   5   19     8    201 
   5   20    15    361 
   5   21    32    752 
   5   22    24    558 
   5   23    11    268 
   5   24    20    464 
   5   25    18    427 
   5   26    31    736 
   5   27    23    542 
   5   28    29    686 
   5   29    33    778 
   5   30    16    383 
   5   31    17    394 
   5   32    27    638 
   5   33    19    455 
   5   34    13    305 
   5   35    22    517 
   5   36    34    789 
   5   37    12    283 
   5   38    16    391 
   5   39    12    294 
   6    0    26    612 
   6    1    32    743 
   6    2    32    758 
   6    3    14    343 
   6    4    29    688 
   6    5    18    430 
   6    6    16    383 
   6    7    11    258 
   6    8    29    690 
   6    9    16    382 
   6   10    19    452 
   6   11    13    316 
   6   12    27    636 
   6   13    14    345 
   6   14    12    284 
   6   15     9    217 
   6   16    13    302 
   6   17    27    634 
   6   18    13    318 
   6   19    32    751 
   6   20    32    739 
   6   21    32    759 
   6   22    14    338 
   6   23    25    577 
   6   24    17    403 
   6   25    32    761 
   6   26    16    389 
   6   27    25    589 
   6   28    28    648 
   6   29    21    492 
   6   30    22    514 
   6   31    20    477 
   6   32    14    332 
   6   33    34    796 
   6   34    19    461 
   6   35    26    616 
   6   36    22    530 
   6   37    34    788 
   6   38    12    292 
   6   39    26    620 
   7    0    26    615 
   7    1    10    237 
   7    2    11    259 
   7    3    32    754 
   7    4    23    534 
   7    5    12    295 
   7    6     9    221 
   7    7    27    628 
   7    8    19    458 
   7    9    11    256 
   7   10    34    800 
   7   11    25    597 
   7   12    12    286 
   7   13    17    404 
   7   14    10    239 
   7   15    31    737 
   7   16    25    593 
   7   17    13    317 
   7   18    32    754 
   7   19    16    375 
   7   20    11    275 
   7   21    27    638 
   7   22    33    766 
   7   23    34    790 
   7   24    26    605 
   7   25     9    212 
   7   26    21    507 
   7   27    16    383 
   7   28    34    785 
   7   29    33    764 
   7   30    32    749 
   7   31    31    735 
   7   32    28    662 
   7   33    28    665 
   7   34    20    474 
   7   35    22    515 
   7   36    18    424 
   7   37    30    710 
   7   38    15    368 
   7   39    26    603 
   8    0    27    633 
   8    1    25    599 
   8    2    18    419 
   8    3    28    651 
   8    4    31    734 
   8    5    28    659 
   8    6    27    632 
   8    7    24    574 
   8    8    20    475 
   8    9    23    553 
   8   10    33    781 
   8   11    25    594 
   8   12    28    663 
   8   13    20    478 
   8   14    19    454 
   8   15    14    341 
   8   16    14    328 
   8   17    12    296 
   8   18    14    339 
   8   19    23    548 
   8   20    15    347 
   8   21    21    506 
   8   22    23    541 
   8   23    30    702 
   8   24    26    602 
   8   25     9    219 
   8   26    15    351 
   8   27    20    469 
   8   28    32    743 
   8   29    29    681 
   8   30    11    258 
   8   31    18    433 
   8   32    17    414 
   8   33    25    590 
   8   34    29    682 
   8   35    27    636 
   8   36    23    553 
   8   37     9    221 
   8   38    28    662 
   8   39    12    297 
   9    0    30    692 
   9    1    21    492 
   9    2    18    430 
   9    3    22    513 
   9    4    33    783 
   9    5    22    524 
   9    6     9    224 
   9    7    10    235 
   9    8    16    378 
   9    9    24    575 
   9   10    11    266 
   9   11    25    590 
   9   12    24    557 
   9   13    12    289 
   9   14    17    395 
   9   15    23    551 
   9   16    19    461 
   9   17     9    225 
   9   18    25    585 
   9   19    29    686 
   9   20    19    459 
   9   21    14    338 
   9   22    20    474 
   9   23    12    289 
   9   24    33    764 
   9   25    27    643 
   9   26    29    673 
   9   27    29    676 
   9   28    27    635 
   9   29    29    683 
   9   30    22    520 
   9   31    14    333 
   9   32    12    285 
   9   33    30    701 
   9   34    11    270 
   9   35    16    377 
   9   36     9    225 
   9   37    22    528 
   9   38    24    572 
   9   39    29    676 
  10    0    14    343 
  10    1    24    573 
  10    2    22    521 
  10    3    15    365 
  10    4    28    657 
  10    5    23    545 
  10    6    23    545 
  10    7    10    247 
  10    8    17    412 
  10    9    32    747 
  10   10    28    647 
  10   11    17    409 
  10   12    17    414 
  10   13    12    284 
  10   14    33    768 
  10   15    26    614 
  10   16    34    785 
  10   17    13    308 
  10   18    28    655 
  10   19    16    386 
  10   20    18    427 
  10   21    32    740 
  10   22    22    508 
  10   23    32    756 
  10   24    12    299 
  10   25    22    512 
  10   26    20    479 
  10   27    10    235 
  10   28    32    740 
  10   29    31    738 
  10   30    24    559 
  10   31    22    519 
  10   32    25    587 
  10   33    32    757 
  10   34    20    483 
  10   35    31    735 
  10   36    12    298 
  10   37    30    712 
  10   38    19    445 
  10   39    24    574 
  11    0    23    542 
  11    1    17    415 
  11    2    25    589 
  11    3    21    491 
  11    4    24    576 
  11    5    29    672 
  11    6    33    767 
  11    7    25    583 
  11    8    14    324 
  11    9    14    337 
  11   10    10    244 
  11   11    27    644 
  11   12    14    335 
  11   13    21    494 
  11   14    31    724 
  11   15    30    712 
  11   16    20    464 
  11   17     8    200 
  11   18    15    355 
  11   19     9    224 
  11   20    22    517 
  11   21    26    614 
  11   22    14    323 
  11   23    18    434 
  11   24    21    497 
  11   25    15    359 
  11   26    15    346 
  11   27    23    533 
  11   28    27    641 
  11   29    14    329 
  11   30    12    288 
  11   31    20    474 
  11   32    10    251 
  11   33    23    547 
  11   34    31    730 
  11   35    27    644 
  11   36    28    647 
  11   37    14    324 
  11   38    33    779 
  11   39    34    794 
  12    0    29    689 
  12    1    25    591 
  12    2    23    550 
  12    3    15    356 
  12    4    21    495 
  12    5    21    489 
  12    6    23    540 
  12    7    31    716 
  12    8    30    712 
  12    9    27    637 
  12   10    28    662 
  12   11    10    232 
  12   12     9    220 
  12   13    32    742 
  12   14    29    687 
  12   15    16    370 
  12   16    22    526 
  12   17    32    756 
  12   18    13    305 
  12   19    19    459 
  12   20    34    797 
  12   21    27    633 
  12   22    28    661 
  12   23    13    311 
  12   24    13    316 
  12   25    15    368 
  12   26    33    766 
  12   27    15    354 
  12   28    18    423 
  12   29    13    305 
  12   30    15    365 
  12   31    11    260 
  12   32    26    613 
  12   33    14    328 
  12   34    23    544 
  12   35    24    554 
  12   36    34    800 
  12   37     9    224 
  12   38    12    297 
  12   39    15    353 
  13    0    12    285 
  13    1    26    606 
  13    2    13    315 
  13    3    24    576 
  13    4    22    530 
  13    5    12    292 
  13    6     8    204 
  13    7    10    237 
  13    8    20    463 
  13    9    26    603 
  13   10    34    800 
  13   11    32    757 
  13   12    10    239 
  13   13    12    298 
  13   14    34    800 
  13   15    29    670 
  13   16    34    797 
  13   17    13    306 
  13   18    14    344 
  13   19    31    717 
  13   20    12    295 
  13   21    16    376 
  13   22    15    365 
  13   23    16    386 
  13   24    12    290 
  13   25    27    634 
  13   26    28    666 
  13   27    12    298 
  13   28    25    586 
  13   29    11    267 
  13   30    34    788 
  13   31    28    658 
  13   32    30    692 
  13   33    29    687 
  13   34    26    610 
  13   35    31    722 
  13   36    15    369 
  13   37    31    733 
  13   38    11    256 
  13   39    33    764 
  14    0    10    248 
  14    1    17    413 
  14    2    33    783 
  14    3    20    475 
  14    4    24    571 
  14    5    11    269 
  14    6    28    650 
  14    7    26    605 
  14    8    21    497 
  14    9    10    236 
  14   10    26    608 
  14   11     9    226 
  14   12    18    435 
  14   13    17    395 
  14   14    26    610 
  14   15    28    654 
  14   16    16    372 
  14   17    34    789 
  14   18    31    735 
  14   19     9    225 
  14   20    18    435 
  14   21    18    426 
  14   22     9    222 
  14   23    19    456 
  14   24    16    378 
  14   25    13    313 
  14   26    31    734 
  14   27    23    540 
  14   28    23    533 
  14   29    30    711 
  14   30    24    556 
  14   31    22    524 
  14   32    29    674 
  14   33    15    352 
  14   34    14    335 
  14   35    26    613 
  14   36    20    464 
  14   37    19    446 
  14   38    12    291 
  14   39    24    566 
  15    0    20    479 
  15    1    25    581 
  15    2    24    562 
  15    3    30    700 
  15    4    32    746 
  15    5    32    746 
  15    6    16    383 
  15    7    34    791 
  15    8     9    223 
  15    9    30    702 
  15   10    22    521 
  15   11    18    435 
  15   12    29    687 
  15   13    29    690 
  15   14    10    238 
  15   15    15    360 
  15   16    15    363 
  15   17    28    663 
  15   18    17    399 
  15   19    12    278 
  15   20    28    661 
  15   21     8    201 
  15   22    26    614 
  15   23    32    742 
  15   24    24    564 
  15   25    14    327 
  15   26    18    432 
  15   27    30    712 
  15   28    17    408 
  15   29    25    596 
  15   30    21    487 
  15   31    28    650 
  15   32    22    522 
  15   33    14    326 
  15   34    17    393 
  15   35     9    213 
  15   36    12    286 
  15   37    31    738 
  15   38    26    621 
  15   39    34    799 
  16    0    25    586 
  16    1    10    249 
  16    2    17    400 
  16    3    23    545 
  16    4    22    521 
  16    5    13    318 
  16    6    20    465 
  16    7    11    262 
  16    8    27    643 
  16    9    24    564 
  16   10    23    551 
  16   11    11    272 
  16   12    17    406 
  16   13    23    538 
  16   14    16    389 
  16   15    18    429 
  16   16     8    201 
  16   17    24    556 
  16   18    23    538 
  16   19    17    408 
  16   20    28    653 
  16   21    27    641 
  16   22    29    678 
  16   23    13    311 
  16   24    11    261 
  16   25     9    229 
  16   26    10    238 
  16   27    33    765 
  16   28    23    537 
  16   29    18    436 
  16   30    25    592 
  16   31    11    273 
  16   32    27    626 
  16   33    11    276 
  16   34    30    702 
  16   35     8    206 
  16   36    28    653 
  16   37    33    783 
  16   38    17    410 
  16   39    14    329 
  17    0    23    550 
  17    1    29    671 
  17    2    11    260 
  17    3    13    321 
  17    4    17    411 
  17    5     9    230 
  17    6    10    235 
  17    7    29    678 
  17    8    26    613 
  17    9    14    340 
  17   10    28    646 
  17   11    28    653 
  17   12    13    315 
  17   13    28    657 
  17   14    30    695 
  17   15    30    713 
  17   16    34    792 
  17   17    21    502 
  17   18    22    529 
  17   19    25    582 
  17   20    29    672 
  17   21    16    373 
  17   22    24    563 
  17   23    11    255 
  17   24    25    598 
  17   25    17    396 
  17   26    23    533 
  17   27    31    730 
  17   28    15    350 
  17   29    19    451 
  17   30    10    235 
  17   31    14    345 
  17   32    22    509 
  17   33    16    380 
  17   34    16    376 
  17   35    28    656 
  17   36    19    444 
  17   37    27    634 
  17   38    27    643 
  17   39    29    679 
  18    0    15    366 
  18    1    10    234 
  18    2    32    750 
  18    3    27    634 
  18    4    26    618 
  18    5    12    277 
  18    6    20    484 
  18    7    11    263 
  18    8    28    664 
  18    9    31    723 
  18   10    19    447 
  18   11    15    355 
  18   12    33    770 
  18   13    27    639 
  18   14    14    334 
  18   15    22    519 
  18   16    14    330 
  18   17    10    250 
  18   18    19    439 
  18   19    18    434 
  18   20    19    443 
  18   21    24    560 
  18   22    25    578 
  18   23    14    342 
  18   24     8    201 
  18   25    29    684 
  18   26    24    555 
  18   27    14    340 
  18   28    13    321 
  18   29    12    283 
  18   30    31    726 
  18   31    21    502 
  18   32    26    604 
  18   33    19    449 
  18   34    22    514 
  18   35    11    254 
  18   36    33    768 
  18   37    22    514 
  18   38    31    723 
  18   39    25    591 
  19    0    32    744 
  19    1    34    785 
  19    2    16    380 
  19    3    23    552 
  19    4    28    667 
  19    5    25    587 
  19    6    19    444 
  19    7    33    772 
  19    8    34    793 
  19    9    15    361 
  19   10    17    399 
  19   11    32    755 
  19   12    26    601 
  19   13    29    672 
  19   14    16    384 
  19   15    11    259 
  19   16    31    738 
  19   17    17    402 
  19   18    16    376 
  19   19    27    644 
  19   20     9    212 
  19   21    24    555 
  19   22    13    302 
  19   23    17    407 
  19   24    11    268 
  19   25    28    649 
  19   26    33    781 
  19   27    29    682 
  19   28    12    299 
  19   29    30    709 
  19   30    18    425 
  19   31    12    283 
  19   32    11    273 
  19   33    13    318 
  19   34    27    643 
  19   35    22    529 
  19   36    11    271 
  19   37    14    329 
  19   38    13    311 
  19   39    28    655 
  20    0    30    701 
  20    1    16    392 
  20    2    13    318 
  20    3    10    243 
  20    4    22    514 
  20    5     9    220 
  20    6    34    799 
  20    7    25    593 
  20    8    32    742 
  20    9    10    235 
  20   10    13    314 
  20   11    10    239 
  20   12    13    308 
  20   13    25    582 
  20   14    24    560 
  20   15    26    616 
  20   16    25    590 
  20   17    21    495 
  20   18     9    229 
  20   19    21    486 
  20   20    13    308 
  20   21    30    698 
  20   22     8    202 
  20   23    10    235 
  20   24    21    493 
  20   25    19    439 
  20   26    15    353 
  20   27    15    361 
  20   28    30    706 
  20   29    19    445 
  20   30    31    717 
  20   31    15    368 
  20   32    34    799 
  20   33    13    317 
  20   34    17    393 
  20   35    33    777 
  20   36    24    568 
  20   37    26    618 
  20   38    30    696 
  20   39    25    577 
  21    0    21    498 
  21    1     9    227 
  21    2     9    221 
  21    3    10    234 
  21    4    12    294 
  21    5    24    562 
  21    6    28    649 
  21    7    28    653 
  21    8    27    627 
  21    9    23    534 
  21   10    11    259 
  21   11    31    729 
  21   12    30    706 
  21   13    19    445 
  21   14     8    200 
  21   15    30    703 
  21   16    20    471 
  21   17    33    774 
  21   18    30    698 
  21   19    32    758 
  21   20    32    739 
  21   21    32    754 
  21   22    18    438 
  21   23    13    305 
  21   24    23    545 
  21   25    29    682 
  21   26    33    772 
  21   27    19    458 
  21   28    10    251 
  21   29    17    406 
  21   30    13    319 
  21   31    24    573 
  21   32    21    492 
  21   33    34    787 
  21   34    22    528 
  21   35    17    394 
  21   36    32    761 
  21   37    24    564 
  21   38    33    771 
  21   39    27    634 
  22    0    33    782 
  22    1    33    764 
  22    2    30    709 
  22    3    31    732 
  22    4    25    588 
  22    5    16    382 
  22    6    16    386 
  22    7    27    645 
  22    8    28    650 
  22    9    28    659 
  22   10    31    726 
  22   11    32    745 
  22   12    18    437 
  22   13    14    345 
  22   14    21    501 
  22   15     9    220 
  22   16    18    429 
  22   17    25    596 
  22   18    30    696 
  22   19    19    456 
  22   20    26    614 
  22   21    30    709 
  22   22    10    249 
  22   23    10    253 
  22   24    23    550 
  22   25     9    208 
  22   26    16    391 
  22   27    33    780 
  22   28    24    568 
  22   29    21    497 
  22   30    15    350 
  22   31    10    238 
  22   32     8    200 
  22   33    11    266 
  22   34    34    796 
  22   35    34    795 
  22   36    25    579 
  22   37    22    524 
  22   38    23    550 
  22   39    33    784 
  23    0    20    472 
  23    1    28    659 
  23    2    15    354 
  23    3    26    613 
  23    4    18    428 
  23    5    11    261 
  23    6     9    214 
  23    7    17    399 
  23    8    27    625 
  23    9    27    627 
  23   10    11    271 
  23   11     9    229 
  23   12    16    372 
  23   13    17    402 
  23   14    16    371 
  23   15    20    475 
  23   16    26    618 
  23   17    16    383 
  23   18    34    800 
  23   19    18    423 
  23   20    30    708 
  23   21    19    451 
  23   22    31    721 
  23   23    28    646 
  23   24    13    317 
  23   25     9    208 
  23   26    26    603 
  23   27    31    735 
  23   28    32    750 
  23   29    17    412 
  23   30    13    306 
  23   31    24    572 
  23   32    20    468 
  23   33    18    421 
  23   34    16    392 
  23   35    32    741 
  23   36    25    580 
  23   37     9    214 
  23   38    10    248 
  23   39    32    749 
  24    0    22    512 
  24    1    20    482 
  24    2    20    472 
  24    3    22    524 
  24    4    28    662 
  24    5    13    321 
  24    6    14    339 
  24    7    33    776 
  24    8    14    323 
  24    9    23    542 
  24   10    11    268 
  24   11    20    478 
  24   12    31    729 
  24   13    15    360 
  24   14    28    663 
  24   15    22    515 
  24   16    14    336 
  24   17    27    637 
  24   18     9    218 
  24   19    32    744 
  24   20    26    615 
  24   21    16    370 
  24   22    24    574 
  24   23    24    570 
  24   24    33    770 
  24   25    23    532 
  24   26    30    713 
  24   27    18    424 
  24   28    31    724 
  24   29    29    671 
  24   30    20    470 
  24   31    23    533 
  24   32    15    349 
  24   33    20    466 
  24   34    19    448 
  24   35    15    353 
  24   36    12    288 
  24   37    24    565 
  24   38    11    256 
  24   39    15    363 
  25    0    14    327 
  25    1    21    485 
  25    2    13    317 
  25    3    18    416 
  25    4     9    223 
  25    5    13    309 
  25    6    10    241 
  25    7    25    579 
  25    8    12    293 
  25    9    27    628 
  25   10    11    257 
  25   11    20    477 
  25   12    15    358 
  25   13    24    563 
  25   14    26    613 
  25   15    17    411 
  25   16     9    219 
  25   17    15    348 
  25   18    23    542 
  25   19    20    483 
  25   20     9    213 
  25   21    33    764 
  25   22    24    568 
  25   23    31    727 
  25   24    23    546 
  25   25    13    308 
  25   26    23    531 
  25   27    15    355 
  25   28    20    475 
  25   29    33    763 
  25   30    26    620 
  25   31    20    470 
  25   32    13    319 
  25   33    28    668 
  25   34    13    306 
  25   35    29    684 
  25   36    14    342 
  25   37    24    568 
  25   38    12    282 
  25   39    25    590 
  26    0    30    708 
  26    1     9    223 
  26    2    18    425 
  26    3    25    595 
  26    4    20    467 
  26    5    18    422 
  26    6    30    701 
  26    7    10    236 
  26    8    23    551 
  26    9    19    451 
  26   10    12    286 
  26   11    29    679 
  26   12    20    480 
  26   13    29    671 
  26   14    29    679 
  26   15    32    749 
  26   16    22    508 
  26   17    27    623 
  26   18    29    690 
  26   19    26    609 
  26   20    31    717 
  26   21    20    465 
  26   22    12    290 
  26   23    19    459 
  26   24    32    760 
  26   25    27    626 
  26   26    34    800 
  26   27    25    591 
  26   28    32    739 
  26   29    28    646 
  26   30    21    495 
  26   31    22    521 
  26   32    20    476 
  26   33    15    349 
  26   34    17    408 
  26   35    14    331 
  26   36    14    329 
  26   37    31    738 
  26   38    27    626 
  26   39    31    718 
  27    0    16    384 
  27    1    11    275 
  27    2    15    357 
  27    3    22    523 
  27    4    14    341 
  27    5    18    434 
  27    6    31    736 
  27    7    11    262 
  27    8    32    760 
  27    9    24    561 
  27   10    14    325 
  27   11    29    680 
  27   12    23    549 
  27   13     9    210 
  27   14    12    299 
  27   15     9    224 
  27   16    10    252 
  27   17    21    496 
  27   18    22    515 
  27   19    20    478 
  27   20    25    591 
  27   21     8    207 
  27   22    32    750 
  27   23    26    618 
  27   24    10    233 
  27   25    19    444 
  27   26    20    470 
  27   27    21    498 
  27   28    10    233 
  27   29    29    677 
  27   30    27    627 
  27   31    17    401 
  27   32    27    624 
  27   33    29    686 
  27   34    21    490 
  27   35     9    218 
  27   36    33    770 
  27   37    24    567 
  27   38    33    782 
  27   39    15    355 
  28    0    34    796 
  28    1    19    447 
  28    2    23    539 
  28    3    24    565 
  28    4    32    755 
  28    5    32    746 
  28    6    27    637 
  28    7     9    224 
  28    8    23    549 
  28    9    20    466 
  28   10    10    235 
  28   11    31    723 
  28   12    10    241 
  28   13    26    612 
  28   14    30    714 
  28   15    31    717 
  28   16    33    762 
  28   17    24    572 
  28   18    22    515 
  28   19    23    538 
  28   20    10    253 
  28   21    19    451 
  28   22    18    423 
  28   23    17    400 
  28   24    13    319 
  28   25     9    225 
  28   26    31    715 
  28   27    15    369 
  28   28    27    642 
  28   29    23    536 
  28   30    31    735 
  28   31    23    531 
  28   32    14    339 
  28   33    28    657 
  28   34    28    663 
  28   35    12    298 
  28   36    15    360 
  28   37    11    257 
  28   38    22    517 
  28   39    22    508 
  29    0    27    625 
  29    1    30    695 
  29    2    31    722 
  29    3    13    303 
  29    4    19    441 
  29    5    13    320 
  29    6    34    790 
  29    7    13    304 
  29    8    30    700 
  29    9    20    478 
  29   10    32    739 
  29   11    21    500 
  29   12    33    766 
  29   13    30    713 
  29   14    21    496 
  29   15    27    640 
  29   16    20    463 
  29   17    17    409 
  29   18    32    753 
  29   19    31    730 
  29   20    31    733 
  29   21    10    249 
  29   22    12    281 
  29   23    12    282 
  29   24    21    487 
  29   25    14    336 
  29   26    11    269 
  29   27    26    602 
  29   28    10    233 
  29   29    17    403 
  29   30    32    751 
  29   31    33    769 
  29   32    10    233 
  29   33    19    452 
  29   34    27    629 
  29   35    31    717 
  29   36    32    761 
  29   37    31    717 
  29   38    24    574 
  29   39    27    625 
  30    0    13    317 
  30    1    10    248 
  30    2    31    715 
  30    3    25    582 
  30    4    19    447 
  30    5    21    494 
  30    6     9    210 
  30    7    26    612 
  30    8    34    793 
  30    9    16    375 
  30   10    23    536 
  30   11    24    571 
  30   12    27    634 
  30   13    17    396 
  30   14    32    756 
  30   15    20    466 
  30   16    18    425 
  30   17    20    484 
  30   18    30    709 
  30   19    22    515 
  30   20    17    403 
  30   21    25    594 
  30   22    20    482 
  30   23    16    377 
  30   24    23    553 
  30   25    10    232 
  30   26    15    362 
  30   27    21    496 
  30   28     9    214 
  30   29    12    282 
  30   30    30    714 
  30   31    31    717 
  30   32    18    426 
  30   33    23    542 
  30   34    24    570 
  30   35    32    752 
  30   36    15    362 
  30   37    21    499 
  30   38    12    292 
  30   39    29    683 
  31    0    13    302 
  31    1    32    750 
  31    2    14    344 
  31    3    32    742 
  31    4    12    294 
  31    5    27    623 
  31    6    12    291 
  31    7    31    727 
  31    8    20    478 
  31    9    24    556 
  31   10    25    598 
  31   11    27    628 
  31   12    14    338 
  31   13    29    682 
  31   14    34    795 
  31   15    28    668 
  31   16    23    536 
  31   17    22    530 
  31   18    12    281 
  31   19    28    663 
  31   20    24    573 
  31   21    18    423 
  31   22    20    480 
  31   23    21    490 
  31   24    22    525 
  31   25    11    265 
  31   26    19    439 
  31   27    31    732 
  31   28    20    475 
  31   29    29    669 
  31   30    15    351 
  31   31    10    236 
  31   32    13    301 
  31   33    31    720 
  31   34    16    383 
  31   35    28    665 
  31   36    12    280 
  31   37    31    727 
  31   38    33    781 
  31   39    26    615 
  32    0    10    231 
  32    1    16    372 
  32    2    15    359 
  32    3    18    418 
  32    4    32    756 
  32    5    17    414 
  32    6    33    762 
  32    7    11    276 
  32    8    23    535 
  32    9    16    376 
  32   10    32    750 
  32   11    11    269 
  32   12    14    336 
  32   13    23    534 
  32   14    19    448 
  32   15    15    362 
  32   16    26    600 
  32   17    30    701 
  32   18    16    377 
  32   19    29    672 
  32   20    20    477 
  32   21     9    215 
  32   22    32    758 
  32   23    30    705 
  32   24    34    789 
  32   25    13    306 
  32   26    10    236 
  32   27    32    742 
  32   28    28    656 
  32   29    28    663 
  32   30    13    312 
  32   31    10    242 
  32   32    15    358 
  32   33    26    613 
  32   34    27    626 
  32   35    15    368 
  32   36    14    325 
  32   37    11    265 
  32   38    22    511 
  32   39    18    430 
  33    0    21    506 
  33    1    11    260 
  33    2    25    598 
  33    3    21    492 
  33    4    34    793 
  33    5    10    241 
  33    6    18    421 
  33    7    17    397 
  33    8    10    237 
  33    9    20    464 
  33   10    19    451 
  33   11    32    759 
  33   12    29    680 
  33   13    25    592 
  33   14    33    766 
  33   15    32    739 
  33   16    34    788 
  33   17    22    522 
  33   18    15    352 
  33   19    12    287 
  33   20    13    301 
  33   21    10    253 
  33   22    29    687 
  33   23    22    512 
  33   24    24    560 
  33   25     9    208 
  33   26    11    264 
  33   27    31    738 
  33   28    18    425 
  33   29    12    293 
  33   30    10    250 
  33   31     8    203 
  33   32    12    289 
  33   33    17    410 
  33   34    31    722 
  33   35    23    535 
  33   36    10    243 
  33   37    33    763 
  33   38    26    620 
  33   39    25    593 
  34    0    32    740 
  34    1    11    259 
  34    2    16    388 
  34    3    17    410 
  34    4    12    291 
  34    5    32    745 
  34    6    16    391 
  34    7    18    437 
  34    8    29    670 
  34    9    22    522 
  34   10    25    587 
  34   11    33    771 
  34   12    23    542 
  34   13    16    388 
  34   14    11    261 
  34   15    22    515 
  34   16    31    736 
  34   17    19    461 
  34   18    33    783 
  34   19    15    360 
  34   20    32    755 
  34   21    30    710 
  34   22    15    349 
  34   23    17    405 
  34   24    24    554 
  34   25    20    477 
  34   26    33    768 
  34   27    23    553 
  34   28    27    635 
  34   29    22    522 
  34   30     8    202 
  34   31    12    278 
  34   32    11    265 
  34   33    10    240 
  34   34    33    784 
  34   35    26    619 
  34   36    27    625 
  34   37    15    351 
  34   38    14    331 
  34   39    18    430 
  35    0    18    434 
  35    1    17    403 
  35    2    31    721 
  35    3    19    461 
  35    4    28    661 
  35    5    26    601 
  35    6    20    482 
  35    7    31    733 
  35    8    14    334 
  35    9    26    610 
  35   10    28    662 
  35   11    24    561 
  35   12    16    377 
  35   13    28    654 
  35   14    17    401 
  35   15    12    287 
  35   16    13    315 
  35   17    30    714 
  35   18    16    389 
  35   19    23    531 
  35   20    29    673 
  35   21    34    786 
  35   22    10    237 
  35   23    22    518 
  35   24    22    518 
  35   25    22    508 
  35   26    17    412 
  35   27    26    615 
  35   28    28    661 
  35   29    20    467 
  35   30    23    534 
  35   31    28    656 
  35   32    25    594 
  35   33    24    570 
  35   34    10    252 
  35   35    31    718 
  35   36    25    582 
  35   37    12    289 
  35   38    22    524 
  35   39    30    697 
  36    0    11    259 
  36    1     9    208 
  36    2    32    742 
  36    3    27    641 
  36    4    24    568 
  36    5    29    674 
  36    6    29    681 
  36    7    22    527 
  36    8    14    330 
  36    9    32    740 
  36   10    30    708 
  36   11    21    491 
  36   12    13    304 
  36   13    12    287 
  36   14    17    414 
  36   15    21    506 
  36   16    28    661 
  36   17    27    638 
  36   18    17    400 
  36   19    29    683 
  36   20    14    340 
  36   21    20    478 
  36   22    19    454 
  36   23    18    437 
  36   24    26    610 
  36   25     9    227 
  36   26    30    694 
  36   27    10    249 
  36   28    25    591 
  36   29    21    496 
  36   30    26    618 
  36   31    33    784 
  36   32    29    672 
  36   33    25    578 
  36   34    16    376 
  36   35    13    305 
  36   36     9    218 
  36   37    10    244 
  36   38    30    711 
  36   39    22    528 
  37    0    27    644 
  37    1    11    256 
  37    2    16    391 
  37    3    24    570 
  37    4    31    722 
  37    5    26    602 
  37    6    10    243 
  37    7    12    287 
  37    8    29    682 
  37    9    32    753 
  37   10    15    365 
  37   11    10    233 
  37   12    22    508 
  37   13    23    551 
  37   14    24    571 
  37   15    21    491 
  37   16    34    795 
  37   17    30    692 
  37   18    13    303 
  37   19    25    596 
  37   20    29    673 
  37   21    29    671 
  37   22    32    758 
  37   23    29    674 
  37   24    19    450 
  37   25    30    694 
  37   26    28    647 
  37   27    22    521 
  37   28    28    665 
  37   29     9    225 
  37   30    18    437 
  37   31    23    546 
  37   32    24    558 
  37   33    30    708 
  37   34    21    493 
  37   35    15    369 
  37   36    34    788 
  37   37    21    488 
  37   38    24    574 
  37   39    31    725 
  38    0    18    433 
  38    1    32    740 
  38    2    21    506 
  38    3    13    306 
  38    4    25    591 
  38    5    18    434 
  38    6    25    584 
  38    7    25    581 
  38    8    30    697 
  38    9    25    589 
  38   10    23    551 
  38   11    15    359 
  38   12    27    628 
  38   13    28    651 
  38   14     9    215 
  38   15    27    639 
  38   16    20    470 
  38   17    31    729 
  38   18    22    528 
  38   19    23    546 
  38   20    26    600 
  38   21    17    400 
  38   22    23    544 
  38   23    33    767 
  38   24    10    232 
  38   25    13    305 
  38   26    24    554 
  38   27    21    492 
  38   28    11    269 
  38   29    14    342 
  38   30    10    247 
  38   31     9    211 
  38   32    12    277 
  38   33    33    771 
  38   34    16    371 
  38   35     8    201 
  38   36    15    346 
  38   37    24    576 
  38   38    27    644 
  38   39    17    404 
  39    0    18    432 
  39    1    16    373 
  39    2    34    798 
  39    3    13    319 
  39    4    24    557 
  39    5    34    795 
  39    6    18    433 
  39    7    22    514 
  39    8    25    585 
  39    9    10    252 
  39   10    19    459 
  39   11    27    640 
  39   12    11    274 
  39   13    31    737 
  39   14    25    592 
  39   15    17    396 
  39   16    26    601 
  39   17    22    515 
  39   18    15    355 
  39   19    31    719 
  39   20    22    516 
  39   21    18    432 
  39   22    27    644 
  39   23    30    706 
  39   24     9    208 
  39   25    17    414 
  39   26    29    691 
  39   27    21    486 
  39   28    21    492 
  39   29    32    750 
  39   30    28    668 
  39   31    34    790 
  39   32    23    551 
  39   33    20    466 
  39   34    16    385 
  39   35    32    745 
  39   36    13    318 
  39   37    30    704 
  39   38    14    327 
  39   39    31    720 
