 40
 40

   40
   46
    1
   36
   22
    9
   34
   48
   37
   46
    4
   27
   50
   34
    1
   38
   43
   23
   47
   41
   30
    2
    9
   32
    7
   32
    3
   34
    7
   31
   25
    7
   32
   20
   20
   18
   21
    4
   49
   48

   24
   14
   45
    5
   14
    7
   49
   11
   36
   14
   30
   15
   11
   23
   45
   43
    9
    9
   39
   24
   49
   27
   36
   16
   44
   30
   25
    6
   31
   41
   23
   21
   43
   48
   38
    5
   22
   15
   34
   37

   0    0    23    631 
   0    1    12    335 
   0    2    12    333 
   0    3    11    312 
   0    4    29    797 
   0    5    23    629 
   0    6     8    231 
   0    7    23    629 
   0    8    11    313 
   0    9    10    282 
   0   10    18    493 
   0   11    12    332 
   0   12    18    488 
   0   13    12    341 
   0   14    29    789 
   0   15    18    500 
   0   16     9    250 
   0   17    17    458 
   0   18    22    594 
   0   19    20    554 
   0   20    17    465 
   0   21    28    754 
   0   22    10    271 
   0   23    15    420 
   0   24    12    333 
   0   25    22    595 
   0   26    11    310 
   0   27    15    419 
   0   28     9    263 
   0   29    14    376 
   0   30    18    504 
   0   31    25    696 
   0   32    22    604 
   0   33     8    229 
   0   34    22    607 
   0   35    26    717 
   0   36    29    797 
   0   37    25    681 
   0   38    24    659 
   0   39    21    585 
   1    0    19    517 
   1    1    21    579 
   1    2    15    423 
   1    3    16    446 
   1    4    23    628 
   1    5    21    564 
   1    6    10    269 
   1    7     7    213 
   1    8    26    723 
   1    9    20    544 
   1   10    14    381 
   1   11    22    604 
   1   12    13    367 
   1   13    25    695 
   1   14    13    359 
   1   15     9    245 
   1   16    26    700 
   1   17    26    708 
   1   18    26    706 
   1   19    21    570 
   1   20    18    501 
   1   21    18    496 
   1   22    21    568 
   1   23    22    600 
   1   24    11    316 
   1   25    13    370 
   1   26     9    252 
   1   27    16    446 
   1   28    10    276 
   1   29    24    648 
   1   30    11    295 
   1   31    18    506 
   1   32    28    763 
   1   33    17    471 
   1   34    18    494 
   1   35    29    787 
   1   36    10    283 
   1   37    11    300 
   1   38    18    490 
   1   39    21    569 
   2    0     8    232 
   2    1    21    578 
   2    2    24    669 
   2    3    20    554 
   2    4    22    600 
   2    5    15    419 
   2    6    12    339 
   2    7    28    774 
   2    8    11    316 
   2    9    28    753 
   2   10    26    718 
   2   11    28    765 
   2   12    16    440 
   2   13    20    538 
   2   14    20    555 
   2   15    22    614 
   2   16    22    602 
   2   17    27    749 
   2   18    25    670 
   2   19    18    505 
   2   20    18    483 
   2   21    15    404 
   2   22    10    269 
   2   23    26    704 
   2   24     9    256 
   2   25    25    688 
   2   26    13    352 
   2   27    23    621 
   2   28    11    321 
   2   29    23    626 
   2   30    22    612 
   2   31    21    574 
   2   32    22    595 
   2   33    23    633 
   2   34    14    386 
   2   35    24    651 
   2   36    18    484 
   2   37    20    547 
   2   38    16    446 
   2   39    15    428 
   3    0    26    700 
   3    1    19    527 
   3    2    14    396 
   3    3    20    552 
   3    4    22    607 
   3    5    28    763 
   3    6    26    720 
   3    7    15    410 
   3    8    22    605 
   3    9    23    636 
   3   10    16    432 
   3   11    26    699 
   3   12    21    582 
   3   13    28    772 
   3   14     9    262 
   3   15    15    420 
   3   16    14    399 
   3   17    14    378 
   3   18    18    502 
   3   19    26    697 
   3   20    23    641 
   3   21    13    357 
   3   22    15    413 
   3   23    24    644 
   3   24    15    419 
   3   25    27    744 
   3   26    29    778 
   3   27    10    282 
   3   28     7    201 
   3   29    22    616 
   3   30    25    672 
   3   31    18    496 
   3   32    27    734 
   3   33    13    359 
   3   34    12    329 
   3   35    14    395 
   3   36    11    305 
   3   37    22    605 
   3   38    15    417 
   3   39    18    496 
   4    0    19    515 
   4    1    17    461 
   4    2    27    741 
   4    3     9    256 
   4    4    22    603 
   4    5    21    576 
   4    6    21    577 
   4    7    22    592 
   4    8    22    612 
   4    9    28    767 
   4   10    14    394 
   4   11     9    249 
   4   12    21    580 
   4   13    17    462 
   4   14    24    657 
   4   15    15    411 
   4   16    21    565 
   4   17     8    221 
   4   18    21    574 
   4   19    10    292 
   4   20    18    492 
   4   21     8    226 
   4   22    28    766 
   4   23    12    336 
   4   24    14    380 
   4   25    19    512 
   4   26    25    683 
   4   27    16    441 
   4   28    12    334 
   4   29    17    477 
   4   30    21    564 
   4   31     9    252 
   4   32    12    346 
   4   33    11    302 
   4   34    21    570 
   4   35     7    204 
   4   36     8    216 
   4   37    18    507 
   4   38    14    382 
   4   39    18    483 
   5    0    16    429 
   5    1    21    581 
   5    2    11    304 
   5    3    13    365 
   5    4    10    283 
   5    5    19    511 
   5    6    12    322 
   5    7    21    573 
   5    8    28    775 
   5    9    17    482 
   5   10    18    508 
   5   11    25    693 
   5   12    11    296 
   5   13    21    584 
   5   14     8    234 
   5   15    12    345 
   5   16    10    281 
   5   17    22    609 
   5   18    23    619 
   5   19    21    575 
   5   20    20    556 
   5   21    22    596 
   5   22    11    317 
   5   23    18    495 
   5   24     8    222 
   5   25    16    454 
   5   26    11    296 
   5   27    24    657 
   5   28    21    584 
   5   29    17    456 
   5   30    15    409 
   5   31    15    425 
   5   32    16    430 
   5   33    22    597 
   5   34    26    713 
   5   35    22    614 
   5   36    29    792 
   5   37    16    452 
   5   38     9    261 
   5   39    18    497 
   6    0    23    639 
   6    1    15    418 
   6    2    22    597 
   6    3     9    262 
   6    4    11    309 
   6    5    20    554 
   6    6    25    689 
   6    7    17    477 
   6    8    23    617 
   6    9    17    464 
   6   10    27    732 
   6   11    25    679 
   6   12    17    473 
   6   13    12    325 
   6   14    26    706 
   6   15    12    343 
   6   16    13    374 
   6   17    20    548 
   6   18    18    494 
   6   19    10    288 
   6   20    28    760 
   6   21    15    405 
   6   22     7    202 
   6   23    23    620 
   6   24    15    419 
   6   25    11    297 
   6   26    28    757 
   6   27    22    593 
   6   28    16    435 
   6   29    10    294 
   6   30    27    740 
   6   31    23    619 
   6   32    18    483 
   6   33    25    681 
   6   34    18    488 
   6   35     7    208 
   6   36    10    292 
   6   37    11    321 
   6   38     7    209 
   6   39    21    579 
   7    0    18    500 
   7    1    28    767 
   7    2     9    245 
   7    3    23    636 
   7    4     8    219 
   7    5    13    374 
   7    6    24    664 
   7    7    22    608 
   7    8    10    283 
   7    9    27    747 
   7   10    27    742 
   7   11    27    749 
   7   12    23    639 
   7   13    14    400 
   7   14     9    264 
   7   15     8    222 
   7   16    10    280 
   7   17    13    350 
   7   18    26    715 
   7   19    18    494 
   7   20    18    498 
   7   21    28    766 
   7   22    11    296 
   7   23    21    587 
   7   24    26    717 
   7   25    13    371 
   7   26    21    576 
   7   27     8    221 
   7   28    22    612 
   7   29    15    417 
   7   30     9    263 
   7   31    11    315 
   7   32    23    642 
   7   33    11    312 
   7   34    27    727 
   7   35    13    350 
   7   36    27    743 
   7   37     9    260 
   7   38    15    421 
   7   39    17    457 
   8    0    27    740 
   8    1     9    257 
   8    2     7    214 
   8    3    14    397 
   8    4    25    692 
   8    5    10    288 
   8    6     9    257 
   8    7    12    343 
   8    8    24    663 
   8    9    26    704 
   8   10    27    729 
   8   11    19    510 
   8   12    27    732 
   8   13    21    567 
   8   14     7    200 
   8   15    21    574 
   8   16    14    397 
   8   17    11    295 
   8   18    22    593 
   8   19    13    357 
   8   20    13    358 
   8   21    21    581 
   8   22    29    791 
   8   23    16    442 
   8   24    25    688 
   8   25     8    227 
   8   26    12    341 
   8   27    23    641 
   8   28    11    308 
   8   29     9    246 
   8   30    19    512 
   8   31    15    413 
   8   32    20    554 
   8   33    23    625 
   8   34    14    379 
   8   35    11    305 
   8   36    18    483 
   8   37    21    581 
   8   38    18    485 
   8   39    16    447 
   9    0    19    522 
   9    1    24    667 
   9    2    21    565 
   9    3    21    571 
   9    4    21    575 
   9    5    10    293 
   9    6    22    593 
   9    7    21    567 
   9    8     7    203 
   9    9    23    617 
   9   10    28    763 
   9   11    11    302 
   9   12    26    717 
   9   13    12    322 
   9   14    11    319 
   9   15    13    359 
   9   16    26    705 
   9   17    26    717 
   9   18    27    746 
   9   19     7    209 
   9   20    26    707 
   9   21    13    369 
   9   22    23    628 
   9   23     8    238 
   9   24    28    762 
   9   25    11    297 
   9   26    17    472 
   9   27    25    682 
   9   28    15    417 
   9   29    26    706 
   9   30    14    382 
   9   31    18    494 
   9   32    27    725 
   9   33    26    706 
   9   34    28    765 
   9   35    10    291 
   9   36    23    625 
   9   37    10    287 
   9   38    27    742 
   9   39    15    418 
  10    0    23    638 
  10    1     7    209 
  10    2    10    279 
  10    3    27    735 
  10    4    28    763 
  10    5    16    446 
  10    6    16    445 
  10    7     8    220 
  10    8    21    583 
  10    9    13    371 
  10   10    17    480 
  10   11    18    496 
  10   12    28    763 
  10   13    15    417 
  10   14    19    531 
  10   15    17    480 
  10   16    15    418 
  10   17    14    395 
  10   18    21    588 
  10   19    17    481 
  10   20    23    617 
  10   21    16    441 
  10   22    24    655 
  10   23    20    544 
  10   24    18    498 
  10   25    21    571 
  10   26    21    583 
  10   27     8    223 
  10   28    21    566 
  10   29    15    406 
  10   30    21    563 
  10   31    28    764 
  10   32    29    799 
  10   33    11    305 
  10   34    13    366 
  10   35    17    478 
  10   36    27    726 
  10   37    13    356 
  10   38    25    671 
  10   39    13    361 
  11    0    13    350 
  11    1    16    434 
  11    2    13    373 
  11    3    20    541 
  11    4    14    397 
  11    5    21    580 
  11    6    11    314 
  11    7    13    349 
  11    8    19    517 
  11    9    27    749 
  11   10    25    679 
  11   11    20    536 
  11   12     8    215 
  11   13    10    280 
  11   14    20    539 
  11   15     9    267 
  11   16    23    640 
  11   17    10    280 
  11   18    13    362 
  11   19    21    580 
  11   20    12    323 
  11   21    22    601 
  11   22    12    327 
  11   23    21    569 
  11   24    20    546 
  11   25    20    554 
  11   26    11    305 
  11   27     7    207 
  11   28    29    786 
  11   29    14    384 
  11   30     9    252 
  11   31    24    645 
  11   32    26    712 
  11   33    10    278 
  11   34    22    595 
  11   35    10    292 
  11   36    28    767 
  11   37    21    565 
  11   38    26    715 
  11   39    14    388 
  12    0    12    331 
  12    1    20    545 
  12    2    10    271 
  12    3    28    764 
  12    4    17    467 
  12    5    17    468 
  12    6     8    229 
  12    7    24    662 
  12    8    22    596 
  12    9    25    677 
  12   10    24    646 
  12   11    27    735 
  12   12    16    429 
  12   13    10    283 
  12   14    23    636 
  12   15    29    778 
  12   16    27    735 
  12   17    20    542 
  12   18     8    236 
  12   19    10    282 
  12   20     9    243 
  12   21    15    426 
  12   22    22    608 
  12   23     8    228 
  12   24    15    427 
  12   25    16    439 
  12   26    21    576 
  12   27    11    299 
  12   28     9    263 
  12   29    15    402 
  12   30    14    399 
  12   31    26    720 
  12   32    18    499 
  12   33    25    680 
  12   34    12    347 
  12   35    16    452 
  12   36    29    780 
  12   37    28    764 
  12   38    20    562 
  12   39    18    506 
  13    0     8    233 
  13    1    16    446 
  13    2    24    664 
  13    3    13    349 
  13    4    28    767 
  13    5    17    467 
  13    6    24    650 
  13    7    25    692 
  13    8    19    530 
  13    9    15    413 
  13   10    27    730 
  13   11    28    774 
  13   12    27    725 
  13   13    14    392 
  13   14    19    509 
  13   15    29    800 
  13   16    29    788 
  13   17    27    728 
  13   18    20    545 
  13   19    19    535 
  13   20    21    575 
  13   21     9    266 
  13   22     8    220 
  13   23    27    734 
  13   24    10    279 
  13   25     7    206 
  13   26    20    548 
  13   27    28    769 
  13   28    20    536 
  13   29    14    390 
  13   30    11    305 
  13   31    19    534 
  13   32    16    444 
  13   33    11    295 
  13   34    16    448 
  13   35    10    282 
  13   36    11    310 
  13   37    26    719 
  13   38    28    772 
  13   39    13    364 
  14    0    28    772 
  14    1    18    506 
  14    2    18    497 
  14    3     9    262 
  14    4    20    546 
  14    5    23    621 
  14    6     8    232 
  14    7    12    339 
  14    8    17    481 
  14    9    24    660 
  14   10    12    334 
  14   11    13    370 
  14   12    12    338 
  14   13    25    680 
  14   14    28    759 
  14   15     8    237 
  14   16    18    499 
  14   17    18    486 
  14   18    15    402 
  14   19    27    737 
  14   20    21    587 
  14   21    28    775 
  14   22    26    699 
  14   23    26    720 
  14   24    15    426 
  14   25    21    579 
  14   26    20    542 
  14   27     8    216 
  14   28    14    389 
  14   29    27    746 
  14   30    10    275 
  14   31    10    292 
  14   32    20    556 
  14   33    20    543 
  14   34     8    224 
  14   35    25    672 
  14   36    15    404 
  14   37    11    311 
  14   38    17    465 
  14   39    19    530 
  15    0    27    733 
  15    1    19    515 
  15    2    10    289 
  15    3    25    687 
  15    4    21    572 
  15    5    16    455 
  15    6    19    527 
  15    7    28    757 
  15    8    25    690 
  15    9    16    439 
  15   10    21    580 
  15   11    10    293 
  15   12    21    563 
  15   13    15    407 
  15   14    11    312 
  15   15    12    334 
  15   16    16    429 
  15   17    24    669 
  15   18    17    465 
  15   19    27    749 
  15   20    29    796 
  15   21    21    580 
  15   22    20    539 
  15   23    21    580 
  15   24    12    341 
  15   25    15    417 
  15   26    29    799 
  15   27    21    578 
  15   28    24    663 
  15   29    20    557 
  15   30    13    373 
  15   31    21    576 
  15   32    17    475 
  15   33    10    271 
  15   34    23    617 
  15   35    22    593 
  15   36    29    786 
  15   37    11    296 
  15   38    19    510 
  15   39    23    634 
  16    0    16    436 
  16    1    26    721 
  16    2    14    384 
  16    3    23    627 
  16    4    24    645 
  16    5     9    266 
  16    6    17    471 
  16    7     9    262 
  16    8    18    496 
  16    9    18    499 
  16   10    20    538 
  16   11    14    383 
  16   12    15    416 
  16   13    13    368 
  16   14    12    324 
  16   15    20    548 
  16   16    15    407 
  16   17    11    316 
  16   18    11    307 
  16   19    26    699 
  16   20    28    750 
  16   21    15    424 
  16   22    27    732 
  16   23    15    408 
  16   24    10    289 
  16   25    15    417 
  16   26     9    261 
  16   27    25    681 
  16   28    15    413 
  16   29    25    682 
  16   30     8    219 
  16   31    17    479 
  16   32    24    661 
  16   33    25    690 
  16   34    10    286 
  16   35    18    496 
  16   36    15    421 
  16   37    19    535 
  16   38    27    748 
  16   39    13    370 
  17    0    18    494 
  17    1    18    507 
  17    2    26    706 
  17    3    11    312 
  17    4    19    516 
  17    5    12    348 
  17    6     7    210 
  17    7    11    295 
  17    8     8    229 
  17    9    23    626 
  17   10    23    637 
  17   11    21    575 
  17   12    25    672 
  17   13    11    298 
  17   14    18    507 
  17   15    26    715 
  17   16     8    240 
  17   17    16    431 
  17   18    16    432 
  17   19    13    367 
  17   20    27    724 
  17   21    14    380 
  17   22    27    729 
  17   23    28    771 
  17   24    24    647 
  17   25    21    581 
  17   26    22    592 
  17   27    17    458 
  17   28    11    318 
  17   29    20    546 
  17   30    28    755 
  17   31    14    392 
  17   32    27    739 
  17   33    17    467 
  17   34    17    464 
  17   35     9    265 
  17   36    18    484 
  17   37    19    534 
  17   38     9    247 
  17   39    25    679 
  18    0    12    334 
  18    1    28    775 
  18    2    10    276 
  18    3    11    321 
  18    4    15    414 
  18    5    11    311 
  18    6    20    561 
  18    7    21    564 
  18    8     8    240 
  18    9    15    404 
  18   10    27    735 
  18   11    21    581 
  18   12    29    796 
  18   13    13    365 
  18   14    28    752 
  18   15    12    340 
  18   16    24    648 
  18   17     8    218 
  18   18    23    631 
  18   19     8    234 
  18   20    16    454 
  18   21    24    661 
  18   22    28    753 
  18   23    19    530 
  18   24    15    426 
  18   25    15    425 
  18   26    27    733 
  18   27    21    569 
  18   28    23    630 
  18   29    15    403 
  18   30    19    529 
  18   31    22    595 
  18   32    17    469 
  18   33    16    439 
  18   34    22    603 
  18   35    14    387 
  18   36     7    201 
  18   37    25    689 
  18   38    21    575 
  18   39    24    666 
  19    0    23    626 
  19    1    11    310 
  19    2    15    406 
  19    3    16    448 
  19    4    11    315 
  19    5    28    758 
  19    6     9    246 
  19    7    21    578 
  19    8    28    766 
  19    9    11    304 
  19   10     9    250 
  19   11    25    693 
  19   12    22    614 
  19   13    14    391 
  19   14    28    757 
  19   15     7    201 
  19   16    15    403 
  19   17    23    618 
  19   18     8    235 
  19   19    24    664 
  19   20    12    329 
  19   21    27    749 
  19   22    21    566 
  19   23    12    322 
  19   24    17    462 
  19   25    26    717 
  19   26    17    477 
  19   27    12    336 
  19   28    21    579 
  19   29     9    257 
  19   30    20    560 
  19   31    25    685 
  19   32    13    353 
  19   33    13    368 
  19   34    12    341 
  19   35    22    606 
  19   36    27    747 
  19   37    21    569 
  19   38    15    418 
  19   39    24    651 
  20    0    12    323 
  20    1    20    558 
  20    2    13    358 
  20    3    24    665 
  20    4    20    560 
  20    5    20    539 
  20    6    19    513 
  20    7    19    520 
  20    8    27    740 
  20    9    12    332 
  20   10     9    267 
  20   11    21    585 
  20   12    26    710 
  20   13    23    627 
  20   14    21    568 
  20   15    22    607 
  20   16    23    620 
  20   17     8    235 
  20   18    17    478 
  20   19    11    302 
  20   20    19    529 
  20   21    22    593 
  20   22    23    625 
  20   23    29    780 
  20   24    21    577 
  20   25    16    441 
  20   26    17    463 
  20   27     7    204 
  20   28    18    507 
  20   29    16    442 
  20   30    15    426 
  20   31    27    744 
  20   32     9    267 
  20   33    23    630 
  20   34    21    573 
  20   35    16    440 
  20   36    22    609 
  20   37    29    797 
  20   38    28    753 
  20   39    13    350 
  21    0    15    413 
  21    1    11    299 
  21    2    20    552 
  21    3    25    682 
  21    4    17    476 
  21    5    26    699 
  21    6    16    445 
  21    7    19    525 
  21    8    27    729 
  21    9    10    271 
  21   10    17    468 
  21   11    29    785 
  21   12    18    499 
  21   13    14    388 
  21   14    11    296 
  21   15    12    326 
  21   16     7    212 
  21   17    11    302 
  21   18     9    267 
  21   19     8    218 
  21   20    25    679 
  21   21    15    427 
  21   22    13    361 
  21   23    24    649 
  21   24    27    742 
  21   25    14    394 
  21   26    26    718 
  21   27    13    360 
  21   28    16    455 
  21   29    12    344 
  21   30    14    395 
  21   31     8    227 
  21   32    12    337 
  21   33    21    585 
  21   34    14    386 
  21   35    16    441 
  21   36    14    401 
  21   37    18    486 
  21   38    17    468 
  21   39    19    531 
  22    0    15    426 
  22    1     8    234 
  22    2     8    227 
  22    3    27    740 
  22    4    24    657 
  22    5     8    226 
  22    6    23    629 
  22    7    13    365 
  22    8    13    370 
  22    9    22    596 
  22   10    24    654 
  22   11    14    393 
  22   12     8    235 
  22   13    16    432 
  22   14    26    699 
  22   15    10    285 
  22   16     9    247 
  22   17    10    283 
  22   18    18    500 
  22   19    16    451 
  22   20    14    398 
  22   21     8    227 
  22   22     9    261 
  22   23     8    216 
  22   24    12    332 
  22   25    20    559 
  22   26    28    754 
  22   27     8    234 
  22   28    24    663 
  22   29    19    516 
  22   30    14    378 
  22   31    23    637 
  22   32    24    658 
  22   33    23    639 
  22   34    11    306 
  22   35    24    662 
  22   36    18    497 
  22   37    16    441 
  22   38    13    351 
  22   39    23    635 
  23    0    17    470 
  23    1    25    674 
  23    2    11    319 
  23    3    19    526 
  23    4    19    532 
  23    5    25    688 
  23    6    26    704 
  23    7    13    357 
  23    8    25    688 
  23    9    23    634 
  23   10    27    742 
  23   11    17    476 
  23   12    13    350 
  23   13    15    406 
  23   14    10    273 
  23   15    20    560 
  23   16    24    646 
  23   17    17    466 
  23   18    17    468 
  23   19    26    717 
  23   20    28    763 
  23   21    18    489 
  23   22    19    532 
  23   23    15    408 
  23   24    25    677 
  23   25    29    787 
  23   26     9    259 
  23   27    28    759 
  23   28    25    690 
  23   29    21    567 
  23   30    12    346 
  23   31    14    400 
  23   32    26    697 
  23   33    27    733 
  23   34    21    563 
  23   35    15    411 
  23   36    16    446 
  23   37    13    369 
  23   38    23    626 
  23   39    18    492 
  24    0    29    782 
  24    1     9    259 
  24    2    23    641 
  24    3    17    458 
  24    4     9    257 
  24    5    11    304 
  24    6    27    736 
  24    7    28    772 
  24    8    28    770 
  24    9    27    744 
  24   10    23    629 
  24   11    19    510 
  24   12    18    496 
  24   13    28    773 
  24   14    16    443 
  24   15    17    478 
  24   16    17    474 
  24   17    27    747 
  24   18    28    753 
  24   19    23    635 
  24   20    14    399 
  24   21    20    543 
  24   22    22    604 
  24   23    10    280 
  24   24    15    425 
  24   25    10    276 
  24   26    18    484 
  24   27    27    730 
  24   28    14    377 
  24   29    18    486 
  24   30    17    472 
  24   31     8    215 
  24   32    11    303 
  24   33    10    277 
  24   34    29    794 
  24   35    17    471 
  24   36    10    276 
  24   37    12    322 
  24   38    18    486 
  24   39    18    492 
  25    0    21    566 
  25    1    23    617 
  25    2    15    420 
  25    3    11    321 
  25    4    20    552 
  25    5    25    675 
  25    6    10    272 
  25    7    27    724 
  25    8    28    775 
  25    9    22    599 
  25   10     8    226 
  25   11    18    493 
  25   12     8    229 
  25   13    12    344 
  25   14    11    295 
  25   15    28    766 
  25   16    24    659 
  25   17    22    596 
  25   18    10    269 
  25   19    26    700 
  25   20    14    388 
  25   21    24    653 
  25   22    20    553 
  25   23    25    694 
  25   24    22    591 
  25   25     8    226 
  25   26     8    224 
  25   27    11    300 
  25   28    22    596 
  25   29    14    378 
  25   30    19    519 
  25   31    28    771 
  25   32    24    662 
  25   33    14    388 
  25   34    26    717 
  25   35    20    539 
  25   36    24    657 
  25   37    26    715 
  25   38    19    535 
  25   39    22    600 
  26    0    11    300 
  26    1    22    594 
  26    2    13    349 
  26    3    21    588 
  26    4    18    503 
  26    5    14    377 
  26    6    16    437 
  26    7    27    724 
  26    8    27    732 
  26    9    28    776 
  26   10    22    594 
  26   11    15    424 
  26   12    18    496 
  26   13    21    571 
  26   14    25    678 
  26   15    19    533 
  26   16    28    774 
  26   17     8    230 
  26   18    18    505 
  26   19    22    615 
  26   20    15    418 
  26   21    15    424 
  26   22    24    646 
  26   23    13    357 
  26   24    22    615 
  26   25    13    349 
  26   26     8    219 
  26   27    25    692 
  26   28    19    515 
  26   29    13    353 
  26   30    22    590 
  26   31    11    319 
  26   32    11    307 
  26   33    24    650 
  26   34     9    249 
  26   35     8    230 
  26   36    21    580 
  26   37     8    223 
  26   38    10    288 
  26   39    23    640 
  27    0    14    375 
  27    1    17    458 
  27    2    20    557 
  27    3    12    344 
  27    4    25    696 
  27    5    12    322 
  27    6    24    643 
  27    7    13    351 
  27    8    13    351 
  27    9    21    580 
  27   10    27    748 
  27   11    11    311 
  27   12    29    777 
  27   13    20    558 
  27   14    17    463 
  27   15    22    610 
  27   16    13    357 
  27   17    24    668 
  27   18    19    517 
  27   19    11    308 
  27   20    27    726 
  27   21    11    315 
  27   22    16    443 
  27   23     9    248 
  27   24    14    389 
  27   25    11    309 
  27   26    18    483 
  27   27    10    273 
  27   28    25    687 
  27   29    27    726 
  27   30    12    328 
  27   31    22    607 
  27   32    24    658 
  27   33    25    680 
  27   34    11    321 
  27   35    21    585 
  27   36    13    360 
  27   37    13    363 
  27   38    24    659 
  27   39     9    263 
  28    0    28    755 
  28    1    24    666 
  28    2     8    238 
  28    3    25    681 
  28    4    19    518 
  28    5    22    597 
  28    6    29    782 
  28    7    22    616 
  28    8    21    578 
  28    9    21    589 
  28   10    24    659 
  28   11    27    739 
  28   12    23    638 
  28   13    18    503 
  28   14    15    428 
  28   15    22    595 
  28   16     8    219 
  28   17     9    245 
  28   18    10    293 
  28   19    25    677 
  28   20    16    430 
  28   21    27    734 
  28   22     8    217 
  28   23    19    531 
  28   24    25    696 
  28   25    24    665 
  28   26    10    277 
  28   27    26    699 
  28   28    12    329 
  28   29    24    665 
  28   30    12    326 
  28   31    22    596 
  28   32     8    241 
  28   33    25    673 
  28   34     9    264 
  28   35    23    642 
  28   36    22    608 
  28   37    18    506 
  28   38    13    373 
  28   39     9    243 
  29    0    10    280 
  29    1    28    776 
  29    2    20    546 
  29    3    23    620 
  29    4    29    782 
  29    5    22    592 
  29    6    13    350 
  29    7     9    260 
  29    8     8    236 
  29    9    29    779 
  29   10    11    297 
  29   11     7    201 
  29   12    23    622 
  29   13    25    671 
  29   14     9    261 
  29   15    18    503 
  29   16    10    286 
  29   17    27    742 
  29   18    26    700 
  29   19     8    232 
  29   20     8    222 
  29   21    23    638 
  29   22    19    514 
  29   23    11    315 
  29   24    19    517 
  29   25    16    430 
  29   26    19    513 
  29   27    22    597 
  29   28    28    763 
  29   29    10    284 
  29   30    17    477 
  29   31    25    689 
  29   32    14    399 
  29   33    12    335 
  29   34    20    544 
  29   35    27    727 
  29   36    16    437 
  29   37    25    693 
  29   38    12    345 
  29   39    25    677 
  30    0    25    673 
  30    1    13    363 
  30    2    27    741 
  30    3    11    318 
  30    4    29    799 
  30    5    27    739 
  30    6    18    496 
  30    7    29    792 
  30    8    21    565 
  30    9    10    286 
  30   10     8    240 
  30   11     9    247 
  30   12     7    210 
  30   13    26    722 
  30   14    13    365 
  30   15    23    630 
  30   16    13    368 
  30   17    11    302 
  30   18    20    560 
  30   19    14    399 
  30   20    13    365 
  30   21    12    332 
  30   22    20    553 
  30   23    13    356 
  30   24    17    466 
  30   25    14    399 
  30   26    22    615 
  30   27    11    318 
  30   28    15    406 
  30   29    12    346 
  30   30    12    333 
  30   31    17    457 
  30   32    25    696 
  30   33    13    358 
  30   34    20    553 
  30   35    15    412 
  30   36    17    475 
  30   37    24    653 
  30   38    26    715 
  30   39    21    569 
  31    0    14    400 
  31    1    14    382 
  31    2    18    489 
  31    3    23    628 
  31    4    17    469 
  31    5    18    503 
  31    6     7    210 
  31    7     7    214 
  31    8     8    230 
  31    9    21    584 
  31   10     7    205 
  31   11    17    476 
  31   12    21    580 
  31   13    20    544 
  31   14    26    701 
  31   15    17    464 
  31   16    17    463 
  31   17    20    543 
  31   18    12    325 
  31   19    28    766 
  31   20     7    214 
  31   21    14    388 
  31   22    19    512 
  31   23    28    767 
  31   24    18    497 
  31   25    22    598 
  31   26    24    668 
  31   27    28    776 
  31   28    13    373 
  31   29    17    482 
  31   30    16    442 
  31   31    27    729 
  31   32     9    258 
  31   33    10    270 
  31   34    18    499 
  31   35    12    345 
  31   36     7    214 
  31   37    10    289 
  31   38    29    792 
  31   39    24    643 
  32    0    12    335 
  32    1    23    620 
  32    2    22    600 
  32    3    13    362 
  32    4    27    745 
  32    5    11    300 
  32    6    29    782 
  32    7    11    301 
  32    8    28    767 
  32    9    10    273 
  32   10    13    353 
  32   11    28    750 
  32   12    10    279 
  32   13    10    281 
  32   14    10    287 
  32   15     7    213 
  32   16    14    375 
  32   17     8    219 
  32   18    14    392 
  32   19     8    215 
  32   20    20    541 
  32   21    14    383 
  32   22    17    471 
  32   23    29    779 
  32   24    27    740 
  32   25    23    640 
  32   26    26    722 
  32   27    29    793 
  32   28    16    441 
  32   29    27    736 
  32   30    16    443 
  32   31    11    298 
  32   32    16    451 
  32   33    21    573 
  32   34    16    434 
  32   35     8    220 
  32   36    17    469 
  32   37     9    247 
  32   38    27    725 
  32   39    19    535 
  33    0    25    688 
  33    1     7    207 
  33    2    23    637 
  33    3    18    493 
  33    4    25    686 
  33    5    15    412 
  33    6    22    599 
  33    7    22    590 
  33    8    17    480 
  33    9    27    725 
  33   10    28    772 
  33   11    20    536 
  33   12    27    745 
  33   13    22    602 
  33   14    27    728 
  33   15    15    407 
  33   16    29    782 
  33   17    21    573 
  33   18    23    636 
  33   19    25    677 
  33   20    12    348 
  33   21     7    211 
  33   22    21    568 
  33   23    28    750 
  33   24    29    795 
  33   25    20    537 
  33   26    24    657 
  33   27    19    524 
  33   28     8    223 
  33   29    19    519 
  33   30    16    450 
  33   31    17    476 
  33   32    10    275 
  33   33    23    633 
  33   34    17    458 
  33   35    17    472 
  33   36    11    295 
  33   37    14    398 
  33   38    22    603 
  33   39     8    238 
  34    0    16    441 
  34    1    19    519 
  34    2    11    315 
  34    3     9    252 
  34    4    25    675 
  34    5    11    301 
  34    6    11    295 
  34    7    24    660 
  34    8    11    316 
  34    9    12    337 
  34   10    18    497 
  34   11    18    502 
  34   12     9    261 
  34   13    28    754 
  34   14     8    240 
  34   15    15    404 
  34   16    28    750 
  34   17    20    543 
  34   18    13    361 
  34   19    20    544 
  34   20    28    773 
  34   21    16    453 
  34   22    10    289 
  34   23    18    502 
  34   24    10    285 
  34   25     9    258 
  34   26    16    443 
  34   27    12    331 
  34   28    23    638 
  34   29     7    204 
  34   30    16    437 
  34   31    24    660 
  34   32    12    339 
  34   33    24    653 
  34   34    27    730 
  34   35    22    592 
  34   36    12    342 
  34   37    16    454 
  34   38    26    699 
  34   39    12    336 
  35    0    22    611 
  35    1    25    681 
  35    2    27    732 
  35    3    18    484 
  35    4    18    486 
  35    5    21    572 
  35    6    23    639 
  35    7     9    254 
  35    8    17    465 
  35    9    10    293 
  35   10    11    298 
  35   11    17    462 
  35   12    26    721 
  35   13    24    652 
  35   14    10    277 
  35   15     8    234 
  35   16    14    384 
  35   17    16    438 
  35   18    20    560 
  35   19     9    257 
  35   20     8    219 
  35   21     7    200 
  35   22    21    573 
  35   23    18    508 
  35   24    13    363 
  35   25    23    627 
  35   26    12    325 
  35   27    26    719 
  35   28    10    285 
  35   29    15    404 
  35   30    29    797 
  35   31    18    501 
  35   32    25    670 
  35   33    19    512 
  35   34     8    221 
  35   35     9    263 
  35   36    27    733 
  35   37    26    709 
  35   38    22    612 
  35   39    19    530 
  36    0    19    510 
  36    1     9    254 
  36    2    19    533 
  36    3    18    487 
  36    4    28    764 
  36    5    11    317 
  36    6     7    206 
  36    7    25    673 
  36    8    13    372 
  36    9    11    319 
  36   10    23    637 
  36   11    19    519 
  36   12    18    501 
  36   13    20    560 
  36   14    12    325 
  36   15    14    392 
  36   16     9    263 
  36   17    16    445 
  36   18    12    324 
  36   19    24    657 
  36   20    27    731 
  36   21    26    703 
  36   22    15    428 
  36   23    21    579 
  36   24    29    778 
  36   25    18    497 
  36   26    25    682 
  36   27    25    678 
  36   28    13    349 
  36   29    27    726 
  36   30    21    566 
  36   31    27    733 
  36   32    12    337 
  36   33    10    283 
  36   34    26    707 
  36   35    18    484 
  36   36    14    375 
  36   37    19    519 
  36   38    19    513 
  36   39     9    260 
  37    0    17    474 
  37    1    19    524 
  37    2    16    443 
  37    3    28    752 
  37    4    20    548 
  37    5    22    604 
  37    6     9    251 
  37    7     8    216 
  37    8    27    734 
  37    9    14    387 
  37   10    23    637 
  37   11    28    768 
  37   12    14    399 
  37   13     9    245 
  37   14    23    627 
  37   15    16    432 
  37   16    18    497 
  37   17    11    298 
  37   18    28    769 
  37   19    16    452 
  37   20    29    779 
  37   21    23    620 
  37   22    12    324 
  37   23     8    228 
  37   24    28    761 
  37   25    16    454 
  37   26    25    686 
  37   27    26    711 
  37   28    18    496 
  37   29    22    614 
  37   30    18    504 
  37   31    11    308 
  37   32    27    736 
  37   33    15    404 
  37   34     7    208 
  37   35    22    592 
  37   36     9    263 
  37   37    24    658 
  37   38    25    693 
  37   39    11    298 
  38    0    21    569 
  38    1    23    637 
  38    2    27    747 
  38    3    19    524 
  38    4    24    652 
  38    5    13    365 
  38    6    16    434 
  38    7    27    732 
  38    8    13    357 
  38    9    27    737 
  38   10     8    225 
  38   11    17    473 
  38   12    15    413 
  38   13    28    759 
  38   14    24    668 
  38   15    23    627 
  38   16    11    304 
  38   17    28    776 
  38   18     8    224 
  38   19    16    455 
  38   20     8    220 
  38   21    13    361 
  38   22    14    390 
  38   23    29    796 
  38   24    15    424 
  38   25    15    422 
  38   26    13    363 
  38   27    11    300 
  38   28    16    444 
  38   29    19    511 
  38   30    17    470 
  38   31    20    539 
  38   32    27    735 
  38   33    14    398 
  38   34    24    652 
  38   35    11    310 
  38   36    15    426 
  38   37    15    422 
  38   38    14    395 
  38   39    16    451 
  39    0    27    739 
  39    1    27    738 
  39    2    28    771 
  39    3    14    400 
  39    4    12    340 
  39    5    14    377 
  39    6    24    649 
  39    7    26    721 
  39    8    22    601 
  39    9    21    588 
  39   10    17    478 
  39   11    21    571 
  39   12    16    444 
  39   13    29    785 
  39   14    17    481 
  39   15    24    656 
  39   16    26    718 
  39   17    26    712 
  39   18    13    365 
  39   19    17    476 
  39   20    13    354 
  39   21    24    668 
  39   22    22    613 
  39   23    26    708 
  39   24     9    243 
  39   25    13    350 
  39   26     9    264 
  39   27    29    795 
  39   28    28    756 
  39   29    27    731 
  39   30     8    215 
  39   31     9    258 
  39   32    13    355 
  39   33    26    702 
  39   34    17    460 
  39   35    18    493 
  39   36    14    398 
  39   37    11    311 
  39   38    19    534 
  39   39    11    314 
