 40
 40

   42
   38
   30
   42
   18
   39
   39
   39
   25
   47
   25
   13
   31
   10
    4
   41
   33
    2
   46
   32
   26
   31
   16
   38
   11
    4
   28
   19
   39
   50
   48
   25
   19
    6
    5
   46
   40
   37
   10
   16

   37
   39
   25
   29
   18
   50
   39
   12
   20
   41
   37
    8
   31
   48
   41
   14
   38
    4
   11
   25
   25
   38
   20
   18
   11
   24
   38
   18
   37
   44
   31
   33
   41
   30
    3
   45
   14
   30
   20
   23

   0    0     9    270 
   0    1    22    631 
   0    2    11    316 
   0    3    23    650 
   0    4     7    215 
   0    5    23    653 
   0    6    27    782 
   0    7    23    652 
   0    8    21    610 
   0    9    21    611 
   0   10    21    598 
   0   11    20    589 
   0   12    25    712 
   0   13    11    321 
   0   14    16    471 
   0   15    13    369 
   0   16    27    760 
   0   17    16    451 
   0   18    10    291 
   0   19    25    710 
   0   20    13    382 
   0   21    22    640 
   0   22    17    483 
   0   23    23    660 
   0   24     8    225 
   0   25    12    344 
   0   26    10    299 
   0   27    12    343 
   0   28    22    635 
   0   29    23    659 
   0   30    20    581 
   0   31    16    454 
   0   32    20    588 
   0   33    16    451 
   0   34    23    672 
   0   35    22    640 
   0   36    17    500 
   0   37    14    409 
   0   38    21    591 
   0   39     8    235 
   1    0    16    450 
   1    1    27    784 
   1    2    20    566 
   1    3    27    768 
   1    4    27    764 
   1    5     8    243 
   1    6    23    648 
   1    7    13    367 
   1    8    17    502 
   1    9    22    638 
   1   10     7    215 
   1   11    16    475 
   1   12    17    493 
   1   13    15    431 
   1   14    15    441 
   1   15     8    242 
   1   16    22    623 
   1   17    15    445 
   1   18    12    355 
   1   19    21    614 
   1   20    12    347 
   1   21    12    340 
   1   22     8    229 
   1   23     8    252 
   1   24    20    567 
   1   25    21    617 
   1   26    23    647 
   1   27    22    622 
   1   28    12    364 
   1   29    24    702 
   1   30    25    704 
   1   31    16    454 
   1   32    25    716 
   1   33    27    776 
   1   34    24    688 
   1   35    24    677 
   1   36    11    314 
   1   37    20    564 
   1   38     7    204 
   1   39     7    204 
   2    0    13    393 
   2    1     8    231 
   2    2    20    565 
   2    3    14    394 
   2    4    22    632 
   2    5    28    793 
   2    6    22    646 
   2    7    16    464 
   2    8     9    280 
   2    9    28    799 
   2   10    19    541 
   2   11     8    235 
   2   12    25    715 
   2   13    16    466 
   2   14    10    288 
   2   15    10    288 
   2   16    16    459 
   2   17     7    213 
   2   18    14    397 
   2   19    28    797 
   2   20    16    471 
   2   21     7    207 
   2   22    23    671 
   2   23    22    638 
   2   24    28    796 
   2   25    14    419 
   2   26    25    728 
   2   27    14    414 
   2   28    21    598 
   2   29    24    701 
   2   30    22    642 
   2   31    22    640 
   2   32    20    570 
   2   33    25    711 
   2   34     8    227 
   2   35    10    291 
   2   36     8    240 
   2   37    17    488 
   2   38    23    674 
   2   39    12    342 
   3    0    25    723 
   3    1    16    473 
   3    2    25    711 
   3    3    10    287 
   3    4    23    654 
   3    5    15    437 
   3    6    10    300 
   3    7    20    567 
   3    8    20    577 
   3    9    16    453 
   3   10    19    546 
   3   11    20    586 
   3   12     7    217 
   3   13    27    775 
   3   14    11    324 
   3   15    13    381 
   3   16    27    774 
   3   17    15    423 
   3   18    12    341 
   3   19    18    526 
   3   20    22    640 
   3   21    21    612 
   3   22    24    691 
   3   23    12    349 
   3   24    22    634 
   3   25    12    338 
   3   26    12    362 
   3   27    24    675 
   3   28    27    782 
   3   29     9    279 
   3   30    23    672 
   3   31    23    648 
   3   32    19    562 
   3   33    24    699 
   3   34    10    298 
   3   35    16    469 
   3   36    18    528 
   3   37    15    428 
   3   38    13    378 
   3   39    16    471 
   4    0    25    721 
   4    1    18    509 
   4    2    23    671 
   4    3    15    435 
   4    4    27    759 
   4    5    10    309 
   4    6    16    465 
   4    7    26    744 
   4    8     7    217 
   4    9    25    708 
   4   10     8    228 
   4   11    17    493 
   4   12    12    340 
   4   13    14    402 
   4   14    23    674 
   4   15    12    363 
   4   16    20    587 
   4   17    24    682 
   4   18    27    766 
   4   19    14    413 
   4   20    12    365 
   4   21    18    533 
   4   22    18    525 
   4   23    22    646 
   4   24    21    612 
   4   25    22    633 
   4   26    13    382 
   4   27    21    618 
   4   28    12    348 
   4   29    18    529 
   4   30    13    376 
   4   31     9    275 
   4   32    27    785 
   4   33    17    482 
   4   34    17    503 
   4   35    21    613 
   4   36    15    443 
   4   37    26    748 
   4   38    12    349 
   4   39    13    391 
   5    0    20    563 
   5    1    20    584 
   5    2    12    356 
   5    3    28    794 
   5    4    13    392 
   5    5    14    405 
   5    6    19    547 
   5    7    16    462 
   5    8    17    498 
   5    9    24    690 
   5   10    17    505 
   5   11    10    286 
   5   12    11    319 
   5   13    11    326 
   5   14    14    402 
   5   15    27    777 
   5   16     9    266 
   5   17    12    363 
   5   18    14    418 
   5   19    12    365 
   5   20    12    343 
   5   21    25    714 
   5   22    15    429 
   5   23    18    522 
   5   24    15    436 
   5   25    19    544 
   5   26    18    531 
   5   27    21    609 
   5   28    10    294 
   5   29    13    370 
   5   30    27    775 
   5   31    22    630 
   5   32    11    332 
   5   33    23    658 
   5   34     8    246 
   5   35    18    526 
   5   36     9    276 
   5   37    19    552 
   5   38    12    341 
   5   39    25    721 
   6    0    19    551 
   6    1     8    244 
   6    2    21    601 
   6    3    10    294 
   6    4    14    419 
   6    5    25    711 
   6    6    17    500 
   6    7     8    234 
   6    8    27    781 
   6    9    24    679 
   6   10    21    593 
   6   11    25    705 
   6   12    24    676 
   6   13     8    247 
   6   14    24    700 
   6   15    17    503 
   6   16    11    321 
   6   17    21    600 
   6   18     7    223 
   6   19    23    648 
   6   20    11    326 
   6   21    11    315 
   6   22    26    733 
   6   23    23    657 
   6   24     8    252 
   6   25    12    355 
   6   26    27    776 
   6   27    15    440 
   6   28    19    551 
   6   29    13    378 
   6   30    23    662 
   6   31    21    592 
   6   32    24    678 
   6   33    16    471 
   6   34    26    745 
   6   35     9    261 
   6   36    23    660 
   6   37     9    254 
   6   38    25    723 
   6   39     9    280 
   7    0     7    210 
   7    1    20    582 
   7    2    12    360 
   7    3    11    313 
   7    4    19    556 
   7    5    25    706 
   7    6    26    748 
   7    7    24    692 
   7    8    21    601 
   7    9    21    596 
   7   10    13    377 
   7   11    26    752 
   7   12    19    541 
   7   13    16    463 
   7   14    25    730 
   7   15    28    794 
   7   16     8    227 
   7   17    12    346 
   7   18    10    287 
   7   19    27    766 
   7   20    19    535 
   7   21    16    476 
   7   22    10    309 
   7   23    24    680 
   7   24    21    615 
   7   25    16    453 
   7   26    16    465 
   7   27    26    747 
   7   28    25    711 
   7   29    24    697 
   7   30    13    375 
   7   31    23    667 
   7   32    22    620 
   7   33    21    607 
   7   34     9    269 
   7   35    24    689 
   7   36    21    612 
   7   37     8    241 
   7   38    15    444 
   7   39    23    652 
   8    0    20    586 
   8    1    19    550 
   8    2    17    484 
   8    3    16    476 
   8    4     7    219 
   8    5    19    554 
   8    6    23    669 
   8    7    18    510 
   8    8    19    536 
   8    9    16    455 
   8   10    10    282 
   8   11    24    697 
   8   12    25    709 
   8   13    16    469 
   8   14    19    540 
   8   15    24    683 
   8   16    28    789 
   8   17     7    201 
   8   18    24    676 
   8   19    20    590 
   8   20    25    719 
   8   21    14    405 
   8   22     9    272 
   8   23     7    210 
   8   24     7    218 
   8   25    15    445 
   8   26    13    370 
   8   27    17    492 
   8   28     7    205 
   8   29    19    545 
   8   30    10    284 
   8   31    17    501 
   8   32    21    592 
   8   33    17    497 
   8   34    27    764 
   8   35    14    401 
   8   36    14    404 
   8   37     8    241 
   8   38    28    792 
   8   39    14    400 
   9    0    22    634 
   9    1    19    554 
   9    2    21    615 
   9    3    15    422 
   9    4     8    229 
   9    5    16    465 
   9    6    16    463 
   9    7    19    536 
   9    8    27    776 
   9    9    25    716 
   9   10    22    644 
   9   11    21    595 
   9   12    18    506 
   9   13    11    321 
   9   14    23    657 
   9   15    25    709 
   9   16    22    622 
   9   17    27    773 
   9   18    11    320 
   9   19     9    268 
   9   20    27    774 
   9   21    16    457 
   9   22    16    451 
   9   23    11    335 
   9   24    25    708 
   9   25    18    516 
   9   26    25    703 
   9   27    11    327 
   9   28    10    295 
   9   29    20    583 
   9   30    15    423 
   9   31    25    723 
   9   32    24    695 
   9   33    20    582 
   9   34    14    407 
   9   35    19    552 
   9   36    22    643 
   9   37    17    486 
   9   38    26    758 
   9   39    17    496 
  10    0    10    294 
  10    1    20    581 
  10    2    13    391 
  10    3    16    476 
  10    4    14    399 
  10    5    13    387 
  10    6    20    566 
  10    7    11    312 
  10    8     7    218 
  10    9    27    769 
  10   10     7    220 
  10   11    24    695 
  10   12    11    315 
  10   13     8    243 
  10   14     9    261 
  10   15    18    515 
  10   16     7    202 
  10   17    27    784 
  10   18     9    258 
  10   19    27    766 
  10   20    17    488 
  10   21    14    407 
  10   22    25    716 
  10   23    19    543 
  10   24    11    326 
  10   25    16    472 
  10   26    16    450 
  10   27    22    633 
  10   28    24    687 
  10   29    26    731 
  10   30     9    269 
  10   31    26    743 
  10   32    20    587 
  10   33    10    284 
  10   34    13    381 
  10   35    12    365 
  10   36    14    399 
  10   37    16    459 
  10   38     8    235 
  10   39    26    747 
  11    0    17    492 
  11    1     9    256 
  11    2    11    325 
  11    3    16    472 
  11    4    26    736 
  11    5    23    658 
  11    6    18    520 
  11    7    17    495 
  11    8     9    260 
  11    9    19    553 
  11   10    16    455 
  11   11    20    589 
  11   12    22    622 
  11   13     9    255 
  11   14    25    706 
  11   15    23    653 
  11   16    17    481 
  11   17    20    565 
  11   18    27    775 
  11   19    11    322 
  11   20     9    260 
  11   21    14    395 
  11   22    19    559 
  11   23     9    263 
  11   24    21    612 
  11   25    11    327 
  11   26    13    371 
  11   27    18    509 
  11   28    24    700 
  11   29     9    253 
  11   30    18    528 
  11   31    25    722 
  11   32    10    296 
  11   33    22    644 
  11   34    15    444 
  11   35     8    238 
  11   36    18    526 
  11   37    19    541 
  11   38    19    541 
  11   39     9    253 
  12    0    21    614 
  12    1    24    689 
  12    2    22    645 
  12    3    18    524 
  12    4    20    584 
  12    5     9    272 
  12    6    12    365 
  12    7    24    676 
  12    8    12    348 
  12    9    10    308 
  12   10    13    368 
  12   11    21    609 
  12   12    24    681 
  12   13    13    391 
  12   14     7    209 
  12   15    14    397 
  12   16    11    332 
  12   17    13    368 
  12   18     8    248 
  12   19    24    685 
  12   20     9    255 
  12   21    22    628 
  12   22    17    503 
  12   23    25    722 
  12   24    24    694 
  12   25    22    643 
  12   26     9    254 
  12   27    25    713 
  12   28    19    543 
  12   29    15    448 
  12   30     9    266 
  12   31    24    690 
  12   32    28    800 
  12   33     8    246 
  12   34    12    361 
  12   35    10    289 
  12   36    28    795 
  12   37    17    489 
  12   38     9    266 
  12   39    15    446 
  13    0    14    405 
  13    1    25    705 
  13    2    17    486 
  13    3    28    796 
  13    4     8    226 
  13    5    21    604 
  13    6     7    205 
  13    7    23    661 
  13    8    12    346 
  13    9    25    713 
  13   10    24    681 
  13   11    27    781 
  13   12    12    352 
  13   13    17    500 
  13   14    15    444 
  13   15    20    585 
  13   16    14    406 
  13   17    19    547 
  13   18    17    501 
  13   19    13    375 
  13   20    12    346 
  13   21     7    221 
  13   22     8    232 
  13   23    20    567 
  13   24    14    417 
  13   25    27    777 
  13   26    17    492 
  13   27    10    283 
  13   28    13    381 
  13   29    19    537 
  13   30    24    695 
  13   31    25    720 
  13   32    23    647 
  13   33    25    715 
  13   34    27    765 
  13   35    21    603 
  13   36    24    681 
  13   37     8    232 
  13   38    22    639 
  13   39    19    552 
  14    0    27    767 
  14    1     7    220 
  14    2    24    691 
  14    3     8    248 
  14    4    13    384 
  14    5     7    216 
  14    6    22    636 
  14    7    15    443 
  14    8    23    647 
  14    9    13    383 
  14   10    20    573 
  14   11    17    503 
  14   12    23    658 
  14   13     7    217 
  14   14    14    404 
  14   15    24    689 
  14   16    24    698 
  14   17     8    250 
  14   18    21    595 
  14   19    25    729 
  14   20    19    543 
  14   21     8    249 
  14   22    14    416 
  14   23    13    375 
  14   24    18    531 
  14   25     8    229 
  14   26    23    655 
  14   27    17    489 
  14   28    27    761 
  14   29    16    477 
  14   30    25    716 
  14   31    25    719 
  14   32    10    286 
  14   33    28    797 
  14   34    12    342 
  14   35    25    708 
  14   36    11    329 
  14   37    10    294 
  14   38    27    784 
  14   39    23    666 
  15    0    22    633 
  15    1     7    222 
  15    2    22    637 
  15    3    15    424 
  15    4    21    616 
  15    5    23    653 
  15    6    25    714 
  15    7    23    664 
  15    8    28    793 
  15    9     9    279 
  15   10    23    668 
  15   11    27    782 
  15   12    20    586 
  15   13    19    544 
  15   14    23    652 
  15   15    14    413 
  15   16    17    493 
  15   17    24    698 
  15   18    14    415 
  15   19    15    422 
  15   20    12    343 
  15   21    21    599 
  15   22     9    266 
  15   23    10    303 
  15   24    24    686 
  15   25    27    763 
  15   26    17    480 
  15   27    11    312 
  15   28    23    649 
  15   29     9    255 
  15   30    20    567 
  15   31    26    741 
  15   32    18    529 
  15   33    27    777 
  15   34    13    390 
  15   35    26    744 
  15   36     7    210 
  15   37    27    772 
  15   38    19    547 
  15   39    12    365 
  16    0    21    598 
  16    1    15    436 
  16    2    20    577 
  16    3    11    336 
  16    4    23    664 
  16    5    16    456 
  16    6    18    506 
  16    7    20    584 
  16    8    16    456 
  16    9    21    612 
  16   10    25    722 
  16   11    17    505 
  16   12    25    727 
  16   13    25    711 
  16   14    20    579 
  16   15    28    799 
  16   16    18    523 
  16   17    22    625 
  16   18    21    592 
  16   19    23    668 
  16   20    19    562 
  16   21    14    418 
  16   22    11    316 
  16   23    24    683 
  16   24    21    618 
  16   25    15    432 
  16   26    22    624 
  16   27    26    749 
  16   28     8    245 
  16   29    10    305 
  16   30    27    777 
  16   31     7    219 
  16   32    11    333 
  16   33    23    647 
  16   34    23    657 
  16   35     9    254 
  16   36     9    261 
  16   37    24    678 
  16   38    21    595 
  16   39    21    592 
  17    0    15    435 
  17    1    22    622 
  17    2    12    341 
  17    3    11    321 
  17    4    26    740 
  17    5    27    762 
  17    6    22    619 
  17    7    25    705 
  17    8     8    243 
  17    9    22    620 
  17   10    23    660 
  17   11    27    773 
  17   12    15    446 
  17   13    25    706 
  17   14    12    360 
  17   15    18    511 
  17   16    22    646 
  17   17     9    276 
  17   18    16    459 
  17   19    24    690 
  17   20     9    262 
  17   21    13    387 
  17   22    27    783 
  17   23    12    346 
  17   24    23    674 
  17   25    20    572 
  17   26    17    482 
  17   27    13    386 
  17   28    11    311 
  17   29    12    359 
  17   30    22    646 
  17   31    15    433 
  17   32     7    219 
  17   33    18    508 
  17   34    20    572 
  17   35     8    246 
  17   36    22    633 
  17   37    23    669 
  17   38     7    212 
  17   39     8    245 
  18    0    23    674 
  18    1    26    743 
  18    2    27    767 
  18    3    12    363 
  18    4     8    248 
  18    5    11    324 
  18    6    25    711 
  18    7    28    799 
  18    8    15    447 
  18    9    10    294 
  18   10    24    682 
  18   11    13    382 
  18   12    23    674 
  18   13    19    548 
  18   14    10    287 
  18   15     8    243 
  18   16     7    217 
  18   17    18    513 
  18   18    24    698 
  18   19    12    351 
  18   20    16    453 
  18   21    21    595 
  18   22    13    383 
  18   23    24    682 
  18   24    11    316 
  18   25    14    408 
  18   26    17    491 
  18   27    25    709 
  18   28    11    327 
  18   29    16    466 
  18   30    25    721 
  18   31     8    252 
  18   32    22    638 
  18   33    15    429 
  18   34    21    604 
  18   35    17    483 
  18   36    18    528 
  18   37    28    799 
  18   38    18    521 
  18   39    10    295 
  19    0     9    260 
  19    1    17    491 
  19    2    16    462 
  19    3    11    324 
  19    4    20    572 
  19    5    17    496 
  19    6    16    467 
  19    7     8    247 
  19    8    13    367 
  19    9    18    529 
  19   10    21    617 
  19   11     7    220 
  19   12    10    284 
  19   13    21    593 
  19   14    16    473 
  19   15    13    379 
  19   16    12    355 
  19   17    17    505 
  19   18    19    534 
  19   19    17    501 
  19   20     9    254 
  19   21    15    445 
  19   22    17    505 
  19   23    22    622 
  19   24     8    227 
  19   25    11    335 
  19   26    10    303 
  19   27    18    513 
  19   28    18    521 
  19   29    19    537 
  19   30    26    739 
  19   31    26    733 
  19   32    13    387 
  19   33    21    599 
  19   34    10    297 
  19   35     9    262 
  19   36     7    210 
  19   37    27    764 
  19   38    26    753 
  19   39    24    699 
  20    0     8    239 
  20    1    25    726 
  20    2    10    303 
  20    3    17    482 
  20    4    18    510 
  20    5    12    365 
  20    6    13    375 
  20    7    11    317 
  20    8    25    711 
  20    9    15    422 
  20   10    14    400 
  20   11    11    323 
  20   12    27    777 
  20   13    27    785 
  20   14    21    610 
  20   15    21    601 
  20   16    18    508 
  20   17    21    615 
  20   18    26    755 
  20   19     8    228 
  20   20    11    314 
  20   21    18    523 
  20   22     8    225 
  20   23    18    506 
  20   24    10    306 
  20   25    26    736 
  20   26    20    580 
  20   27    24    678 
  20   28    24    688 
  20   29     9    260 
  20   30    20    571 
  20   31    24    695 
  20   32    17    478 
  20   33    12    363 
  20   34     9    268 
  20   35     8    225 
  20   36    10    309 
  20   37    14    408 
  20   38    25    724 
  20   39    13    382 
  21    0    21    591 
  21    1    15    431 
  21    2    18    520 
  21    3    24    700 
  21    4    13    387 
  21    5    22    635 
  21    6    23    648 
  21    7    22    645 
  21    8    20    576 
  21    9     8    235 
  21   10    22    625 
  21   11    27    767 
  21   12    19    552 
  21   13    17    481 
  21   14    19    554 
  21   15    12    362 
  21   16    17    498 
  21   17    26    750 
  21   18    21    603 
  21   19    11    335 
  21   20    21    609 
  21   21     7    207 
  21   22     9    263 
  21   23    28    794 
  21   24    23    665 
  21   25    18    520 
  21   26    11    314 
  21   27    17    497 
  21   28    20    566 
  21   29    18    533 
  21   30    15    429 
  21   31    15    437 
  21   32    19    549 
  21   33    19    557 
  21   34    21    618 
  21   35    27    776 
  21   36    19    544 
  21   37    19    547 
  21   38    28    799 
  21   39    19    559 
  22    0    17    478 
  22    1    21    613 
  22    2    28    799 
  22    3    23    662 
  22    4    19    559 
  22    5    21    596 
  22    6    10    293 
  22    7    27    770 
  22    8    11    334 
  22    9     8    246 
  22   10    17    494 
  22   11     8    247 
  22   12    23    654 
  22   13    28    800 
  22   14    16    452 
  22   15    12    361 
  22   16    15    422 
  22   17     9    258 
  22   18    23    658 
  22   19    12    344 
  22   20    21    611 
  22   21    25    725 
  22   22    15    436 
  22   23    20    586 
  22   24    19    548 
  22   25     9    272 
  22   26     9    259 
  22   27    25    718 
  22   28     7    207 
  22   29    14    416 
  22   30    22    644 
  22   31    14    416 
  22   32    11    322 
  22   33     7    202 
  22   34     9    281 
  22   35    13    382 
  22   36     9    272 
  22   37    24    680 
  22   38    15    441 
  22   39    21    606 
  23    0    15    448 
  23    1    11    335 
  23    2    27    771 
  23    3    23    651 
  23    4    27    779 
  23    5    23    662 
  23    6    10    300 
  23    7     7    204 
  23    8    14    400 
  23    9    16    458 
  23   10    18    526 
  23   11    15    432 
  23   12     9    281 
  23   13    21    596 
  23   14     9    277 
  23   15    23    651 
  23   16    14    406 
  23   17    10    290 
  23   18    12    365 
  23   19    18    516 
  23   20    13    387 
  23   21     9    254 
  23   22    14    413 
  23   23     9    266 
  23   24    12    361 
  23   25     8    248 
  23   26    20    579 
  23   27    28    794 
  23   28    24    683 
  23   29    14    405 
  23   30    17    502 
  23   31    20    584 
  23   32    12    363 
  23   33    16    450 
  23   34    23    671 
  23   35    24    689 
  23   36    11    331 
  23   37    13    390 
  23   38    27    769 
  23   39    17    504 
  24    0    14    399 
  24    1    19    556 
  24    2    27    760 
  24    3    23    650 
  24    4    21    603 
  24    5    18    506 
  24    6    22    633 
  24    7    13    378 
  24    8    20    579 
  24    9    27    772 
  24   10     8    236 
  24   11    20    584 
  24   12     7    223 
  24   13    22    643 
  24   14    22    624 
  24   15    26    741 
  24   16    10    284 
  24   17    17    494 
  24   18    13    381 
  24   19     7    208 
  24   20    13    367 
  24   21     9    272 
  24   22    19    555 
  24   23    15    426 
  24   24    21    607 
  24   25    20    588 
  24   26    26    734 
  24   27    18    529 
  24   28    23    647 
  24   29    27    783 
  24   30    25    729 
  24   31     7    224 
  24   32    22    624 
  24   33    12    347 
  24   34    20    581 
  24   35    15    424 
  24   36    24    678 
  24   37    27    783 
  24   38    14    406 
  24   39    14    409 
  25    0    25    726 
  25    1    25    718 
  25    2     7    218 
  25    3    19    556 
  25    4    21    591 
  25    5     7    222 
  25    6     9    275 
  25    7    11    334 
  25    8    16    468 
  25    9    15    444 
  25   10    12    356 
  25   11    23    651 
  25   12     7    210 
  25   13    23    669 
  25   14    15    443 
  25   15    17    490 
  25   16    20    570 
  25   17     8    244 
  25   18    18    507 
  25   19    16    474 
  25   20    23    652 
  25   21    26    751 
  25   22     9    276 
  25   23    25    708 
  25   24    26    740 
  25   25    19    555 
  25   26     9    280 
  25   27    27    773 
  25   28    28    797 
  25   29    23    673 
  25   30    22    640 
  25   31    16    475 
  25   32     9    279 
  25   33    14    402 
  25   34     7    207 
  25   35    17    489 
  25   36     7    210 
  25   37    19    549 
  25   38    19    536 
  25   39     7    207 
  26    0     7    210 
  26    1     9    271 
  26    2    13    389 
  26    3    12    364 
  26    4    27    769 
  26    5    23    669 
  26    6    20    581 
  26    7    16    456 
  26    8    11    331 
  26    9    26    757 
  26   10     9    265 
  26   11    23    648 
  26   12    22    636 
  26   13     9    266 
  26   14    24    682 
  26   15    19    534 
  26   16    18    531 
  26   17    27    776 
  26   18    20    589 
  26   19    17    481 
  26   20    18    530 
  26   21     9    279 
  26   22     9    260 
  26   23     8    234 
  26   24     9    281 
  26   25    25    715 
  26   26    20    570 
  26   27    19    547 
  26   28    14    397 
  26   29    12    351 
  26   30    15    427 
  26   31    10    301 
  26   32    23    667 
  26   33    16    453 
  26   34    20    573 
  26   35    26    731 
  26   36    24    678 
  26   37    16    462 
  26   38    18    520 
  26   39    20    586 
  27    0    13    374 
  27    1    28    796 
  27    2    26    754 
  27    3    23    658 
  27    4    21    591 
  27    5    15    443 
  27    6     9    262 
  27    7    14    402 
  27    8    25    729 
  27    9    10    309 
  27   10    10    307 
  27   11     7    211 
  27   12    22    634 
  27   13    28    790 
  27   14    21    592 
  27   15     9    263 
  27   16    11    316 
  27   17     7    218 
  27   18    12    342 
  27   19    26    748 
  27   20    12    364 
  27   21    23    673 
  27   22    18    512 
  27   23     7    220 
  27   24    23    660 
  27   25    12    364 
  27   26     7    213 
  27   27     8    239 
  27   28    12    362 
  27   29    25    723 
  27   30    23    672 
  27   31    19    546 
  27   32    22    619 
  27   33    20    586 
  27   34    27    785 
  27   35    10    299 
  27   36    24    699 
  27   37    16    454 
  27   38    11    310 
  27   39    11    337 
  28    0    13    384 
  28    1    22    638 
  28    2    28    791 
  28    3    17    481 
  28    4     9    258 
  28    5     9    254 
  28    6    10    298 
  28    7    27    779 
  28    8    24    691 
  28    9    17    491 
  28   10    28    800 
  28   11    10    299 
  28   12    24    693 
  28   13    12    357 
  28   14    16    464 
  28   15    16    464 
  28   16    11    326 
  28   17    10    283 
  28   18    11    315 
  28   19     7    201 
  28   20    15    437 
  28   21     7    215 
  28   22    11    325 
  28   23    18    527 
  28   24    18    527 
  28   25    24    687 
  28   26    18    522 
  28   27    22    625 
  28   28    17    478 
  28   29    10    300 
  28   30    23    655 
  28   31    24    685 
  28   32    24    697 
  28   33    10    290 
  28   34    19    548 
  28   35    14    397 
  28   36    11    311 
  28   37    19    549 
  28   38    25    728 
  28   39    17    487 
  29    0    10    284 
  29    1    17    495 
  29    2    14    398 
  29    3    12    349 
  29    4    16    462 
  29    5    19    536 
  29    6     8    241 
  29    7     9    281 
  29    8    27    782 
  29    9    19    560 
  29   10    18    520 
  29   11     8    238 
  29   12     9    278 
  29   13    11    329 
  29   14    18    514 
  29   15    25    728 
  29   16    28    798 
  29   17     8    237 
  29   18    20    577 
  29   19    27    761 
  29   20    11    319 
  29   21    15    444 
  29   22    18    522 
  29   23     7    200 
  29   24    10    293 
  29   25    18    523 
  29   26    23    671 
  29   27    25    719 
  29   28    25    724 
  29   29    16    466 
  29   30    20    566 
  29   31    16    450 
  29   32    15    442 
  29   33    24    698 
  29   34    25    725 
  29   35    12    351 
  29   36    25    719 
  29   37    15    428 
  29   38    26    740 
  29   39    13    389 
  30    0    18    514 
  30    1    13    387 
  30    2    22    627 
  30    3    26    733 
  30    4    14    396 
  30    5     7    203 
  30    6     8    236 
  30    7    24    697 
  30    8    15    447 
  30    9    27    772 
  30   10     8    251 
  30   11    18    517 
  30   12    17    491 
  30   13    24    686 
  30   14    23    653 
  30   15    13    386 
  30   16     8    241 
  30   17    19    553 
  30   18    10    290 
  30   19    18    514 
  30   20    16    471 
  30   21    26    742 
  30   22     9    270 
  30   23    18    507 
  30   24    19    536 
  30   25    16    461 
  30   26     9    259 
  30   27    17    496 
  30   28    14    409 
  30   29    24    678 
  30   30    26    742 
  30   31    21    595 
  30   32    18    507 
  30   33    17    489 
  30   34    10    302 
  30   35    23    664 
  30   36    21    605 
  30   37    15    428 
  30   38    19    549 
  30   39    20    564 
  31    0    12    353 
  31    1    22    631 
  31    2    27    776 
  31    3    26    753 
  31    4    12    363 
  31    5    24    689 
  31    6    10    295 
  31    7     8    243 
  31    8    18    523 
  31    9     8    238 
  31   10    17    496 
  31   11    27    760 
  31   12     9    260 
  31   13     9    256 
  31   14    11    322 
  31   15    28    789 
  31   16    20    578 
  31   17    13    367 
  31   18    21    611 
  31   19    18    512 
  31   20    27    761 
  31   21    10    306 
  31   22     8    251 
  31   23    13    373 
  31   24    11    314 
  31   25    27    775 
  31   26     9    281 
  31   27    21    605 
  31   28    25    707 
  31   29     9    257 
  31   30    16    472 
  31   31    15    436 
  31   32    11    311 
  31   33     9    260 
  31   34    20    563 
  31   35    11    320 
  31   36    12    358 
  31   37    22    631 
  31   38    27    786 
  31   39    10    291 
  32    0    10    294 
  32    1    14    396 
  32    2    15    441 
  32    3    28    794 
  32    4    15    422 
  32    5    27    776 
  32    6    23    657 
  32    7    27    780 
  32    8    13    381 
  32    9    25    728 
  32   10    20    568 
  32   11     7    204 
  32   12     9    271 
  32   13    11    332 
  32   14    28    788 
  32   15    12    350 
  32   16     7    211 
  32   17    19    540 
  32   18    19    539 
  32   19    24    694 
  32   20    23    671 
  32   21    23    657 
  32   22    27    773 
  32   23    13    374 
  32   24    26    754 
  32   25    16    466 
  32   26    19    554 
  32   27    11    323 
  32   28    11    313 
  32   29    20    574 
  32   30    18    510 
  32   31    25    717 
  32   32    20    579 
  32   33    23    660 
  32   34    22    637 
  32   35    11    324 
  32   36    21    617 
  32   37    22    638 
  32   38     8    238 
  32   39     8    228 
  33    0    15    448 
  33    1    15    439 
  33    2     9    277 
  33    3    15    434 
  33    4    23    661 
  33    5    16    465 
  33    6     9    264 
  33    7    19    557 
  33    8    28    794 
  33    9    13    382 
  33   10    21    607 
  33   11    10    289 
  33   12    17    478 
  33   13    13    366 
  33   14    17    495 
  33   15    15    444 
  33   16    15    427 
  33   17    10    294 
  33   18    24    698 
  33   19    17    488 
  33   20     9    256 
  33   21    27    785 
  33   22    19    540 
  33   23    16    456 
  33   24    15    427 
  33   25    15    446 
  33   26    20    574 
  33   27    14    421 
  33   28    27    781 
  33   29     7    212 
  33   30    28    798 
  33   31    23    665 
  33   32    27    772 
  33   33     7    212 
  33   34    11    323 
  33   35    24    679 
  33   36     9    268 
  33   37    22    638 
  33   38    28    798 
  33   39    23    665 
  34    0    14    400 
  34    1    22    629 
  34    2    18    512 
  34    3    12    345 
  34    4    20    563 
  34    5    15    440 
  34    6    26    742 
  34    7    22    636 
  34    8    20    570 
  34    9    22    637 
  34   10    15    444 
  34   11    22    622 
  34   12    26    750 
  34   13     8    240 
  34   14    16    457 
  34   15    19    541 
  34   16    15    441 
  34   17    13    392 
  34   18    16    474 
  34   19    26    751 
  34   20    15    440 
  34   21    11    326 
  34   22    16    462 
  34   23    21    595 
  34   24     7    207 
  34   25    18    520 
  34   26     9    274 
  34   27    18    527 
  34   28    25    706 
  34   29    23    648 
  34   30    12    350 
  34   31    12    349 
  34   32    15    435 
  34   33    26    735 
  34   34    14    405 
  34   35    15    439 
  34   36    16    460 
  34   37    11    333 
  34   38     8    239 
  34   39    23    661 
  35    0    24    683 
  35    1    23    656 
  35    2    23    651 
  35    3    24    694 
  35    4     7    201 
  35    5    17    493 
  35    6    16    471 
  35    7    26    754 
  35    8    14    396 
  35    9    21    603 
  35   10    15    423 
  35   11     8    227 
  35   12    20    570 
  35   13     9    261 
  35   14    12    358 
  35   15    10    306 
  35   16    14    416 
  35   17    24    701 
  35   18    26    740 
  35   19    10    304 
  35   20    16    464 
  35   21     7    203 
  35   22    16    461 
  35   23    25    727 
  35   24     9    276 
  35   25     8    229 
  35   26    11    311 
  35   27    10    309 
  35   28     7    211 
  35   29    20    588 
  35   30    15    426 
  35   31    16    467 
  35   32    12    357 
  35   33    15    444 
  35   34     7    218 
  35   35    17    497 
  35   36     8    241 
  35   37    10    297 
  35   38    15    445 
  35   39    20    568 
  36    0    28    790 
  36    1    11    315 
  36    2    13    378 
  36    3    19    561 
  36    4     9    277 
  36    5    11    333 
  36    6    15    436 
  36    7    11    324 
  36    8    15    432 
  36    9    14    401 
  36   10    15    422 
  36   11    15    444 
  36   12    15    422 
  36   13    25    729 
  36   14    20    576 
  36   15    17    490 
  36   16    21    593 
  36   17    17    484 
  36   18    14    406 
  36   19    23    665 
  36   20    24    677 
  36   21    26    747 
  36   22    23    653 
  36   23    10    297 
  36   24    27    760 
  36   25    15    425 
  36   26    21    602 
  36   27    18    506 
  36   28    13    371 
  36   29    14    406 
  36   30    22    638 
  36   31    11    325 
  36   32    13    375 
  36   33    21    608 
  36   34    16    450 
  36   35    11    310 
  36   36    25    718 
  36   37    28    799 
  36   38    11    332 
  36   39    20    579 
  37    0     9    267 
  37    1    19    536 
  37    2    18    529 
  37    3    11    314 
  37    4    17    479 
  37    5    18    507 
  37    6    17    482 
  37    7    26    741 
  37    8    12    344 
  37    9    28    800 
  37   10    14    420 
  37   11     9    261 
  37   12    21    591 
  37   13     8    239 
  37   14    20    581 
  37   15    22    631 
  37   16    17    488 
  37   17    27    781 
  37   18    14    410 
  37   19    26    757 
  37   20    20    570 
  37   21    10    287 
  37   22    11    336 
  37   23    22    631 
  37   24    14    402 
  37   25     8    232 
  37   26    10    304 
  37   27     8    231 
  37   28     9    263 
  37   29    20    575 
  37   30    11    334 
  37   31    12    353 
  37   32    11    337 
  37   33    20    577 
  37   34    13    385 
  37   35    21    594 
  37   36    25    725 
  37   37    15    449 
  37   38     8    249 
  37   39    25    704 
  38    0    23    665 
  38    1     8    237 
  38    2    20    581 
  38    3    13    393 
  38    4    24    680 
  38    5    18    524 
  38    6    16    470 
  38    7    16    468 
  38    8     9    260 
  38    9     9    273 
  38   10    18    521 
  38   11    17    481 
  38   12    17    494 
  38   13    16    469 
  38   14    24    683 
  38   15    19    557 
  38   16    14    406 
  38   17    12    357 
  38   18    24    675 
  38   19    10    301 
  38   20    19    536 
  38   21    11    318 
  38   22    13    387 
  38   23    15    424 
  38   24     8    234 
  38   25    21    616 
  38   26    11    333 
  38   27    20    582 
  38   28    12    351 
  38   29    15    442 
  38   30     9    262 
  38   31    17    496 
  38   32    13    379 
  38   33    10    300 
  38   34    21    616 
  38   35    12    347 
  38   36    15    430 
  38   37     8    231 
  38   38    21    605 
  38   39     8    247 
  39    0    11    315 
  39    1    23    660 
  39    2    17    479 
  39    3     9    275 
  39    4    11    330 
  39    5    18    507 
  39    6    25    727 
  39    7    23    667 
  39    8    10    300 
  39    9    15    422 
  39   10    23    649 
  39   11    22    632 
  39   12    23    660 
  39   13     9    261 
  39   14    17    487 
  39   15    21    606 
  39   16    18    527 
  39   17    17    499 
  39   18    10    296 
  39   19    11    315 
  39   20    19    542 
  39   21    10    285 
  39   22    10    299 
  39   23     7    215 
  39   24     7    202 
  39   25    26    736 
  39   26    16    461 
  39   27    15    435 
  39   28    27    776 
  39   29    20    568 
  39   30    12    353 
  39   31    24    699 
  39   32    13    379 
  39   33    27    767 
  39   34    20    586 
  39   35    28    790 
  39   36    16    460 
  39   37    26    731 
  39   38    25    720 
  39   39    21    591 
