 40
 40

   48
   15
   34
   15
   36
    1
    2
   47
   21
   38
   45
   18
    1
   17
   10
   44
   42
   13
   28
    9
   25
   31
    9
   47
   50
   15
   37
   30
   23
   28
   18
   11
   30
   28
   50
   47
   19
    8
   15
   38

   16
   40
   49
   16
   23
   44
   30
   12
   36
    6
   35
   11
   18
   45
   28
   47
   42
   42
   28
   28
   39
    4
   14
   12
   21
   48
   50
    3
   44
   22
   41
    7
   17
   15
   10
    4
   13
   39
   10
   34

   0    0    23    619 
   0    1    29    784 
   0    2    25    680 
   0    3    25    671 
   0    4    22    607 
   0    5    12    329 
   0    6    20    532 
   0    7    28    751 
   0    8    21    562 
   0    9    11    294 
   0   10    22    589 
   0   11    25    664 
   0   12     7    200 
   0   13    12    340 
   0   14     7    210 
   0   15     8    214 
   0   16    18    493 
   0   17    19    523 
   0   18    15    401 
   0   19    10    268 
   0   20     9    259 
   0   21    23    621 
   0   22    28    754 
   0   23    16    432 
   0   24    26    710 
   0   25    26    689 
   0   26    15    419 
   0   27    28    746 
   0   28    12    336 
   0   29    13    345 
   0   30    29    780 
   0   31    29    768 
   0   32    15    415 
   0   33    26    699 
   0   34    29    777 
   0   35    17    450 
   0   36    15    421 
   0   37    19    503 
   0   38    13    344 
   0   39     8    224 
   1    0    13    346 
   1    1     7    208 
   1    2    27    736 
   1    3    18    479 
   1    4    24    643 
   1    5    28    752 
   1    6    23    623 
   1    7    26    709 
   1    8    20    540 
   1    9    12    317 
   1   10    13    345 
   1   11     8    220 
   1   12    28    749 
   1   13    15    411 
   1   14    16    426 
   1   15    22    599 
   1   16    23    625 
   1   17     7    209 
   1   18    24    657 
   1   19    10    272 
   1   20     8    215 
   1   21    21    555 
   1   22    14    374 
   1   23    19    521 
   1   24    23    627 
   1   25    28    745 
   1   26    24    647 
   1   27    10    269 
   1   28    19    514 
   1   29     9    238 
   1   30    15    400 
   1   31    23    615 
   1   32    18    489 
   1   33    12    331 
   1   34     8    216 
   1   35    26    701 
   1   36    28    760 
   1   37    30    794 
   1   38    29    780 
   1   39    11    292 
   2    0    10    268 
   2    1    11    297 
   2    2    21    571 
   2    3    26    692 
   2    4    25    672 
   2    5    23    613 
   2    6     8    212 
   2    7    16    447 
   2    8    15    422 
   2    9    23    630 
   2   10    21    574 
   2   11     9    255 
   2   12     8    212 
   2   13    15    418 
   2   14    10    266 
   2   15    22    595 
   2   16    20    530 
   2   17    21    577 
   2   18    21    559 
   2   19    11    303 
   2   20    28    744 
   2   21     8    225 
   2   22    19    523 
   2   23    29    776 
   2   24    21    561 
   2   25    17    453 
   2   26    22    581 
   2   27    14    396 
   2   28    25    672 
   2   29    30    795 
   2   30    27    732 
   2   31    15    413 
   2   32    21    572 
   2   33    20    538 
   2   34    24    636 
   2   35    13    364 
   2   36    29    766 
   2   37    24    653 
   2   38     7    201 
   2   39    28    745 
   3    0    10    271 
   3    1    20    544 
   3    2     9    252 
   3    3     9    253 
   3    4     8    224 
   3    5    12    328 
   3    6    23    619 
   3    7    20    537 
   3    8     9    260 
   3    9    15    401 
   3   10    22    586 
   3   11    16    427 
   3   12    22    607 
   3   13    26    689 
   3   14    27    727 
   3   15    14    385 
   3   16    28    754 
   3   17    14    372 
   3   18    15    416 
   3   19    19    504 
   3   20    13    344 
   3   21    21    561 
   3   22    16    440 
   3   23     9    262 
   3   24    21    568 
   3   25    29    779 
   3   26    29    785 
   3   27    14    388 
   3   28    27    719 
   3   29    12    328 
   3   30    14    388 
   3   31    24    657 
   3   32    14    390 
   3   33    12    324 
   3   34    28    751 
   3   35    28    759 
   3   36    12    333 
   3   37    28    762 
   3   38    24    639 
   3   39    27    727 
   4    0    21    578 
   4    1    14    377 
   4    2    20    548 
   4    3    23    615 
   4    4    10    273 
   4    5    17    450 
   4    6    15    413 
   4    7    29    784 
   4    8    14    373 
   4    9    28    751 
   4   10     9    250 
   4   11    18    494 
   4   12     8    233 
   4   13    14    377 
   4   14    17    451 
   4   15    29    777 
   4   16    21    572 
   4   17    27    737 
   4   18    28    756 
   4   19    27    734 
   4   20    13    347 
   4   21    18    485 
   4   22    15    415 
   4   23    27    724 
   4   24    14    370 
   4   25    23    610 
   4   26    29    791 
   4   27     9    244 
   4   28    28    748 
   4   29     9    245 
   4   30    13    357 
   4   31    20    540 
   4   32    29    780 
   4   33    25    669 
   4   34    26    697 
   4   35    21    571 
   4   36    17    462 
   4   37    10    265 
   4   38    25    664 
   4   39    20    537 
   5    0     8    236 
   5    1    27    718 
   5    2    12    338 
   5    3    19    504 
   5    4    24    640 
   5    5    22    584 
   5    6    23    615 
   5    7    25    662 
   5    8    23    611 
   5    9    15    397 
   5   10    14    375 
   5   11     8    214 
   5   12    10    278 
   5   13    11    303 
   5   14    17    456 
   5   15    30    800 
   5   16    29    768 
   5   17    20    533 
   5   18    15    409 
   5   19     7    202 
   5   20    12    343 
   5   21    26    698 
   5   22    24    649 
   5   23    27    731 
   5   24    16    423 
   5   25    30    794 
   5   26    15    406 
   5   27    12    330 
   5   28    29    766 
   5   29    27    715 
   5   30    27    721 
   5   31    29    789 
   5   32    22    585 
   5   33    21    580 
   5   34    18    476 
   5   35    26    693 
   5   36     8    217 
   5   37    30    796 
   5   38    15    405 
   5   39    23    629 
   6    0    27    736 
   6    1    12    322 
   6    2    15    417 
   6    3    27    713 
   6    4    25    666 
   6    5    10    274 
   6    6    23    620 
   6    7    12    339 
   6    8    21    568 
   6    9    14    377 
   6   10    23    622 
   6   11    13    368 
   6   12    10    267 
   6   13    21    578 
   6   14    19    523 
   6   15    28    764 
   6   16    23    628 
   6   17     9    247 
   6   18    14    395 
   6   19    22    599 
   6   20    26    698 
   6   21    15    399 
   6   22    14    385 
   6   23    18    479 
   6   24    27    717 
   6   25    22    598 
   6   26    18    494 
   6   27    25    686 
   6   28    18    489 
   6   29    16    425 
   6   30    17    453 
   6   31    26    700 
   6   32    25    684 
   6   33    28    742 
   6   34    22    603 
   6   35     9    244 
   6   36    24    645 
   6   37    25    683 
   6   38    13    346 
   6   39    18    485 
   7    0    24    639 
   7    1    26    691 
   7    2    26    705 
   7    3     8    234 
   7    4    11    304 
   7    5    10    275 
   7    6    27    721 
   7    7    11    304 
   7    8    26    687 
   7    9    11    304 
   7   10     9    243 
   7   11    23    613 
   7   12    19    502 
   7   13    28    742 
   7   14    20    536 
   7   15     9    264 
   7   16    23    612 
   7   17    27    724 
   7   18    23    630 
   7   19    16    443 
   7   20    27    732 
   7   21     8    216 
   7   22    15    411 
   7   23    28    758 
   7   24    19    503 
   7   25    24    635 
   7   26    14    374 
   7   27    17    467 
   7   28    13    364 
   7   29    18    491 
   7   30    19    523 
   7   31    29    780 
   7   32    23    615 
   7   33    19    516 
   7   34    13    365 
   7   35     9    251 
   7   36    27    737 
   7   37    22    581 
   7   38    15    403 
   7   39    25    682 
   8    0    19    517 
   8    1    25    679 
   8    2    30    796 
   8    3     9    252 
   8    4    10    289 
   8    5    10    274 
   8    6     9    242 
   8    7    26    689 
   8    8    19    504 
   8    9    21    574 
   8   10    12    321 
   8   11    22    593 
   8   12    26    690 
   8   13    16    427 
   8   14    29    777 
   8   15    23    627 
   8   16    11    293 
   8   17    19    503 
   8   18     7    201 
   8   19    14    395 
   8   20    29    785 
   8   21    20    542 
   8   22    17    457 
   8   23    24    653 
   8   24    28    759 
   8   25    24    646 
   8   26    20    547 
   8   27    10    287 
   8   28    29    774 
   8   29    12    329 
   8   30    29    780 
   8   31    18    476 
   8   32    12    320 
   8   33     7    202 
   8   34    23    610 
   8   35    25    669 
   8   36    12    325 
   8   37    14    380 
   8   38    10    277 
   8   39    25    667 
   9    0    12    341 
   9    1    13    345 
   9    2    21    558 
   9    3    21    580 
   9    4    20    552 
   9    5     9    248 
   9    6    17    467 
   9    7    11    305 
   9    8    26    699 
   9    9    18    485 
   9   10    23    622 
   9   11    10    290 
   9   12    23    617 
   9   13    11    302 
   9   14    22    590 
   9   15    13    362 
   9   16    16    443 
   9   17    25    681 
   9   18    30    798 
   9   19    11    305 
   9   20    14    378 
   9   21     9    239 
   9   22    11    303 
   9   23     8    215 
   9   24    13    350 
   9   25    13    348 
   9   26    16    425 
   9   27    23    630 
   9   28    17    456 
   9   29    16    436 
   9   30    16    434 
   9   31     9    257 
   9   32    27    722 
   9   33    19    502 
   9   34    24    644 
   9   35     7    209 
   9   36    14    371 
   9   37    17    467 
   9   38    16    447 
   9   39    10    278 
  10    0    23    614 
  10    1    26    698 
  10    2    17    459 
  10    3    17    455 
  10    4    29    790 
  10    5    10    286 
  10    6    15    407 
  10    7    23    626 
  10    8    19    525 
  10    9    28    746 
  10   10    28    753 
  10   11    20    548 
  10   12    11    298 
  10   13    11    308 
  10   14    24    649 
  10   15    12    342 
  10   16    20    544 
  10   17    18    479 
  10   18    16    441 
  10   19    17    462 
  10   20    24    659 
  10   21    20    554 
  10   22    18    494 
  10   23    21    579 
  10   24    15    417 
  10   25    21    569 
  10   26     8    233 
  10   27    19    528 
  10   28    25    671 
  10   29    19    517 
  10   30    15    415 
  10   31    13    345 
  10   32    16    448 
  10   33    12    325 
  10   34    15    402 
  10   35    24    637 
  10   36    13    352 
  10   37    18    493 
  10   38    20    530 
  10   39    10    276 
  11    0    15    402 
  11    1    14    370 
  11    2    16    425 
  11    3    17    469 
  11    4    19    519 
  11    5    11    296 
  11    6    16    423 
  11    7    23    613 
  11    8    20    552 
  11    9    30    799 
  11   10    24    660 
  11   11    21    560 
  11   12    29    775 
  11   13    13    356 
  11   14    27    716 
  11   15     9    264 
  11   16    11    307 
  11   17    24    656 
  11   18    11    299 
  11   19    21    567 
  11   20    23    617 
  11   21     9    259 
  11   22    10    287 
  11   23    30    793 
  11   24    11    291 
  11   25    12    329 
  11   26    13    368 
  11   27    12    340 
  11   28    21    568 
  11   29    30    793 
  11   30    22    596 
  11   31    16    431 
  11   32    25    667 
  11   33     8    237 
  11   34    19    519 
  11   35    16    423 
  11   36    23    610 
  11   37    27    732 
  11   38    21    568 
  11   39    25    671 
  12    0    23    622 
  12    1    11    315 
  12    2     9    260 
  12    3    16    425 
  12    4    19    516 
  12    5    19    514 
  12    6    16    432 
  12    7    20    545 
  12    8    15    414 
  12    9    20    533 
  12   10    25    674 
  12   11     8    234 
  12   12    28    755 
  12   13     9    259 
  12   14     8    228 
  12   15    11    307 
  12   16     9    261 
  12   17    27    739 
  12   18    23    625 
  12   19    23    628 
  12   20    29    771 
  12   21     8    228 
  12   22    18    493 
  12   23    24    639 
  12   24    16    425 
  12   25    27    724 
  12   26    23    626 
  12   27     9    239 
  12   28    22    581 
  12   29    27    736 
  12   30    17    469 
  12   31    12    334 
  12   32    16    426 
  12   33    26    703 
  12   34    12    339 
  12   35    20    540 
  12   36    25    663 
  12   37    21    578 
  12   38    14    370 
  12   39    16    429 
  13    0    15    413 
  13    1    20    552 
  13    2    15    397 
  13    3    17    450 
  13    4    22    584 
  13    5    22    593 
  13    6    24    648 
  13    7    29    778 
  13    8    17    472 
  13    9    13    359 
  13   10    12    329 
  13   11    17    465 
  13   12    28    759 
  13   13    26    692 
  13   14    24    641 
  13   15    22    591 
  13   16    22    581 
  13   17    13    356 
  13   18    15    401 
  13   19    14    387 
  13   20    11    310 
  13   21    18    479 
  13   22    12    333 
  13   23    20    533 
  13   24    20    549 
  13   25    11    300 
  13   26    19    516 
  13   27    19    521 
  13   28    12    322 
  13   29    10    266 
  13   30    24    642 
  13   31    13    349 
  13   32    13    347 
  13   33    16    444 
  13   34    13    367 
  13   35    24    637 
  13   36    24    648 
  13   37    11    300 
  13   38    25    662 
  13   39    14    379 
  14    0    29    779 
  14    1    26    692 
  14    2    20    530 
  14    3    15    402 
  14    4    18    488 
  14    5    22    581 
  14    6    29    790 
  14    7    19    524 
  14    8    21    576 
  14    9    12    328 
  14   10    19    505 
  14   11    29    784 
  14   12    27    717 
  14   13     8    213 
  14   14    23    615 
  14   15    11    313 
  14   16    14    371 
  14   17    27    716 
  14   18     8    237 
  14   19    23    626 
  14   20    11    296 
  14   21    10    288 
  14   22    24    639 
  14   23    11    315 
  14   24     8    232 
  14   25    18    492 
  14   26    26    690 
  14   27    22    602 
  14   28    28    757 
  14   29    23    613 
  14   30    20    547 
  14   31    30    800 
  14   32    27    717 
  14   33    16    446 
  14   34     9    249 
  14   35    16    433 
  14   36    14    382 
  14   37    20    546 
  14   38    11    313 
  14   39     9    244 
  15    0    16    423 
  15    1    13    350 
  15    2    29    772 
  15    3    17    473 
  15    4    19    503 
  15    5    13    354 
  15    6     8    212 
  15    7    26    696 
  15    8    18    501 
  15    9    20    530 
  15   10     9    245 
  15   11    21    556 
  15   12    22    603 
  15   13    21    578 
  15   14    12    341 
  15   15    20    534 
  15   16    26    707 
  15   17    25    670 
  15   18    13    357 
  15   19    17    457 
  15   20    22    589 
  15   21    28    763 
  15   22     7    200 
  15   23    22    589 
  15   24    16    423 
  15   25    29    768 
  15   26    15    402 
  15   27    21    570 
  15   28    15    419 
  15   29    27    718 
  15   30    14    371 
  15   31    25    677 
  15   32    17    473 
  15   33    13    349 
  15   34     9    239 
  15   35    25    685 
  15   36    23    610 
  15   37    19    513 
  15   38    11    306 
  15   39    29    785 
  16    0    23    630 
  16    1    16    423 
  16    2    26    712 
  16    3    26    687 
  16    4    22    581 
  16    5    11    316 
  16    6     8    233 
  16    7     8    216 
  16    8    12    319 
  16    9    11    304 
  16   10    30    800 
  16   11    15    409 
  16   12     9    263 
  16   13    29    766 
  16   14    24    651 
  16   15    13    352 
  16   16    24    659 
  16   17    13    352 
  16   18    19    503 
  16   19    12    319 
  16   20    26    704 
  16   21    29    789 
  16   22    18    486 
  16   23    19    516 
  16   24    18    476 
  16   25     9    253 
  16   26    14    384 
  16   27    20    554 
  16   28    25    676 
  16   29    16    436 
  16   30    10    287 
  16   31     8    229 
  16   32    29    788 
  16   33    25    681 
  16   34    28    757 
  16   35    19    521 
  16   36    10    270 
  16   37    21    569 
  16   38    15    420 
  16   39    10    285 
  17    0    12    333 
  17    1     8    217 
  17    2    22    591 
  17    3    24    658 
  17    4    15    397 
  17    5    26    699 
  17    6    29    774 
  17    7     9    238 
  17    8    27    723 
  17    9     9    247 
  17   10    15    420 
  17   11    26    695 
  17   12    25    666 
  17   13    20    534 
  17   14    28    745 
  17   15    17    459 
  17   16    18    493 
  17   17     9    258 
  17   18    27    737 
  17   19    18    484 
  17   20    16    438 
  17   21     9    264 
  17   22    11    316 
  17   23    12    336 
  17   24    26    689 
  17   25    28    741 
  17   26    16    447 
  17   27    18    493 
  17   28     7    206 
  17   29    16    448 
  17   30    25    681 
  17   31    12    324 
  17   32     7    208 
  17   33    10    265 
  17   34    29    767 
  17   35    11    300 
  17   36     8    217 
  17   37    30    797 
  17   38    10    265 
  17   39    11    314 
  18    0    17    458 
  18    1    22    595 
  18    2    16    423 
  18    3    14    380 
  18    4    16    432 
  18    5    29    780 
  18    6    22    591 
  18    7     8    230 
  18    8    22    583 
  18    9    20    540 
  18   10     8    237 
  18   11    13    350 
  18   12    16    446 
  18   13    23    617 
  18   14     8    224 
  18   15    19    502 
  18   16    25    672 
  18   17    21    561 
  18   18     8    228 
  18   19    19    508 
  18   20    29    766 
  18   21    14    377 
  18   22    26    699 
  18   23    28    745 
  18   24    22    602 
  18   25    23    626 
  18   26    23    626 
  18   27     9    248 
  18   28    24    650 
  18   29     7    204 
  18   30    22    581 
  18   31     9    244 
  18   32    25    673 
  18   33    22    600 
  18   34    21    556 
  18   35    17    474 
  18   36    11    314 
  18   37    14    372 
  18   38    10    290 
  18   39    11    301 
  19    0    20    542 
  19    1    11    311 
  19    2    14    371 
  19    3    23    618 
  19    4    18    486 
  19    5    25    679 
  19    6    13    351 
  19    7    25    662 
  19    8    29    790 
  19    9    14    394 
  19   10    25    661 
  19   11     8    228 
  19   12    14    391 
  19   13    11    313 
  19   14    26    692 
  19   15    12    331 
  19   16    26    712 
  19   17    19    516 
  19   18    29    786 
  19   19    21    575 
  19   20    13    346 
  19   21    11    291 
  19   22    13    368 
  19   23    29    782 
  19   24    14    374 
  19   25    24    649 
  19   26    25    670 
  19   27    14    376 
  19   28     7    203 
  19   29    13    353 
  19   30    11    299 
  19   31    30    798 
  19   32    28    741 
  19   33    23    618 
  19   34     9    259 
  19   35    12    336 
  19   36     8    216 
  19   37    26    687 
  19   38    26    708 
  19   39    23    611 
  20    0    29    776 
  20    1    27    734 
  20    2    21    568 
  20    3    19    507 
  20    4    25    684 
  20    5    12    324 
  20    6    19    524 
  20    7    18    497 
  20    8    24    644 
  20    9    12    330 
  20   10    16    437 
  20   11    30    794 
  20   12    20    540 
  20   13    27    734 
  20   14    13    349 
  20   15    29    792 
  20   16    24    654 
  20   17    29    792 
  20   18    25    677 
  20   19    25    673 
  20   20    27    722 
  20   21    27    729 
  20   22    18    489 
  20   23    29    792 
  20   24    15    397 
  20   25    22    605 
  20   26    24    652 
  20   27    25    686 
  20   28    23    620 
  20   29    14    384 
  20   30    23    612 
  20   31    13    348 
  20   32    26    705 
  20   33    22    587 
  20   34    13    350 
  20   35    19    521 
  20   36    15    397 
  20   37    23    613 
  20   38    22    594 
  20   39    16    428 
  21    0    18    478 
  21    1    27    731 
  21    2    24    636 
  21    3    17    462 
  21    4    20    535 
  21    5    17    456 
  21    6    10    266 
  21    7    19    517 
  21    8     8    227 
  21    9    17    459 
  21   10    21    577 
  21   11    20    538 
  21   12    21    555 
  21   13    14    384 
  21   14    22    583 
  21   15    17    470 
  21   16    29    791 
  21   17    13    362 
  21   18    21    563 
  21   19     8    231 
  21   20    18    489 
  21   21     9    252 
  21   22    19    516 
  21   23    14    384 
  21   24    12    335 
  21   25    15    406 
  21   26    19    526 
  21   27    12    324 
  21   28    10    267 
  21   29    21    576 
  21   30    23    631 
  21   31    15    398 
  21   32    23    632 
  21   33    21    557 
  21   34    16    441 
  21   35    26    699 
  21   36    13    359 
  21   37    11    294 
  21   38    14    393 
  21   39    16    425 
  22    0     8    236 
  22    1    19    520 
  22    2    17    464 
  22    3    14    387 
  22    4    25    662 
  22    5    28    744 
  22    6    22    606 
  22    7    20    534 
  22    8    21    564 
  22    9    18    480 
  22   10    10    267 
  22   11    19    526 
  22   12     8    233 
  22   13    10    280 
  22   14    19    517 
  22   15     7    203 
  22   16    25    677 
  22   17    12    330 
  22   18    28    761 
  22   19    25    670 
  22   20    21    558 
  22   21    25    662 
  22   22    11    298 
  22   23    11    308 
  22   24    24    634 
  22   25    16    427 
  22   26     7    200 
  22   27    20    549 
  22   28    20    539 
  22   29    22    591 
  22   30    23    625 
  22   31    20    531 
  22   32    22    592 
  22   33    25    675 
  22   34     7    205 
  22   35    24    654 
  22   36    24    638 
  22   37    25    679 
  22   38    29    774 
  22   39    24    658 
  23    0    27    732 
  23    1    14    380 
  23    2    28    761 
  23    3     8    222 
  23    4    28    755 
  23    5    10    278 
  23    6    12    332 
  23    7    27    719 
  23    8    10    284 
  23    9    17    456 
  23   10     7    210 
  23   11    19    524 
  23   12    19    513 
  23   13    20    539 
  23   14    25    681 
  23   15    19    521 
  23   16    23    611 
  23   17    12    340 
  23   18    12    325 
  23   19    12    330 
  23   20     8    213 
  23   21    12    339 
  23   22     8    214 
  23   23    19    504 
  23   24    14    373 
  23   25    20    551 
  23   26    25    674 
  23   27    25    669 
  23   28    20    549 
  23   29    12    342 
  23   30    13    349 
  23   31    16    431 
  23   32    20    532 
  23   33    24    636 
  23   34    15    412 
  23   35    25    678 
  23   36    25    682 
  23   37    30    795 
  23   38    19    526 
  23   39    23    616 
  24    0    30    793 
  24    1     9    254 
  24    2    20    550 
  24    3    27    728 
  24    4    16    447 
  24    5    10    273 
  24    6    27    734 
  24    7    27    737 
  24    8    15    400 
  24    9     8    218 
  24   10    16    430 
  24   11    14    377 
  24   12    20    531 
  24   13    27    728 
  24   14    28    750 
  24   15    17    474 
  24   16    27    714 
  24   17    24    640 
  24   18    15    402 
  24   19    13    353 
  24   20    24    645 
  24   21    23    624 
  24   22    24    644 
  24   23     8    214 
  24   24    15    404 
  24   25     9    260 
  24   26    24    653 
  24   27    11    316 
  24   28    12    341 
  24   29    25    684 
  24   30    26    710 
  24   31    22    583 
  24   32    18    490 
  24   33    14    377 
  24   34     7    200 
  24   35    12    338 
  24   36    18    488 
  24   37    25    665 
  24   38     7    207 
  24   39    19    520 
  25    0    16    439 
  25    1    11    305 
  25    2     8    220 
  25    3    18    495 
  25    4    13    366 
  25    5    25    679 
  25    6    16    437 
  25    7    18    486 
  25    8    14    374 
  25    9    20    554 
  25   10    15    415 
  25   11    12    326 
  25   12    26    700 
  25   13    16    436 
  25   14    29    786 
  25   15    10    286 
  25   16     7    208 
  25   17    26    699 
  25   18    13    347 
  25   19    12    324 
  25   20    17    473 
  25   21    27    739 
  25   22    25    686 
  25   23    11    305 
  25   24    26    693 
  25   25    20    543 
  25   26    25    675 
  25   27    10    282 
  25   28    14    372 
  25   29     9    250 
  25   30    23    610 
  25   31    20    546 
  25   32    23    616 
  25   33    19    509 
  25   34    25    663 
  25   35     8    219 
  25   36     9    264 
  25   37    16    425 
  25   38    15    418 
  25   39    17    469 
  26    0    20    539 
  26    1    16    429 
  26    2    11    313 
  26    3    11    310 
  26    4    13    356 
  26    5    23    627 
  26    6    16    437 
  26    7    19    522 
  26    8    15    406 
  26    9    12    321 
  26   10    19    508 
  26   11    26    701 
  26   12    19    512 
  26   13    13    345 
  26   14     9    244 
  26   15    21    559 
  26   16    12    343 
  26   17    16    448 
  26   18    10    289 
  26   19    23    617 
  26   20    21    564 
  26   21    13    362 
  26   22    14    385 
  26   23    17    467 
  26   24    18    476 
  26   25    15    402 
  26   26    26    702 
  26   27    13    357 
  26   28    12    324 
  26   29    24    650 
  26   30    10    278 
  26   31     9    242 
  26   32    22    593 
  26   33    15    409 
  26   34    15    415 
  26   35    15    412 
  26   36    12    327 
  26   37    13    351 
  26   38    26    709 
  26   39    15    401 
  27    0     9    254 
  27    1    18    480 
  27    2    27    722 
  27    3    23    633 
  27    4    24    647 
  27    5     8    227 
  27    6    21    570 
  27    7    19    519 
  27    8    29    780 
  27    9    12    340 
  27   10    15    422 
  27   11    10    272 
  27   12    19    508 
  27   13    26    694 
  27   14    10    282 
  27   15    17    473 
  27   16     8    217 
  27   17    15    397 
  27   18    11    310 
  27   19     8    218 
  27   20     8    226 
  27   21    23    630 
  27   22    27    738 
  27   23    17    453 
  27   24    19    515 
  27   25    21    561 
  27   26    29    787 
  27   27    28    756 
  27   28    10    279 
  27   29    14    389 
  27   30     9    241 
  27   31    17    460 
  27   32    10    265 
  27   33    15    415 
  27   34    14    382 
  27   35     7    208 
  27   36    23    623 
  27   37    13    356 
  27   38    15    404 
  27   39    29    790 
  28    0    23    624 
  28    1    17    475 
  28    2    28    742 
  28    3    22    594 
  28    4    26    694 
  28    5    26    708 
  28    6    15    408 
  28    7    23    618 
  28    8    11    294 
  28    9    12    341 
  28   10    15    412 
  28   11    27    725 
  28   12    14    379 
  28   13    25    664 
  28   14    12    336 
  28   15    27    719 
  28   16    11    312 
  28   17    14    386 
  28   18    14    385 
  28   19    12    335 
  28   20    23    633 
  28   21    16    428 
  28   22    11    297 
  28   23    21    580 
  28   24    22    605 
  28   25    19    521 
  28   26    29    771 
  28   27    29    787 
  28   28    23    627 
  28   29    17    473 
  28   30    30    797 
  28   31    22    605 
  28   32    25    666 
  28   33    16    431 
  28   34    27    721 
  28   35    22    597 
  28   36    22    588 
  28   37    23    631 
  28   38    19    520 
  28   39    20    553 
  29    0    12    329 
  29    1    11    315 
  29    2    19    507 
  29    3    25    675 
  29    4    17    459 
  29    5    11    301 
  29    6    21    573 
  29    7    20    548 
  29    8    11    302 
  29    9     8    224 
  29   10    13    369 
  29   11    10    277 
  29   12    29    766 
  29   13    10    290 
  29   14    10    272 
  29   15     8    212 
  29   16    11    293 
  29   17    21    572 
  29   18     8    232 
  29   19    18    486 
  29   20    16    424 
  29   21    30    795 
  29   22    25    671 
  29   23    14    371 
  29   24    16    438 
  29   25    26    709 
  29   26    29    780 
  29   27     8    230 
  29   28    25    675 
  29   29    30    798 
  29   30    21    565 
  29   31    16    444 
  29   32    19    512 
  29   33    25    671 
  29   34     8    212 
  29   35    28    763 
  29   36    23    610 
  29   37    26    687 
  29   38    28    740 
  29   39    10    273 
  30    0     7    200 
  30    1    13    366 
  30    2    28    765 
  30    3     9    262 
  30    4    19    520 
  30    5     9    248 
  30    6    16    434 
  30    7     7    211 
  30    8    27    722 
  30    9    22    607 
  30   10     8    228 
  30   11    16    440 
  30   12    20    537 
  30   13    15    418 
  30   14    24    655 
  30   15    12    324 
  30   16    16    438 
  30   17    21    558 
  30   18     9    256 
  30   19    15    398 
  30   20    28    759 
  30   21    17    451 
  30   22    18    479 
  30   23    13    347 
  30   24    29    774 
  30   25    20    536 
  30   26    15    407 
  30   27    19    502 
  30   28     9    245 
  30   29    14    385 
  30   30    16    430 
  30   31    27    719 
  30   32    24    634 
  30   33     8    223 
  30   34    30    795 
  30   35    11    304 
  30   36    19    523 
  30   37    13    344 
  30   38    12    330 
  30   39    16    431 
  31    0    23    619 
  31    1    13    356 
  31    2    29    770 
  31    3    13    367 
  31    4    28    758 
  31    5    14    379 
  31    6    26    711 
  31    7    24    645 
  31    8     9    250 
  31    9    14    383 
  31   10    13    352 
  31   11    20    535 
  31   12    17    461 
  31   13    30    796 
  31   14    25    676 
  31   15    19    516 
  31   16    27    728 
  31   17     8    218 
  31   18    20    547 
  31   19    25    678 
  31   20    15    420 
  31   21     8    212 
  31   22    22    602 
  31   23    28    764 
  31   24    17    453 
  31   25    12    331 
  31   26    25    664 
  31   27    18    488 
  31   28    23    615 
  31   29    29    782 
  31   30    14    382 
  31   31    12    325 
  31   32    19    512 
  31   33    26    704 
  31   34    28    757 
  31   35    22    603 
  31   36    27    716 
  31   37    24    647 
  31   38    28    762 
  31   39    30    798 
  32    0    13    367 
  32    1    11    307 
  32    2    10    272 
  32    3    17    460 
  32    4    29    782 
  32    5    15    408 
  32    6    24    643 
  32    7    29    779 
  32    8    23    616 
  32    9    10    290 
  32   10    18    492 
  32   11    22    602 
  32   12     8    229 
  32   13    28    754 
  32   14    14    373 
  32   15    28    747 
  32   16    10    282 
  32   17    13    346 
  32   18    13    350 
  32   19    11    313 
  32   20     8    217 
  32   21    24    645 
  32   22    23    632 
  32   23    27    726 
  32   24    13    352 
  32   25    15    400 
  32   26    26    695 
  32   27    24    640 
  32   28    30    800 
  32   29    25    674 
  32   30    12    321 
  32   31    15    422 
  32   32    13    368 
  32   33    25    664 
  32   34    29    770 
  32   35    11    296 
  32   36    17    450 
  32   37    26    711 
  32   38    15    401 
  32   39    22    591 
  33    0    13    360 
  33    1    14    390 
  33    2    18    477 
  33    3    20    548 
  33    4    18    491 
  33    5    14    382 
  33    6    23    624 
  33    7     9    263 
  33    8    19    510 
  33    9    16    448 
  33   10    19    523 
  33   11    20    551 
  33   12    26    708 
  33   13    15    410 
  33   14    29    766 
  33   15    10    285 
  33   16    25    664 
  33   17    10    284 
  33   18    21    577 
  33   19    12    329 
  33   20    26    689 
  33   21    14    388 
  33   22    14    378 
  33   23    22    586 
  33   24    30    798 
  33   25    11    307 
  33   26    12    342 
  33   27     8    237 
  33   28    18    491 
  33   29    20    549 
  33   30    18    479 
  33   31    29    783 
  33   32    20    538 
  33   33    28    764 
  33   34     8    227 
  33   35    19    517 
  33   36    23    609 
  33   37     9    239 
  33   38    12    337 
  33   39    23    625 
  34    0    10    268 
  34    1    19    511 
  34    2    17    454 
  34    3    20    532 
  34    4    24    643 
  34    5    11    293 
  34    6    14    378 
  34    7    20    549 
  34    8     8    221 
  34    9    20    553 
  34   10    16    434 
  34   11    16    423 
  34   12    18    479 
  34   13    15    399 
  34   14    24    655 
  34   15    16    442 
  34   16    24    657 
  34   17    16    443 
  34   18     7    209 
  34   19     7    208 
  34   20    10    283 
  34   21    26    707 
  34   22    18    476 
  34   23    12    325 
  34   24    18    496 
  34   25    25    667 
  34   26    28    760 
  34   27    10    267 
  34   28    19    511 
  34   29    27    718 
  34   30     8    231 
  34   31    11    315 
  34   32    21    569 
  34   33    26    701 
  34   34    24    653 
  34   35    18    488 
  34   36     8    223 
  34   37    25    675 
  34   38     8    222 
  34   39     8    233 
  35    0    18    485 
  35    1     7    203 
  35    2    16    439 
  35    3    10    287 
  35    4    28    764 
  35    5     9    252 
  35    6    17    463 
  35    7    19    521 
  35    8    18    486 
  35    9    17    457 
  35   10    19    508 
  35   11    19    516 
  35   12    20    534 
  35   13     9    244 
  35   14    17    473 
  35   15    26    708 
  35   16     7    206 
  35   17    22    588 
  35   18    16    437 
  35   19     7    204 
  35   20     8    225 
  35   21    19    516 
  35   22    13    357 
  35   23    27    734 
  35   24    10    279 
  35   25    19    507 
  35   26     9    257 
  35   27    16    436 
  35   28    26    691 
  35   29    22    583 
  35   30    14    385 
  35   31    15    397 
  35   32     8    225 
  35   33    21    561 
  35   34    19    515 
  35   35    29    791 
  35   36    29    773 
  35   37    19    517 
  35   38    11    307 
  35   39    26    691 
  36    0    20    536 
  36    1    22    599 
  36    2    20    551 
  36    3     9    259 
  36    4    24    644 
  36    5    18    478 
  36    6     9    248 
  36    7    14    389 
  36    8    10    266 
  36    9    12    342 
  36   10    28    742 
  36   11     7    201 
  36   12    10    275 
  36   13    10    271 
  36   14    16    440 
  36   15    30    793 
  36   16    26    696 
  36   17    12    341 
  36   18    22    581 
  36   19    16    436 
  36   20    17    467 
  36   21    11    300 
  36   22    21    573 
  36   23    16    446 
  36   24    24    638 
  36   25     9    243 
  36   26    14    388 
  36   27    16    446 
  36   28     7    208 
  36   29    25    670 
  36   30    10    278 
  36   31    25    682 
  36   32    16    430 
  36   33    18    499 
  36   34    24    656 
  36   35    16    436 
  36   36    29    771 
  36   37    17    453 
  36   38    14    377 
  36   39    15    403 
  37    0    24    643 
  37    1    13    349 
  37    2     9    244 
  37    3    16    436 
  37    4    17    452 
  37    5    27    729 
  37    6    13    369 
  37    7    28    752 
  37    8    15    421 
  37    9     9    251 
  37   10    22    603 
  37   11    21    568 
  37   12    20    530 
  37   13    22    587 
  37   14    28    740 
  37   15    12    324 
  37   16     7    204 
  37   17    21    561 
  37   18    27    736 
  37   19    20    549 
  37   20    15    411 
  37   21    24    636 
  37   22    16    432 
  37   23    15    422 
  37   24    16    443 
  37   25    12    339 
  37   26    10    287 
  37   27     9    257 
  37   28    22    599 
  37   29     8    216 
  37   30    29    766 
  37   31    28    754 
  37   32    16    443 
  37   33    25    669 
  37   34    22    581 
  37   35    10    270 
  37   36    25    674 
  37   37    12    340 
  37   38    12    336 
  37   39    19    525 
  38    0    29    774 
  38    1    21    580 
  38    2    23    617 
  38    3    15    406 
  38    4    19    524 
  38    5    19    512 
  38    6    29    771 
  38    7    16    439 
  38    8    28    743 
  38    9    25    661 
  38   10     9    262 
  38   11    11    301 
  38   12    19    505 
  38   13    27    738 
  38   14    16    441 
  38   15    25    671 
  38   16     9    247 
  38   17    11    306 
  38   18    19    515 
  38   19    18    496 
  38   20    11    308 
  38   21     8    232 
  38   22    13    364 
  38   23    17    475 
  38   24    21    572 
  38   25    28    765 
  38   26    17    474 
  38   27    10    283 
  38   28    16    443 
  38   29    27    723 
  38   30    16    436 
  38   31    18    488 
  38   32    14    380 
  38   33    27    733 
  38   34    25    668 
  38   35    27    717 
  38   36     9    250 
  38   37    17    453 
  38   38    29    772 
  38   39     8    225 
  39    0    17    470 
  39    1    11    298 
  39    2    27    738 
  39    3    18    486 
  39    4    13    367 
  39    5     8    231 
  39    6     8    225 
  39    7     9    245 
  39    8    16    427 
  39    9     8    226 
  39   10    15    412 
  39   11    28    765 
  39   12     8    233 
  39   13    19    503 
  39   14    29    775 
  39   15    10    289 
  39   16    28    759 
  39   17    13    369 
  39   18    20    539 
  39   19     7    211 
  39   20    11    300 
  39   21    21    575 
  39   22    14    388 
  39   23    11    300 
  39   24    10    269 
  39   25    25    670 
  39   26    11    314 
  39   27    20    537 
  39   28    20    552 
  39   29    23    609 
  39   30    19    523 
  39   31     7    203 
  39   32    10    288 
  39   33    13    352 
  39   34    26    708 
  39   35    15    420 
  39   36    12    319 
  39   37    22    598 
  39   38     9    239 
  39   39    21    566 
