 40
 40

   28
   32
   18
   45
   38
   49
   48
    8
   19
   44
   18
   24
   18
   10
   14
   21
   11
    5
   31
   47
   44
   40
   33
   39
   46
   34
   44
   42
   50
   31
   12
   38
   31
    1
   19
   10
    3
   28
   16
    6

   25
   24
   32
   49
   41
   48
    5
    9
   48
    3
    8
   29
   11
   35
   10
   30
   25
   10
   15
   41
   29
   30
    8
   33
   41
   41
   40
   42
   16
   34
   47
   43
   36
   24
    5
   37
    5
   39
    5
   42

   0    0    21    596 
   0    1    13    374 
   0    2    16    448 
   0    3     7    213 
   0    4     7    202 
   0    5    25    720 
   0    6    18    526 
   0    7    14    401 
   0    8     7    210 
   0    9    14    399 
   0   10    22    610 
   0   11    19    553 
   0   12     8    233 
   0   13    25    707 
   0   14     8    243 
   0   15    27    752 
   0   16    14    409 
   0   17    20    575 
   0   18    10    296 
   0   19    16    448 
   0   20    26    748 
   0   21    21    587 
   0   22    28    787 
   0   23    24    682 
   0   24    15    434 
   0   25    28    790 
   0   26    24    676 
   0   27    13    386 
   0   28    14    399 
   0   29    20    577 
   0   30    27    758 
   0   31    19    546 
   0   32     7    210 
   0   33    16    470 
   0   34    14    392 
   0   35    27    770 
   0   36     7    205 
   0   37    23    660 
   0   38    10    291 
   0   39    28    785 
   1    0    11    314 
   1    1    21    603 
   1    2    24    667 
   1    3    28    789 
   1    4    27    770 
   1    5    11    327 
   1    6    22    622 
   1    7    20    570 
   1    8    10    289 
   1    9    12    342 
   1   10    13    370 
   1   11    19    548 
   1   12    13    388 
   1   13    23    643 
   1   14    17    482 
   1   15    17    494 
   1   16    27    761 
   1   17    24    667 
   1   18     8    243 
   1   19    25    711 
   1   20    24    686 
   1   21     7    216 
   1   22     7    219 
   1   23     9    263 
   1   24    20    571 
   1   25    25    707 
   1   26    16    469 
   1   27     8    229 
   1   28    11    324 
   1   29    22    617 
   1   30    26    740 
   1   31    22    617 
   1   32    20    577 
   1   33    11    320 
   1   34     7    203 
   1   35    27    749 
   1   36    14    391 
   1   37    10    300 
   1   38    17    489 
   1   39    18    507 
   2    0    16    454 
   2    1    23    661 
   2    2    20    564 
   2    3    10    284 
   2    4    10    290 
   2    5    27    769 
   2    6    15    436 
   2    7    10    288 
   2    8     8    242 
   2    9    28    793 
   2   10    23    652 
   2   11    15    426 
   2   12     8    243 
   2   13    17    479 
   2   14    18    520 
   2   15    26    738 
   2   16     7    212 
   2   17     8    226 
   2   18    11    315 
   2   19    21    605 
   2   20    18    507 
   2   21     8    237 
   2   22     9    260 
   2   23    11    332 
   2   24    12    337 
   2   25    23    661 
   2   26    28    782 
   2   27    12    353 
   2   28    13    367 
   2   29    18    513 
   2   30    12    334 
   2   31    25    699 
   2   32    21    594 
   2   33    17    473 
   2   34     9    255 
   2   35    18    523 
   2   36    26    734 
   2   37    28    788 
   2   38    22    618 
   2   39    10    278 
   3    0    16    467 
   3    1    26    748 
   3    2    11    331 
   3    3    17    473 
   3    4    18    517 
   3    5    12    358 
   3    6    20    571 
   3    7    19    528 
   3    8    20    574 
   3    9    27    773 
   3   10    17    481 
   3   11    12    341 
   3   12    27    766 
   3   13    27    750 
   3   14    23    661 
   3   15     7    212 
   3   16    24    693 
   3   17     8    223 
   3   18    12    360 
   3   19    24    677 
   3   20     9    254 
   3   21     8    239 
   3   22    17    491 
   3   23    28    788 
   3   24    10    299 
   3   25    14    409 
   3   26    10    279 
   3   27     8    233 
   3   28    10    289 
   3   29    10    281 
   3   30    18    523 
   3   31    18    502 
   3   32    19    530 
   3   33     9    259 
   3   34    14    397 
   3   35     9    256 
   3   36    12    351 
   3   37    13    379 
   3   38    23    638 
   3   39    13    388 
   4    0    11    317 
   4    1    13    375 
   4    2    12    340 
   4    3    18    522 
   4    4    11    315 
   4    5    25    712 
   4    6    12    352 
   4    7    12    335 
   4    8     9    274 
   4    9    17    492 
   4   10     7    210 
   4   11    23    658 
   4   12    21    590 
   4   13    24    680 
   4   14    20    557 
   4   15    19    554 
   4   16    11    326 
   4   17    14    413 
   4   18    11    322 
   4   19     7    213 
   4   20    10    302 
   4   21    25    700 
   4   22    16    455 
   4   23    17    478 
   4   24    24    685 
   4   25    18    510 
   4   26    28    790 
   4   27    13    362 
   4   28    28    799 
   4   29    19    535 
   4   30    19    540 
   4   31    11    323 
   4   32    28    777 
   4   33     9    265 
   4   34    16    465 
   4   35    25    695 
   4   36    18    522 
   4   37     7    215 
   4   38    10    304 
   4   39    10    289 
   5    0    23    648 
   5    1    17    492 
   5    2    15    427 
   5    3    25    700 
   5    4    17    484 
   5    5    11    309 
   5    6    10    287 
   5    7    28    799 
   5    8    27    761 
   5    9    21    604 
   5   10    23    642 
   5   11    10    301 
   5   12    25    698 
   5   13    18    512 
   5   14    19    535 
   5   15    17    487 
   5   16    17    492 
   5   17    14    401 
   5   18    19    532 
   5   19    15    440 
   5   20    19    545 
   5   21     8    238 
   5   22    21    595 
   5   23    15    418 
   5   24    18    504 
   5   25    14    389 
   5   26    18    511 
   5   27    25    702 
   5   28    28    780 
   5   29    22    621 
   5   30    26    727 
   5   31    15    422 
   5   32    21    595 
   5   33    10    282 
   5   34    28    793 
   5   35    11    327 
   5   36    13    366 
   5   37    14    391 
   5   38     7    218 
   5   39    12    346 
   6    0    25    709 
   6    1    15    438 
   6    2    22    633 
   6    3    11    315 
   6    4    10    288 
   6    5    12    345 
   6    6    27    775 
   6    7    21    607 
   6    8    13    386 
   6    9    21    603 
   6   10    18    502 
   6   11    26    721 
   6   12    18    505 
   6   13    27    774 
   6   14    11    330 
   6   15    11    322 
   6   16    23    646 
   6   17     9    263 
   6   18    18    502 
   6   19    13    362 
   6   20    19    547 
   6   21    11    332 
   6   22    28    783 
   6   23    10    278 
   6   24    22    636 
   6   25    17    490 
   6   26    19    537 
   6   27    27    762 
   6   28    14    413 
   6   29    15    429 
   6   30    14    413 
   6   31     7    216 
   6   32    26    725 
   6   33    26    723 
   6   34    20    578 
   6   35    23    652 
   6   36    24    689 
   6   37    20    581 
   6   38    14    403 
   6   39    27    763 
   7    0    24    682 
   7    1    27    759 
   7    2    11    320 
   7    3    18    499 
   7    4    27    774 
   7    5    28    779 
   7    6    12    345 
   7    7    24    679 
   7    8    20    562 
   7    9    18    522 
   7   10    14    402 
   7   11    22    623 
   7   12     9    257 
   7   13    17    485 
   7   14    15    420 
   7   15    25    713 
   7   16    12    358 
   7   17    13    376 
   7   18    12    351 
   7   19    20    572 
   7   20    11    319 
   7   21     9    258 
   7   22    18    519 
   7   23    25    704 
   7   24    25    694 
   7   25    24    692 
   7   26     7    207 
   7   27    17    485 
   7   28    20    580 
   7   29    15    421 
   7   30    12    344 
   7   31    13    363 
   7   32    28    792 
   7   33    24    686 
   7   34    21    600 
   7   35    19    535 
   7   36    21    593 
   7   37    14    399 
   7   38    19    533 
   7   39    27    755 
   8    0    13    379 
   8    1    27    773 
   8    2    19    544 
   8    3    23    662 
   8    4    27    749 
   8    5    28    799 
   8    6    22    625 
   8    7    12    341 
   8    8    15    434 
   8    9    22    627 
   8   10    13    376 
   8   11    12    337 
   8   12    14    415 
   8   13    13    385 
   8   14    11    307 
   8   15    24    673 
   8   16    15    435 
   8   17    12    350 
   8   18    25    713 
   8   19    25    717 
   8   20     7    217 
   8   21    23    649 
   8   22    28    790 
   8   23    17    492 
   8   24    22    610 
   8   25    25    717 
   8   26    13    384 
   8   27    13    368 
   8   28    19    547 
   8   29    27    762 
   8   30    10    286 
   8   31     9    265 
   8   32    28    783 
   8   33    20    561 
   8   34    12    343 
   8   35    17    495 
   8   36     7    207 
   8   37    13    382 
   8   38    27    767 
   8   39     9    261 
   9    0    21    606 
   9    1    11    331 
   9    2    26    727 
   9    3    11    331 
   9    4    20    576 
   9    5    26    733 
   9    6    24    675 
   9    7    11    322 
   9    8    21    589 
   9    9    19    535 
   9   10    11    308 
   9   11    28    793 
   9   12    20    572 
   9   13    20    581 
   9   14    19    544 
   9   15     7    202 
   9   16    21    588 
   9   17    17    495 
   9   18    20    568 
   9   19    15    433 
   9   20    12    346 
   9   21    11    326 
   9   22    26    724 
   9   23    18    521 
   9   24    21    591 
   9   25    16    470 
   9   26    26    728 
   9   27    14    405 
   9   28    20    566 
   9   29     8    243 
   9   30    22    629 
   9   31    18    508 
   9   32    19    550 
   9   33     9    266 
   9   34    23    652 
   9   35     8    231 
   9   36    25    711 
   9   37    25    696 
   9   38    18    504 
   9   39    22    616 
  10    0    19    553 
  10    1    16    453 
  10    2    19    547 
  10    3    13    372 
  10    4    10    280 
  10    5    16    462 
  10    6    15    424 
  10    7    28    796 
  10    8    18    514 
  10    9    15    441 
  10   10    20    559 
  10   11    28    798 
  10   12    15    416 
  10   13    11    308 
  10   14    13    373 
  10   15     9    254 
  10   16    24    671 
  10   17    16    448 
  10   18     7    221 
  10   19    13    368 
  10   20    17    476 
  10   21     7    207 
  10   22    18    517 
  10   23    13    363 
  10   24    16    450 
  10   25     7    206 
  10   26    11    315 
  10   27    19    529 
  10   28    19    534 
  10   29    11    310 
  10   30    13    373 
  10   31    27    770 
  10   32     9    259 
  10   33    14    399 
  10   34     9    267 
  10   35    10    292 
  10   36    27    754 
  10   37    21    608 
  10   38    27    771 
  10   39    14    396 
  11    0    25    708 
  11    1     9    262 
  11    2    23    649 
  11    3    11    314 
  11    4    13    383 
  11    5    16    453 
  11    6    22    635 
  11    7    26    737 
  11    8    11    306 
  11    9    20    563 
  11   10    13    376 
  11   11    11    311 
  11   12     8    222 
  11   13    16    454 
  11   14     8    237 
  11   15    24    680 
  11   16    16    448 
  11   17    15    417 
  11   18    27    765 
  11   19     8    233 
  11   20    27    761 
  11   21     9    259 
  11   22    26    728 
  11   23    28    792 
  11   24    15    434 
  11   25    22    612 
  11   26    25    707 
  11   27    18    511 
  11   28    17    494 
  11   29    28    781 
  11   30    21    595 
  11   31     8    237 
  11   32    18    506 
  11   33     7    204 
  11   34     9    267 
  11   35    18    524 
  11   36     8    227 
  11   37    20    580 
  11   38    24    689 
  11   39    23    656 
  12    0    18    516 
  12    1    20    567 
  12    2    23    654 
  12    3    26    740 
  12    4    15    436 
  12    5    11    323 
  12    6    24    691 
  12    7    24    671 
  12    8    11    306 
  12    9    17    474 
  12   10    24    672 
  12   11    25    706 
  12   12    23    659 
  12   13    24    670 
  12   14    23    656 
  12   15    26    744 
  12   16    10    301 
  12   17     9    273 
  12   18    27    751 
  12   19    21    597 
  12   20    18    519 
  12   21    16    470 
  12   22     9    262 
  12   23    17    487 
  12   24    14    410 
  12   25    13    377 
  12   26    23    643 
  12   27    18    521 
  12   28    10    302 
  12   29     8    235 
  12   30    15    443 
  12   31    22    615 
  12   32    27    765 
  12   33    11    329 
  12   34    18    514 
  12   35    12    339 
  12   36    24    669 
  12   37    24    686 
  12   38     7    220 
  12   39     9    260 
  13    0    22    635 
  13    1    26    731 
  13    2    18    507 
  13    3    20    574 
  13    4    17    498 
  13    5    28    796 
  13    6    11    314 
  13    7     8    249 
  13    8    16    452 
  13    9    21    595 
  13   10    15    431 
  13   11    14    410 
  13   12    24    683 
  13   13    26    725 
  13   14    11    319 
  13   15     8    223 
  13   16    19    539 
  13   17    27    775 
  13   18    10    286 
  13   19     9    266 
  13   20    18    507 
  13   21     7    211 
  13   22    21    587 
  13   23    26    721 
  13   24    26    738 
  13   25     9    261 
  13   26    11    328 
  13   27    27    775 
  13   28     7    219 
  13   29    23    653 
  13   30    12    351 
  13   31    14    394 
  13   32    27    775 
  13   33    20    565 
  13   34    17    478 
  13   35    20    557 
  13   36    22    636 
  13   37    10    279 
  13   38    10    297 
  13   39     9    270 
  14    0     9    264 
  14    1    20    561 
  14    2    16    461 
  14    3    15    419 
  14    4    12    357 
  14    5    19    550 
  14    6     8    242 
  14    7    27    773 
  14    8    22    629 
  14    9    26    732 
  14   10    27    765 
  14   11    11    326 
  14   12    26    748 
  14   13    16    457 
  14   14    16    453 
  14   15    12    358 
  14   16    23    652 
  14   17    12    348 
  14   18    17    492 
  14   19    23    660 
  14   20    21    589 
  14   21    10    297 
  14   22    12    335 
  14   23    23    639 
  14   24    10    287 
  14   25    14    415 
  14   26    17    479 
  14   27    14    414 
  14   28    22    610 
  14   29    10    290 
  14   30    18    500 
  14   31    12    334 
  14   32    19    537 
  14   33    10    297 
  14   34    21    607 
  14   35    25    702 
  14   36    27    775 
  14   37    17    482 
  14   38    10    286 
  14   39    19    544 
  15    0    25    694 
  15    1    12    333 
  15    2    11    324 
  15    3    10    304 
  15    4    17    475 
  15    5    13    365 
  15    6    27    753 
  15    7    27    769 
  15    8    24    686 
  15    9    18    516 
  15   10    17    488 
  15   11    24    680 
  15   12    24    685 
  15   13    11    332 
  15   14    18    520 
  15   15    13    384 
  15   16    28    782 
  15   17    23    664 
  15   18    25    715 
  15   19     8    222 
  15   20    11    332 
  15   21    19    532 
  15   22    23    655 
  15   23    27    761 
  15   24    17    486 
  15   25    13    363 
  15   26    13    377 
  15   27    27    771 
  15   28    20    574 
  15   29    18    501 
  15   30     9    263 
  15   31    28    796 
  15   32    23    651 
  15   33     7    202 
  15   34     7    213 
  15   35    13    384 
  15   36    24    690 
  15   37     9    260 
  15   38     8    240 
  15   39    24    668 
  16    0    11    322 
  16    1    18    524 
  16    2    15    420 
  16    3    22    634 
  16    4    24    676 
  16    5    22    632 
  16    6    28    780 
  16    7    11    331 
  16    8    18    513 
  16    9    22    637 
  16   10    18    501 
  16   11    10    299 
  16   12    14    403 
  16   13    27    776 
  16   14    22    622 
  16   15    26    722 
  16   16    28    777 
  16   17    13    372 
  16   18    17    475 
  16   19    23    662 
  16   20     9    255 
  16   21    23    659 
  16   22    15    426 
  16   23     7    206 
  16   24    23    639 
  16   25    19    537 
  16   26    19    531 
  16   27    26    731 
  16   28    14    396 
  16   29     8    248 
  16   30     9    252 
  16   31    13    366 
  16   32    17    492 
  16   33    24    673 
  16   34    14    393 
  16   35     8    222 
  16   36    28    792 
  16   37    18    511 
  16   38     9    258 
  16   39    26    739 
  17    0    11    329 
  17    1     7    202 
  17    2    24    666 
  17    3    22    627 
  17    4    11    316 
  17    5     7    209 
  17    6    28    786 
  17    7    27    755 
  17    8     7    203 
  17    9    14    398 
  17   10    15    431 
  17   11    14    392 
  17   12    15    435 
  17   13    26    735 
  17   14    21    608 
  17   15     9    252 
  17   16    28    782 
  17   17     7    221 
  17   18    15    432 
  17   19    20    569 
  17   20    27    774 
  17   21    26    742 
  17   22    26    738 
  17   23    10    284 
  17   24     9    258 
  17   25    19    551 
  17   26     8    249 
  17   27    24    691 
  17   28    17    496 
  17   29    28    790 
  17   30    13    368 
  17   31    15    439 
  17   32    16    463 
  17   33    21    603 
  17   34     8    233 
  17   35    21    592 
  17   36    19    539 
  17   37    18    523 
  17   38    15    430 
  17   39    10    303 
  18    0    18    500 
  18    1    25    717 
  18    2    12    345 
  18    3    21    583 
  18    4    10    279 
  18    5    20    555 
  18    6    28    800 
  18    7    16    459 
  18    8    17    483 
  18    9    27    769 
  18   10    11    326 
  18   11    11    309 
  18   12    13    378 
  18   13    26    736 
  18   14    23    657 
  18   15    25    694 
  18   16    15    419 
  18   17     8    231 
  18   18    24    688 
  18   19    17    497 
  18   20    18    513 
  18   21    22    612 
  18   22    21    589 
  18   23     8    223 
  18   24    16    457 
  18   25    20    567 
  18   26    13    370 
  18   27    25    709 
  18   28    26    744 
  18   29    24    679 
  18   30    19    535 
  18   31    27    750 
  18   32    11    326 
  18   33    22    628 
  18   34    23    659 
  18   35    20    582 
  18   36    20    558 
  18   37    21    590 
  18   38    19    543 
  18   39    27    774 
  19    0    11    307 
  19    1     9    264 
  19    2    21    594 
  19    3    22    623 
  19    4    20    571 
  19    5    16    444 
  19    6    21    608 
  19    7    17    484 
  19    8     7    216 
  19    9    21    591 
  19   10    24    689 
  19   11    18    504 
  19   12    15    431 
  19   13    21    599 
  19   14     7    214 
  19   15    24    680 
  19   16    13    384 
  19   17    20    565 
  19   18    26    723 
  19   19    21    609 
  19   20    13    377 
  19   21    13    365 
  19   22    26    721 
  19   23    21    583 
  19   24    24    681 
  19   25    17    495 
  19   26    22    634 
  19   27    23    656 
  19   28    11    331 
  19   29    16    464 
  19   30    16    451 
  19   31    12    337 
  19   32    27    753 
  19   33    10    282 
  19   34    16    464 
  19   35    13    361 
  19   36    24    687 
  19   37    27    749 
  19   38    15    433 
  19   39    26    743 
  20    0    21    600 
  20    1    22    620 
  20    2    23    660 
  20    3    12    355 
  20    4     9    267 
  20    5     9    269 
  20    6     9    260 
  20    7    26    733 
  20    8     9    251 
  20    9    10    300 
  20   10    23    652 
  20   11    17    478 
  20   12    15    437 
  20   13    26    748 
  20   14    17    475 
  20   15    18    514 
  20   16    14    405 
  20   17    21    596 
  20   18    15    420 
  20   19    24    682 
  20   20    18    521 
  20   21    27    764 
  20   22    13    377 
  20   23    19    543 
  20   24    27    762 
  20   25    19    537 
  20   26    23    653 
  20   27    15    443 
  20   28    15    438 
  20   29    27    752 
  20   30    16    469 
  20   31    10    293 
  20   32    14    393 
  20   33    24    680 
  20   34    17    490 
  20   35    19    531 
  20   36    24    676 
  20   37    12    359 
  20   38    12    359 
  20   39    11    328 
  21    0    11    313 
  21    1    11    332 
  21    2    15    428 
  21    3    16    452 
  21    4    19    551 
  21    5    13    375 
  21    6    12    357 
  21    7    27    765 
  21    8    13    362 
  21    9     7    205 
  21   10    27    765 
  21   11    10    285 
  21   12    23    653 
  21   13    10    287 
  21   14    23    643 
  21   15     7    203 
  21   16    13    385 
  21   17    20    577 
  21   18    24    676 
  21   19     9    251 
  21   20     8    228 
  21   21     9    250 
  21   22    20    579 
  21   23     7    207 
  21   24    14    411 
  21   25    26    737 
  21   26    11    325 
  21   27    11    319 
  21   28    22    627 
  21   29    16    448 
  21   30    21    608 
  21   31    15    434 
  21   32    15    442 
  21   33    17    477 
  21   34    22    637 
  21   35    13    361 
  21   36    26    724 
  21   37    20    555 
  21   38    27    764 
  21   39    18    517 
  22    0    16    462 
  22    1    10    290 
  22    2    12    352 
  22    3    28    789 
  22    4    22    630 
  22    5    11    309 
  22    6    19    550 
  22    7    11    329 
  22    8    18    518 
  22    9     7    202 
  22   10    24    671 
  22   11    12    347 
  22   12    19    549 
  22   13    18    519 
  22   14     7    210 
  22   15    26    727 
  22   16     8    229 
  22   17    12    353 
  22   18    13    362 
  22   19    16    446 
  22   20    13    382 
  22   21    17    473 
  22   22    13    374 
  22   23    11    327 
  22   24    27    759 
  22   25    27    755 
  22   26    13    370 
  22   27    11    326 
  22   28    25    708 
  22   29     7    210 
  22   30    27    761 
  22   31     8    237 
  22   32     8    232 
  22   33    18    500 
  22   34    19    552 
  22   35    19    548 
  22   36    15    443 
  22   37    22    631 
  22   38    15    418 
  22   39     9    265 
  23    0    28    792 
  23    1    21    592 
  23    2     7    200 
  23    3    13    386 
  23    4    27    755 
  23    5     8    245 
  23    6    26    736 
  23    7    26    741 
  23    8     8    244 
  23    9     7    210 
  23   10    27    772 
  23   11    26    729 
  23   12    19    551 
  23   13    15    442 
  23   14    13    379 
  23   15    11    309 
  23   16    15    427 
  23   17    18    526 
  23   18     8    235 
  23   19    24    682 
  23   20    14    401 
  23   21    25    711 
  23   22    27    772 
  23   23    18    526 
  23   24    23    649 
  23   25    25    716 
  23   26    24    674 
  23   27     8    244 
  23   28    26    748 
  23   29     7    210 
  23   30    27    772 
  23   31    24    692 
  23   32    28    796 
  23   33    14    406 
  23   34    11    314 
  23   35    19    547 
  23   36    22    632 
  23   37    19    532 
  23   38    15    424 
  23   39    28    788 
  24    0     7    210 
  24    1     8    246 
  24    2     9    258 
  24    3    13    365 
  24    4    12    347 
  24    5    12    353 
  24    6    22    615 
  24    7    19    527 
  24    8    21    609 
  24    9    16    469 
  24   10     8    236 
  24   11    11    307 
  24   12    22    622 
  24   13    18    519 
  24   14    17    485 
  24   15    21    607 
  24   16    18    506 
  24   17    24    676 
  24   18    11    308 
  24   19    20    564 
  24   20     8    228 
  24   21    27    768 
  24   22    27    752 
  24   23    21    598 
  24   24    21    597 
  24   25    22    625 
  24   26    20    572 
  24   27    26    730 
  24   28    21    601 
  24   29    26    726 
  24   30    25    700 
  24   31    20    576 
  24   32    14    389 
  24   33    22    628 
  24   34    19    529 
  24   35    22    618 
  24   36    21    586 
  24   37    22    617 
  24   38    11    310 
  24   39    23    638 
  25    0    12    336 
  25    1    22    634 
  25    2    14    402 
  25    3    25    694 
  25    4     7    221 
  25    5    17    492 
  25    6    22    631 
  25    7    26    726 
  25    8    24    674 
  25    9    12    347 
  25   10     9    274 
  25   11    12    345 
  25   12    21    608 
  25   13    27    749 
  25   14    10    280 
  25   15    21    598 
  25   16    20    567 
  25   17    11    310 
  25   18     8    243 
  25   19    16    471 
  25   20    10    286 
  25   21    19    531 
  25   22    25    714 
  25   23    20    575 
  25   24    14    402 
  25   25    18    521 
  25   26    10    286 
  25   27    21    589 
  25   28    12    348 
  25   29    26    744 
  25   30    13    366 
  25   31    25    696 
  25   32    23    660 
  25   33    22    613 
  25   34    16    446 
  25   35    22    626 
  25   36    18    513 
  25   37    23    644 
  25   38    11    322 
  25   39    12    349 
  26    0    13    385 
  26    1    28    785 
  26    2    17    474 
  26    3     7    207 
  26    4    14    409 
  26    5    16    445 
  26    6    23    661 
  26    7    18    523 
  26    8    12    353 
  26    9    19    530 
  26   10    26    741 
  26   11     7    202 
  26   12    21    603 
  26   13    10    296 
  26   14    25    713 
  26   15    16    451 
  26   16    23    665 
  26   17    27    756 
  26   18    13    372 
  26   19    22    612 
  26   20    10    290 
  26   21    10    292 
  26   22    12    350 
  26   23    21    602 
  26   24    17    480 
  26   25     8    230 
  26   26    26    733 
  26   27    13    379 
  26   28    28    784 
  26   29    27    770 
  26   30    22    627 
  26   31    20    569 
  26   32    24    690 
  26   33     8    242 
  26   34     9    260 
  26   35    15    434 
  26   36    13    361 
  26   37    28    793 
  26   38    22    613 
  26   39    11    319 
  27    0    27    766 
  27    1    15    435 
  27    2    26    729 
  27    3    11    306 
  27    4    15    442 
  27    5    14    414 
  27    6    28    784 
  27    7    11    319 
  27    8    13    378 
  27    9    21    586 
  27   10    25    712 
  27   11    22    634 
  27   12     9    269 
  27   13    14    402 
  27   14     9    271 
  27   15    13    369 
  27   16    24    688 
  27   17    14    395 
  27   18    24    686 
  27   19    27    757 
  27   20    15    441 
  27   21    13    372 
  27   22    13    366 
  27   23    17    496 
  27   24    14    400 
  27   25    27    750 
  27   26    16    447 
  27   27    24    687 
  27   28    12    340 
  27   29    25    711 
  27   30     8    234 
  27   31    24    690 
  27   32    16    458 
  27   33    10    291 
  27   34    14    414 
  27   35     9    256 
  27   36    21    584 
  27   37    15    434 
  27   38    20    570 
  27   39    24    689 
  28    0    16    448 
  28    1    12    354 
  28    2    12    344 
  28    3    22    634 
  28    4    18    523 
  28    5    15    433 
  28    6    11    320 
  28    7    16    455 
  28    8    13    362 
  28    9    25    704 
  28   10    24    667 
  28   11    28    792 
  28   12    15    441 
  28   13    19    536 
  28   14    21    603 
  28   15    19    553 
  28   16    14    404 
  28   17    23    649 
  28   18    25    696 
  28   19    10    294 
  28   20    22    627 
  28   21    11    309 
  28   22    25    695 
  28   23    11    311 
  28   24    24    679 
  28   25    19    541 
  28   26    11    314 
  28   27    14    394 
  28   28    13    386 
  28   29    18    523 
  28   30     7    209 
  28   31    14    405 
  28   32     7    203 
  28   33    21    605 
  28   34    26    731 
  28   35     7    201 
  28   36    27    776 
  28   37    25    700 
  28   38     7    214 
  28   39    18    517 
  29    0    21    601 
  29    1    24    667 
  29    2    16    462 
  29    3    11    331 
  29    4    12    340 
  29    5    19    535 
  29    6    17    497 
  29    7    14    409 
  29    8    11    322 
  29    9    10    283 
  29   10    24    669 
  29   11    24    677 
  29   12    14    391 
  29   13    14    397 
  29   14    10    289 
  29   15    15    419 
  29   16     9    263 
  29   17    23    651 
  29   18    13    371 
  29   19    14    411 
  29   20     7    207 
  29   21    12    345 
  29   22    19    541 
  29   23     9    251 
  29   24    16    444 
  29   25    10    279 
  29   26    11    332 
  29   27    26    734 
  29   28     7    216 
  29   29    23    647 
  29   30    17    483 
  29   31    11    319 
  29   32    21    608 
  29   33    21    596 
  29   34    25    716 
  29   35    26    742 
  29   36    14    389 
  29   37    23    658 
  29   38    19    533 
  29   39    26    732 
  30    0    10    282 
  30    1    28    798 
  30    2    11    312 
  30    3    17    494 
  30    4    13    381 
  30    5    21    597 
  30    6    18    522 
  30    7    20    559 
  30    8    11    325 
  30    9     9    262 
  30   10    28    785 
  30   11    21    607 
  30   12    27    760 
  30   13    27    756 
  30   14    17    497 
  30   15    28    778 
  30   16    13    363 
  30   17    10    296 
  30   18    21    607 
  30   19    10    294 
  30   20     9    263 
  30   21    14    393 
  30   22    19    552 
  30   23    14    389 
  30   24    16    461 
  30   25    23    663 
  30   26    12    349 
  30   27    22    626 
  30   28    21    585 
  30   29    21    607 
  30   30    28    780 
  30   31     7    207 
  30   32    24    684 
  30   33     8    222 
  30   34    18    510 
  30   35    17    498 
  30   36    18    519 
  30   37    20    578 
  30   38    22    627 
  30   39    13    387 
  31    0    16    452 
  31    1    15    418 
  31    2    21    605 
  31    3    22    631 
  31    4    16    469 
  31    5    21    594 
  31    6    14    395 
  31    7    11    322 
  31    8    11    315 
  31    9    21    601 
  31   10    23    640 
  31   11    18    522 
  31   12     9    257 
  31   13    13    385 
  31   14    23    658 
  31   15    26    734 
  31   16    15    432 
  31   17    13    380 
  31   18    22    632 
  31   19    13    368 
  31   20    16    470 
  31   21    15    416 
  31   22    19    546 
  31   23    24    690 
  31   24    22    634 
  31   25    24    678 
  31   26    23    660 
  31   27    18    505 
  31   28    19    531 
  31   29    14    394 
  31   30     9    275 
  31   31    21    605 
  31   32    27    765 
  31   33     9    274 
  31   34    24    683 
  31   35    14    400 
  31   36    19    538 
  31   37    19    541 
  31   38    23    650 
  31   39    22    622 
  32    0    10    299 
  32    1    15    426 
  32    2    15    424 
  32    3    11    326 
  32    4    10    284 
  32    5     8    227 
  32    6     9    253 
  32    7    22    614 
  32    8    28    778 
  32    9    11    321 
  32   10    28    794 
  32   11    12    357 
  32   12    18    508 
  32   13    18    504 
  32   14    18    522 
  32   15    17    481 
  32   16    13    370 
  32   17    11    307 
  32   18    27    754 
  32   19    11    311 
  32   20     7    207 
  32   21    24    687 
  32   22    19    551 
  32   23    18    513 
  32   24    14    404 
  32   25    12    334 
  32   26    24    693 
  32   27    26    724 
  32   28    26    746 
  32   29    14    412 
  32   30    24    687 
  32   31     7    206 
  32   32    18    508 
  32   33    24    690 
  32   34     9    268 
  32   35    13    364 
  32   36    28    777 
  32   37    27    769 
  32   38    28    798 
  32   39    11    308 
  33    0    15    435 
  33    1    24    687 
  33    2    22    612 
  33    3    21    595 
  33    4    24    680 
  33    5    15    419 
  33    6    23    642 
  33    7    17    479 
  33    8    25    695 
  33    9    25    720 
  33   10    28    785 
  33   11    20    580 
  33   12    23    654 
  33   13    14    398 
  33   14    19    550 
  33   15    15    433 
  33   16    20    557 
  33   17    16    470 
  33   18    10    280 
  33   19    20    561 
  33   20    24    675 
  33   21    24    690 
  33   22    23    659 
  33   23    16    454 
  33   24     7    208 
  33   25    25    714 
  33   26    17    475 
  33   27    25    701 
  33   28    16    461 
  33   29    18    501 
  33   30     9    276 
  33   31    17    493 
  33   32    26    728 
  33   33    23    651 
  33   34    19    541 
  33   35     7    200 
  33   36    16    456 
  33   37    11    327 
  33   38    25    704 
  33   39    26    748 
  34    0     8    226 
  34    1    15    433 
  34    2    16    456 
  34    3    27    752 
  34    4    22    612 
  34    5    10    284 
  34    6    27    751 
  34    7    19    536 
  34    8    18    516 
  34    9    25    698 
  34   10    22    630 
  34   11    13    365 
  34   12    19    545 
  34   13    13    363 
  34   14    22    614 
  34   15    27    770 
  34   16    24    686 
  34   17    10    303 
  34   18    26    747 
  34   19    27    754 
  34   20    19    549 
  34   21    13    361 
  34   22    15    433 
  34   23    17    495 
  34   24    16    458 
  34   25    18    503 
  34   26    14    409 
  34   27    12    334 
  34   28    20    572 
  34   29    17    492 
  34   30    12    350 
  34   31    21    599 
  34   32     7    202 
  34   33    20    571 
  34   34    26    724 
  34   35     7    219 
  34   36    16    455 
  34   37    20    576 
  34   38    21    585 
  34   39    18    500 
  35    0    26    736 
  35    1    12    350 
  35    2    19    549 
  35    3     8    230 
  35    4    15    430 
  35    5    22    631 
  35    6    26    727 
  35    7    13    375 
  35    8    16    445 
  35    9    14    409 
  35   10    18    526 
  35   11    18    519 
  35   12     8    232 
  35   13    26    730 
  35   14    18    505 
  35   15    12    345 
  35   16    18    503 
  35   17    15    417 
  35   18    23    639 
  35   19    24    674 
  35   20    24    677 
  35   21    11    307 
  35   22    21    605 
  35   23    13    369 
  35   24    22    624 
  35   25    23    653 
  35   26    24    687 
  35   27    16    467 
  35   28    22    618 
  35   29    21    604 
  35   30     8    242 
  35   31    14    400 
  35   32    25    715 
  35   33    16    448 
  35   34    11    305 
  35   35     9    251 
  35   36    15    418 
  35   37    20    567 
  35   38    26    729 
  35   39    14    405 
  36    0    12    353 
  36    1    22    611 
  36    2    16    451 
  36    3     9    257 
  36    4    10    304 
  36    5     9    258 
  36    6    15    430 
  36    7    28    790 
  36    8    17    473 
  36    9    16    457 
  36   10    18    507 
  36   11     8    223 
  36   12    16    458 
  36   13    13    385 
  36   14     8    245 
  36   15    18    503 
  36   16    28    796 
  36   17    24    690 
  36   18    14    409 
  36   19    20    562 
  36   20    25    712 
  36   21    14    397 
  36   22    24    691 
  36   23    17    475 
  36   24    27    774 
  36   25    26    723 
  36   26     7    217 
  36   27    17    481 
  36   28    16    448 
  36   29    19    547 
  36   30     8    245 
  36   31    22    614 
  36   32    10    294 
  36   33    15    433 
  36   34     9    271 
  36   35     7    209 
  36   36    25    708 
  36   37    11    327 
  36   38    24    668 
  36   39    11    330 
  37    0    28    797 
  37    1    11    314 
  37    2    16    461 
  37    3    24    680 
  37    4    22    631 
  37    5     7    205 
  37    6    21    604 
  37    7    24    666 
  37    8    10    294 
  37    9    10    290 
  37   10     8    241 
  37   11    14    405 
  37   12    27    753 
  37   13    11    318 
  37   14    11    314 
  37   15    16    471 
  37   16    19    536 
  37   17    17    483 
  37   18    11    315 
  37   19    12    345 
  37   20    28    787 
  37   21    13    387 
  37   22    18    517 
  37   23    10    293 
  37   24    24    687 
  37   25    17    485 
  37   26    22    623 
  37   27    10    283 
  37   28    22    617 
  37   29    19    536 
  37   30    10    294 
  37   31     9    271 
  37   32    22    636 
  37   33    16    451 
  37   34    13    373 
  37   35    14    403 
  37   36    16    463 
  37   37     7    208 
  37   38    27    770 
  37   39    13    373 
  38    0    13    380 
  38    1    27    752 
  38    2     7    217 
  38    3    18    506 
  38    4    19    531 
  38    5    26    744 
  38    6    15    418 
  38    7    19    529 
  38    8    18    503 
  38    9    16    462 
  38   10    21    600 
  38   11    16    455 
  38   12    11    327 
  38   13     7    208 
  38   14    21    592 
  38   15    12    356 
  38   16    25    710 
  38   17    23    664 
  38   18    14    392 
  38   19    23    649 
  38   20    27    754 
  38   21    10    295 
  38   22    24    678 
  38   23    18    507 
  38   24    21    601 
  38   25    22    621 
  38   26    15    427 
  38   27    15    422 
  38   28    19    538 
  38   29    20    565 
  38   30    10    296 
  38   31    26    738 
  38   32     7    210 
  38   33    20    571 
  38   34    26    737 
  38   35    14    413 
  38   36    19    528 
  38   37    12    348 
  38   38    10    297 
  38   39    23    641 
  39    0    18    506 
  39    1    23    657 
  39    2     7    209 
  39    3    17    482 
  39    4    25    716 
  39    5     8    229 
  39    6     8    246 
  39    7    22    626 
  39    8    22    620 
  39    9    16    467 
  39   10     8    236 
  39   11    20    570 
  39   12    26    731 
  39   13    18    517 
  39   14    21    603 
  39   15     7    209 
  39   16    22    633 
  39   17     7    201 
  39   18     7    203 
  39   19     9    255 
  39   20    10    299 
  39   21    21    600 
  39   22    14    409 
  39   23    20    579 
  39   24    12    337 
  39   25    20    560 
  39   26    23    655 
  39   27    10    280 
  39   28    24    688 
  39   29    28    798 
  39   30    13    365 
  39   31    11    332 
  39   32    10    284 
  39   33    24    689 
  39   34    25    711 
  39   35    23    652 
  39   36    24    685 
  39   37    14    399 
  39   38    22    611 
  39   39    26    746 
