15 15
20 20 20 18 18 17 17 10 10 9 9 4 4 3 3 
20 19 19 18 17 16 16 12 11 11 7 5 5 5 1 
  649   685   538   791   613   205   467   569   240   219   975   765   857   677   875 
  798   211   701   506   431   907   945   626   979   549   466   598   231   386   887 
  687   261   444   264   443   946   372   648   400   781   384   557   659   996   695 
  335   385   967   263   423   592   939   433   521   638   835   674   454   414   775 
  819   340   233   889   211   854   823   438   937   394   218   224   772   344   345 
  307   620   845   919   223   854   656   631   896   956   322   840   258   857   639 
  560   959   782   417   358   589   383   753   736   390   388   587   629   469   335 
  375   791   720   416   251   887   235   216   694   683   821   757   894   538   217 
  233   415   395   605   256   964   469   431   994   255   440   719   410   374   342 
  285   807   245   755   654   264   999   695   674   983   233   404   835   920   782 
  242   483   734   378   477   732   425   625   375   285   875   855   593   948   684 
  899   864   443   320   751   994   529   749   335   351   810   586   968   652   659 
  526   530   858   426   693   724   963   360   472   846   284   421   859   449   651 
  996   494   507   902   514   607   686   266   366   453   703   263   314   859   995 
  285   411   661   286   495   617   442   448   811   511   779   273   802   710   580 

   31    27    28    10     7    26    30    26    23    24    19    13    23    13    18 
   15    19    17     7    22    17    16     6    29    25    22    21    16    31    32 
   21    17    19    29    27    22    13    29    14    29    11    30     7     8    13 
    9    19     7    15    20    17    22    19    31    28    27    29    31    31     9 
   19     7    18    10    12    27    23    27    28    19     8    15    17    14    26 
    8    16    10    10    11    13    15    24    31     9    21    30    29    16    24 
   14    32    22    10    22    15    19    31    32    20    30    15    21    15    14 
   30    27    24    26    25    15    19    28    20    21    23    26    10    27    18 
   19     8    32    22    16    29    12     7    11    12    27     8    10    21    23 
   18    15    14    29    29    27    23    22    11    12    12    17    13    16    12 
   22    16    32    30    31    11    15    14     9    25    24     6    22    14    26 
   30    22    27    20    17     9     7    13    12    29     7     8     8    31    29 
   17    23    31     6     7    17    22    17    23     6    16    14    29    11    18 
   18    17    21    15    31    17    27    10     8    19    15    22    13    18    12 
   20     6    26    32    30    12    19    17    28    17    25     8    28    16     9 
