15 15
24 21 20 18 17 12 12 10 10 10 9 9 9 8 5 
20 18 17 17 17 16 14 13 12 12 9 9 7 7 6 
  221   446   620   792   663   728   665   435   817   663   580   612   639   608   778 
  692   965   245   599   979   827   819   871   998   470   286   983   291   464   544 
  843   902   925   383   551   373   826   518   959   830   615   734   337   577   929 
  327   745   985   611   240   890   682   426   509   295   246   475   201   369   592 
  911   654   765   668   356   820   651   839   816   703   874   783   694   902   626 
  680   712   649   608   900   319   753   697   999   611   236   914   405   946   279 
  883   809   461   260   205   659   483   291   515   947   651   667   457   701   726 
  599   340   576   909   258   511   945   658   515   617   888   802   383   572   484 
  955   953   821   800   235   643   308   785   478   929   939   656   753   992   952 
  592   779   458   375   325   440   636   200   428   200   261   844   506   820   932 
  715   690   771   656   477   822   953   287   220   552   710   465   719   323   342 
  261   804   865   525   712   427   385   226   466   621   656   315   322   374   412 
  884   666   788   831   264   619   548   733   536   474   286   668   349   234   648 
  706   637   657   460   726   834   394   590   812   786   432   719   938   372   631 
  202   762   816   368   637   315   506   877   528   791   503   488   452   642   567 

   14     9    14    20    29    23     7     6    30    13     9    10    15    22    23 
    9    24    11     9    17    21    21    13    27    10    30    20     7    16    24 
   20    20    11    10    14    26    27    17     7    13    11    13    27    27    20 
   17    26    30     8    20    20    20    25    27    30    16    15    14    25     7 
   16    17    20    21    15    28    26    29    11    18    26    23    15    30    12 
   23    29    12    11    10    24    19    30    20    19    26    19     6    26     9 
   15     7     6    15    11    24    17    26    14    20    27    12    11    22    25 
   18    16    30     6     8    14    26    18    28     8    16    30     6     9    14 
    6    25    25    21     7    23    13    14    18    29    27    29    13    16    21 
   10     7    18     6    19    27    14     9    19    25    28    11    17    27    19 
   12    22    29     9    27    24    26     9    29    11    11    25    29    21    16 
   15    25    23    18     8    10    21    30    30     7    16    16    13     7    20 
   14    29     6    21     8    21     6    30     8    26    28    23    21    13    21 
   26    22    29     7    11    27    27    20     6    17    16     8     6    24    14 
   28    12     7    12     6    19    17     6    10    15    10    18    15    23    15 
