15 15
20 20 19 19 17 15 15 15 13 12 9 9 5 4 1 
19 19 18 17 16 15 14 13 12 11 10 10 9 6 4 
  351   998   327   943   885   416   737   998   701   757   433   997   884   586   716 
  713   903   892   940   232   884   801   649   714   391   969   597   843   904   294 
  283   978   796   313   774   610   412   507   836   313   445   506   761   996   817 
  388   296   459   857   687   269   845   776   493   721   592   449   856   329   486 
  291   688   339   617   234   367   992   229   808   243   850   474   718   434   629 
  468   521   339   322   237   404   229   832   979   865   963   496   210   688   981 
  914   221   224   211   480   231   365   475   407   237   427   787   855   572   523 
  358   763   352   446   501   572   435   645   632   656   472   501   373   251   458 
  310   557   879   388   555   729   683   410   892   352   446   675   419   504   529 
  893   861   491   691   387   646   541   421   242   682   210   567   363   236   489 
  662   225   514   800   751   926   736   506   523   543   315   910   536   380   736 
  559   747   528   733   647   338   712   771   520   447   848   816   877   993   493 
  222   273   406   401   505   922   656   574   618   605   778   418   736   264   503 
  993   929   914   386   566   342   240   832   267   872   905   825   641   949   947 
  358   299   211   690   959   673   682   539   320   871   452   890   224   226   657 

   29    26    20    16     8    12    14    18    20    20    28     8    10    10    22 
   26    22    30     6    27    23    20    12    30    26    16    24    26     6     9 
    8    15    19    10    27    19    25    12    23    25    19     9     9    27    10 
   21    19    28    24    14    23    14    24    30     6     9    19    18    22     7 
    7    20    25     8    23    27    28     8    11    28    18    14    27    22    20 
   14    19    15    16    26     9    24    22    26     8    26     8    23    27    14 
   27    22    20     8    26    28     7    17    28    16    21    28    18    21    11 
   25    15    30    20    11     9     9    24     6    13    29    11    30    15    16 
   25    25    24    14     9    24    13    19    24     6    17    15    22    14    29 
   19    26    23    15    25    10    14    31    29    28    18    19    25    30    26 
   14    15    26    15    16    15    26     7    25    14    14     9    23    12    18 
   27    18    18    18    10    27    12    20    19    27    23    17     6    25    29 
   27    13     6    14    29    30    16    18    10    30    15     7    30    27    15 
   31    27    21    15    16    17    14    20    13    21     7     8    17    26    27 
   28    20    24    24    25    15    22     9    23    28    11     7    22     6    13 
