15 15
21 20 19 19 18 17 17 14 13 10 8 8 7 4 3 
19 18 17 16 16 15 15 13 12 11 10 10 9 9 8 
  839   451   617   444   786   205   492   943   901   882   461   843   591   480   731 
  265   456   767   401   753   509   815   928   468   890   241   889   673   283   954 
  452   328   830   988   338   379   347   447   888   948   640   344   426   223   722 
  744   931   654   526   598   996   835   721   895   895   302   230   689   553   420 
  243   453   805   574   334   709   768   860   277   773   901   876   361   799   575 
  213   203   711   536   644   869   854   672   416   687   325   279   639   760   220 
  823   580   987   573   811   249   972   595   352   693   247   616   228   387   982 
  927   252   521   403   717   940   794   907   317   476   904   278   338   573   538 
  403   916   443   261   885   247   463   912   764   430   336   687   326   609   563 
  337   625   612   802   453   692   692   740   460   458   569   252   907   563   968 
  473   255   676   461   960   572   308   407   958   521   530   396   766   450   986 
  983   802   385   210   936   772   519   842   971   529   201   544   395   246   232 
  614   246   675   449   302   936   319   620   827   787   691   633   691   276   485 
  790   695   773   241   589   257   983   706   825   222   685   504   975   985   576 
  303   687   700   606   674   577   801   825   864   712   411   720   857   807   467 

   16    27    25    13    16    17     6    17    21    10    11     7     6    23    18 
   14    12    24    10    16    16    12    28    12     8    12    14    12    20    12 
    9    19    11    17     8    30    24    18    19    22     8    20    18    30    23 
   24    17    19    27    10    21    19     7    23     9    23    17    15    17     7 
   29    10    27    10    19    29     9     8    22    13     9    26    27    21     6 
   20    15    17    26    18    10    26    29    30    20    21    10    29    20    12 
   11    12    27    14     6     9    16    22    23     7    16    29    29    12    19 
   10    10    29    27    20    13     6    16    13    10    17    19    16    16    18 
   13     8    12    10    18    24    22    20    10    15    10    27    26     9    21 
   24     9    23    28    22    19    16    11    19    12    20    27    11    27     6 
   24    17    28    20    26    23    16    28    12    10    26    16    15    30     6 
   29    12    20    10    10    24    26    11    22    12     6    25    14     9    29 
    9    23    21    14    11    28    21     9    23    26    26     8    24    21    20 
   15    25     6    19    18    25     6    20     7    13    21    24    25    25    19 
   18    28    12    17    27     9    17    23    27    15     7     6    28    29    27 
