15 15
20 18 17 16 14 14 13 11 11 9 8 6 4 3 2 
20 20 19 19 17 14 13 10 10 9 7 3 3 1 1 
  333   837   805   660   938   553   645   416   399   796   592   541   646   963   688 
  340   222   566   625   990   284   463   404   212   712   583   681   253   704   560 
  426   362   686   854   670   968   712   384   766   363   970   255   735   672   378 
  784   922   737   496   633   550   694   324   432   773   650   405   508   226   661 
  233   716   682   412   947   765   402   993   545   248   793   780   778   765   754 
  608   958   557   335   654   261   834   887   215   528   597   918   383   769   772 
  442   824   968   837   236   258   782   749   791   636   349   971   965   617   788 
  603   339   749   401   809   465   343   981   744   225   455   211   385   478   963 
  566   653   419   544   323   850   827   352   254   580   625   998   439   579   322 
  827   763   846   379   297   321   865   852   454   521   341   752   315   687   421 
  291   341   561   627   445   821   911   282   595   744   627   436   692   381   729 
  701   703   362   869   570   563   454   332   453   635   440   344   800   258   696 
  469   933   798   869   318   771   409   658   948   657   478   286   366   893   584 
  686   734   961   346   972   868   852   980   421   448   499   953   952   714   500 
  931   500   873   948   437   499   601   760   601   256   647   705   216   631   734 

   17    25    31    13    17    32    22    19    27    22    26    23     7    10    32 
   28    15    12    26    25    17     7    35    23    21    34    34    21     9     7 
   26    14    22    31    10    30    16    17    13    32     9     9    35    17    27 
   34    30     8    34    29    34    25    25    28    10    19    24    23    35    25 
    9    23    10    18    33     9    32    14    12    26    21    24    26    31    12 
   11    31    17    21    28    16    23    26    10    18    24    16    35    22     9 
   34    34    12    25    33    31    27    29    11    34    14    26    20    22    32 
   14    22    20    31    19    14    29     7     9    10    27    13    30    34    18 
   34    12    16    14     9    22    22    33    28    26    20    27    16    28    28 
   10    22    17    25    15    26    24    28    30    34    19     9    21    11    35 
   31    17    34    10    34    28    33     7    35    18    14    10    33    33    29 
   30    17    14     8    22    27    10    28    35    14    31    27    13    32    10 
   29    15    17     8    13    23    16    12    20    18    27    24    35     7    34 
   21    17    15    35    18    16    30    16    34     7     8    20    19    14    22 
   13    27    12    18    18    11    32    28    15    29    31    18    27    16    13 
