15 15
20 19 19 18 17 16 16 14 13 10 9 7 6 6 5 
19 19 17 16 15 15 14 13 13 13 12 11 9 6 3 
  596   870   993   652   471   950   960   554   322   539   785   401   790   868   469 
  602   984   825   741   287   720   210   331   815   838   288   951   971   840   841 
  771   671   211   921   400   368   250   907   560   951   799   250   268   952   670 
  537   313   647   972   234   832   257   940   345   991   256   666   963   761   572 
  321   725   800   287   690   761   424   245   993   354   892   552   422   286   381 
  981   959   295   664   274   311   227   690   745   538   890   258   583   377   607 
  202   257   874   266   662   617   309   880   666   697   828   832   608   821   367 
  835   425   602   283   581   675   648   680   693   916   765   241   386   985   260 
  550   408   374   341   525   905   509   625   946   566   328   939   680   280   359 
  421   611   886   901   327   868   632   696   932   954   322   913   532   374   970 
  824   550   559   356   380   737   901   480   893   476   877   309   611   584   276 
  235   398   817   730   629   311   273   541   890   680   690   411   601   483   659 
  864   381   225   718   982   840   520   960   829   430   365   733   378   997   716 
  447   542   238   575   674   701   652   757   951   729   592   978   687   325   220 
  625   561   438   760   841   429   396   249   697   923   334   994   276   761   926 

   70    52    21    44    67    44    17    31    48    40    57    23    16    61    65 
   35    58    32    17    47    75    74    23    56    75    70    35    74    48    38 
   59    16    25    18    70    18    24    29    56    30    71    34    67    33    37 
   35    29    71    39    53    56    58    50    55    34    71    69    71    70    45 
   51    15    27    24    36    62    56    54    30    53    20    20    25    75    41 
   46    20    64    62    41    57    31    44    48    72    48    30    58    68    64 
   54    64    47    24    37    73    71    71    71    55    25    68    37    31    68 
   58    18    38    36    47    54    44    32    51    25    60    34    20    30    63 
   64    18    41    60    62    40    52    34    66    25    54    19    42    59    17 
   64    22    31    67    72    63    36    46    29    39    48    16    45    44    32 
   23    40    15    60    54    50    26    69    69    52    49    56    34    35    20 
   38    26    27    45    73    41    63    49    53    49    33    60    47    62    45 
   60    52    26    36    35    39    22    26    28    25    52    60    19    22    72 
   38    54    51    36    45    20    50    71    75    34    27    43    66    46    44 
   55    72    66    16    28    67    21    18    31    68    60    39    60    19    65 
