15 15
20 19 18 18 17 14 13 12 12 9 9 8 8 4 4 
19 19 18 17 16 15 12 12 11 10 9 8 8 7 4 
  263   222   445   314   254   779   755   723   278   239   571   782   743   497   239 
  335   448   369   587   551   684   520   874   698   242   890   445   221   512   224 
  886   521   689   900   676   834   672   655   738   208   473   816   895   780   915 
  628   824   357   837   879   702   693   400   830   771   265   884   445   578   353 
  996   718   339   419   871   496   386   385   976   218   321   207   715   531   272 
  759   726   628   243   407   890   269   767   891   434   715   862   897   930   552 
  483   542   200   818   271   747   323   238   214   718   931   545   394   723   218 
  310   640   570   440   474   686   987   320   769   820   696   750   653   638   397 
  594   735   698   839   991   703   673   604   559   952   401   784   700   713   645 
  557   996   680   338   465   722   542   742   598   842   203   500   861   912   720 
  787   965   490   923   563   895   231   948   331   293   294   664   785   735   847 
  997   363   510   664   968   505   296   236   808   201   541   569   799   647   937 
  885   592   797   404   833   642   617   763   785   931   837   515   242   200   804 
  323   736   476   838   985   436   899   280   314   446   851   851   918   415   383 
  899   875   232   347   559   915   637   618   999   893   317   427   979   773   716 

   21    39    61    41    60    29    56    51    51    79    79    50    61    41    68 
   20    67    37    16    49    65    38    77    80    52    41    34    55    17    45 
   76    63    68    54    21    46    54    69    38    33    31    40    23    57    28 
   74    78    74    78    73    28    33    63    27    47    68    24    53    65    63 
   17    61    20    60    52    66    57    29    34    66    19    38    38    43    51 
   38    73    53    46    43    47    52    66    71    72    64    65    75    50    23 
   69    27    58    20    41    68    25    38    79    19    57    17    41    66    69 
   57    80    30    66    47    22    65    45    80    57    77    35    35    62    51 
   77    65    45    64    29    75    75    47    73    28    29    77    18    18    51 
   20    24    19    59    36    42    30    27    49    44    38    24    63    57    49 
   64    46    23    69    23    65    43    20    29    54    56    60    75    35    40 
   66    27    27    28    28    35    29    66    73    45    68    48    31    22    74 
   20    57    65    75    29    19    67    17    52    73    36    47    58    66    30 
   19    18    61    44    57    47    21    25    75    40    19    31    32    29    71 
   73    55    27    39    28    56    75    63    79    70    40    27    64    18    68 
