15 15
20 20 20 18 18 17 17 10 10 9 9 4 4 3 3 
20 19 19 18 17 16 16 12 11 11 7 5 5 5 1 
  649   685   538   791   613   205   467   569   240   219   975   765   857   677   875 
  798   211   701   506   431   907   945   626   979   549   466   598   231   386   887 
  687   261   444   264   443   946   372   648   400   781   384   557   659   996   695 
  335   385   967   263   423   592   939   433   521   638   835   674   454   414   775 
  819   340   233   889   211   854   823   438   937   394   218   224   772   344   345 
  307   620   845   919   223   854   656   631   896   956   322   840   258   857   639 
  560   959   782   417   358   589   383   753   736   390   388   587   629   469   335 
  375   791   720   416   251   887   235   216   694   683   821   757   894   538   217 
  233   415   395   605   256   964   469   431   994   255   440   719   410   374   342 
  285   807   245   755   654   264   999   695   674   983   233   404   835   920   782 
  242   483   734   378   477   732   425   625   375   285   875   855   593   948   684 
  899   864   443   320   751   994   529   749   335   351   810   586   968   652   659 
  526   530   858   426   693   724   963   360   472   846   284   421   859   449   651 
  996   494   507   902   514   607   686   266   366   453   703   263   314   859   995 
  285   411   661   286   495   617   442   448   811   511   779   273   802   710   580 

   79    68    70    25    17    65    75    67    58    61    49    34    59    33    46 
   39    47    43    18    55    44    41    17    73    62    56    53    41    78    80 
   54    43    49    74    68    55    34    74    36    73    29    75    18    20    33 
   24    49    19    38    50    43    56    47    79    71    69    73    78    78    24 
   47    18    46    25    30    69    59    68    72    49    21    39    43    36    65 
   20    40    26    25    28    32    39    60    77    23    53    75    73    42    60 
   35    81    55    25    56    39    48    78    81    50    75    38    54    39    35 
   77    69    61    67    64    39    48    71    52    53    58    66    26    68    45 
   49    20    81    57    40    73    32    19    27    30    68    22    25    53    58 
   46    38    35    74    73    68    58    55    29    31    32    43    34    41    30 
   56    40    80    75    79    29    39    35    23    63    60    16    56    35    65 
   76    56    68    52    42    23    18    33    31    73    19    20    22    79    74 
   43    59    78    16    19    44    56    43    57    16    42    37    72    29    47 
   45    44    54    38    79    44    67    26    22    47    38    57    34    45    31 
   50    16    67    80    76    31    48    43    71    44    64    21    72    40    22 
