15 15
20 18 17 15 15 10 10 10 9 8 6 5 5 4 4 
20 17 16 15 13 12 11 10 10 9 7 7 7 1 1 
  751   792   642   505   355   259   464   255   598   830   724   536   885   464   248 
  610   663   934   372   928   682   705   844   660   741   306   228   518   344   216 
  810   491   657   837   395   467   553   576   615   562   373   820   530   352   572 
  212   333   999   880   638   751   675   749   894   548   898   306   472   931   554 
  211   636   850   828   408   399   803   230   973   201   738   526   277   488   857 
  364   829   793   518   602   437   908   841   536   656   966   605   232   545   418 
  660   948   517   715   821   467   292   477   479   921   554   783   496   325   299 
  537   818   597   293   357   968   895   622   546   256   238   344   371   881   639 
  848   245   331   327   900   402   290   284   999   875   837   866   234   375   755 
  533   829   468   727   679   404   656   645   556   724   353   611   708   952   562 
  838   494   203   455   457   918   599   851   818   758   419   993   492   392   553 
  628   377   529   256   982   499   635   602   642   515   261   433   732   719   872 
  817   990   341   975   399   349   353   547   854   412   371   363   839   633   857 
  225   850   394   227   889   569   781   447   893   724   466   342   286   637   884 
  595   856   280   707   454   457   426   428   533   640   903   237   512   377   950 

   69    88    49    80    40    48    52    54    25    30    82    36    77    25    36 
   51    57    51    62    60    34    53    43    59    93    41    19    30    67    89 
   85    57    50    32    60    73    77    23    90    68    39    95    36    84    69 
   44    95    59    24    85    50    74    41    67    69    61    32    67    46    69 
   35    89    36    67    36    60    82    78    30    85    48    78    90    84    79 
   69    68    57    75    76    65    55    91    86    73    78    59    67    82    64 
   53    75    47    36    34    61    20    38    54    79    49    66    22    34    29 
   23    81    60    82    59    83    60    38    75    65    22    70    93    52    46 
   35    78    85    59    55    23    50    92    33    24    30    95    19    67    72 
   76    50    58    29    89    81    82    33    85    72    69    46    76    89    76 
   48    81    29    43    71    72    47    24    94    24    71    35    23    34    91 
   72    62    76    80    61    25    70    73    45    31    33    25    74    66    20 
   70    32    86    63    86    83    54    48    50    53    63    65    87    52    89 
   70    72    29    53    23    83    24    54    34    26    57    69    55    26    90 
   46    47    69    81    92    77    36    53    40    37    52    86    43    78    75 
