15 15
20 20 19 19 17 15 15 15 13 12 9 9 5 4 1 
19 19 18 17 16 15 14 13 12 11 10 10 9 6 4 
  351   998   327   943   885   416   737   998   701   757   433   997   884   586   716 
  713   903   892   940   232   884   801   649   714   391   969   597   843   904   294 
  283   978   796   313   774   610   412   507   836   313   445   506   761   996   817 
  388   296   459   857   687   269   845   776   493   721   592   449   856   329   486 
  291   688   339   617   234   367   992   229   808   243   850   474   718   434   629 
  468   521   339   322   237   404   229   832   979   865   963   496   210   688   981 
  914   221   224   211   480   231   365   475   407   237   427   787   855   572   523 
  358   763   352   446   501   572   435   645   632   656   472   501   373   251   458 
  310   557   879   388   555   729   683   410   892   352   446   675   419   504   529 
  893   861   491   691   387   646   541   421   242   682   210   567   363   236   489 
  662   225   514   800   751   926   736   506   523   543   315   910   536   380   736 
  559   747   528   733   647   338   712   771   520   447   848   816   877   993   493 
  222   273   406   401   505   922   656   574   618   605   778   418   736   264   503 
  993   929   914   386   566   342   240   832   267   872   905   825   641   949   947 
  358   299   211   690   959   673   682   539   320   871   452   890   224   226   657 

   72    65    51    40    22    31    36    47    50    51    70    20    27    25    56 
   66    55    75    16    69    57    50    31    76    66    40    60    66    17    23 
   22    39    48    26    69    49    63    30    57    63    49    24    24    68    25 
   54    49    70    61    35    58    35    61    75    17    22    48    46    57    17 
   19    50    64    21    59    69    72    21    29    72    46    35    68    55    50 
   35    47    39    41    66    24    61    56    65    22    65    20    59    68    35 
   68    55    51    21    66    70    19    43    70    41    53    70    47    53    27 
   63    38    76    52    27    23    24    61    17    34    73    28    75    38    40 
   64    64    62    36    24    62    33    48    60    16    42    37    56    35    73 
   48    67    59    39    64    26    35    77    73    70    47    49    63    76    67 
   37    39    66    38    42    39    66    17    63    35    35    23    59    32    47 
   68    45    45    46    25    68    30    50    48    69    58    44    16    63    74 
   68    33    16    35    73    77    40    46    25    76    38    18    75    68    37 
   77    69    52    38    41    43    35    50    34    52    19    20    44    66    68 
   70    51    61    61    64    37    56    23    57    71    28    19    56    16    32 
