15 15
21 20 19 19 18 17 17 14 13 10 8 8 7 4 3 
19 18 17 16 16 15 15 13 12 11 10 10 9 9 8 
  839   451   617   444   786   205   492   943   901   882   461   843   591   480   731 
  265   456   767   401   753   509   815   928   468   890   241   889   673   283   954 
  452   328   830   988   338   379   347   447   888   948   640   344   426   223   722 
  744   931   654   526   598   996   835   721   895   895   302   230   689   553   420 
  243   453   805   574   334   709   768   860   277   773   901   876   361   799   575 
  213   203   711   536   644   869   854   672   416   687   325   279   639   760   220 
  823   580   987   573   811   249   972   595   352   693   247   616   228   387   982 
  927   252   521   403   717   940   794   907   317   476   904   278   338   573   538 
  403   916   443   261   885   247   463   912   764   430   336   687   326   609   563 
  337   625   612   802   453   692   692   740   460   458   569   252   907   563   968 
  473   255   676   461   960   572   308   407   958   521   530   396   766   450   986 
  983   802   385   210   936   772   519   842   971   529   201   544   395   246   232 
  614   246   675   449   302   936   319   620   827   787   691   633   691   276   485 
  790   695   773   241   589   257   983   706   825   222   685   504   975   985   576 
  303   687   700   606   674   577   801   825   864   712   411   720   857   807   467 

   42    67    62    33    42    43    16    43    52    26    29    17    15    58    45 
   35    31    61    25    41    41    31    72    31    22    30    36    30    50    30 
   23    48    27    44    21    75    60    45    48    55    20    51    47    75    59 
   60    44    49    68    26    54    48    17    57    24    57    42    38    43    18 
   73    26    67    25    48    74    23    20    55    32    24    66    67    52    17 
   51    39    42    65    45    27    66    73    75    50    53    25    72    50    31 
   28    30    69    37    17    23    40    56    58    18    42    73    73    32    47 
   26    26    74    69    51    34    17    41    33    25    44    48    42    40    47 
   33    22    31    26    46    62    55    50    26    39    27    68    65    23    52 
   61    23    59    72    57    48    40    27    49    30    51    67    29    69    16 
   62    44    70    51    66    57    40    72    30    26    65    41    38    75    17 
   73    31    50    27    26    61    66    29    56    31    16    64    35    22    74 
   24    59    53    36    27    70    54    24    59    66    66    20    60    53    52 
   39    64    17    48    45    63    16    51    18    34    52    61    63    64    48 
   47    71    31    42    68    24    44    59    68    38    18    16    71    73    67 
