15 15
20 18 17 16 14 14 13 11 11 9 8 6 4 3 2 
20 20 19 19 17 14 13 10 10 9 7 3 3 1 1 
  333   837   805   660   938   553   645   416   399   796   592   541   646   963   688 
  340   222   566   625   990   284   463   404   212   712   583   681   253   704   560 
  426   362   686   854   670   968   712   384   766   363   970   255   735   672   378 
  784   922   737   496   633   550   694   324   432   773   650   405   508   226   661 
  233   716   682   412   947   765   402   993   545   248   793   780   778   765   754 
  608   958   557   335   654   261   834   887   215   528   597   918   383   769   772 
  442   824   968   837   236   258   782   749   791   636   349   971   965   617   788 
  603   339   749   401   809   465   343   981   744   225   455   211   385   478   963 
  566   653   419   544   323   850   827   352   254   580   625   998   439   579   322 
  827   763   846   379   297   321   865   852   454   521   341   752   315   687   421 
  291   341   561   627   445   821   911   282   595   744   627   436   692   381   729 
  701   703   362   869   570   563   454   332   453   635   440   344   800   258   696 
  469   933   798   869   318   771   409   658   948   657   478   286   366   893   584 
  686   734   961   346   972   868   852   980   421   448   499   953   952   714   500 
  931   500   873   948   437   499   601   760   601   256   647   705   216   631   734 

   43    62    79    33    44    80    55    48    68    57    66    58    18    25    82 
   70    38    31    66    63    44    19    88    58    53    86    86    53    22    19 
   66    35    56    77    27    76    42    44    34    81    23    23    87    42    69 
   85    75    21    85    74    87    63    64    70    25    49    60    58    87    62 
   24    57    25    45    82    24    81    36    31    66    54    61    66    77    32 
   27    79    44    53    70    42    58    67    26    46    60    40    89    55    22 
   86    87    31    63    82    78    69    72    28    85    35    65    52    56    80 
   37    56    50    78    47    35    74    18    23    27    68    32    75    86    47 
   85    30    40    36    22    56    55    83    71    65    52    68    41    71    70 
   25    55    43    64    38    65    61    71    75    87    49    24    53    28    88 
   78    44    86    25    87    71    84    19    87    45    35    27    82    84    72 
   76    44    36    22    56    67    26    70    87    35    77    68    34    80    26 
   74    39    44    22    33    57    40    30    50    46    68    60    88    18    87 
   52    44    38    89    47    42    76    42    86    18    20    51    48    35    56 
   34    68    32    46    45    29    80    71    39    74    78    47    69    42    32 
